UNITS=MM
#Layer_Color=9474304
#
#Feature symbol names
#
$0 r127

#
#Feature attribute names
#

#
#Layer features
#
L 0.60000134 5.14999986 0.90000074 5.14999986 0 P 0
L 0.60000134 6.6499994 0.90000074 6.6499994 0 P 0
L 0.60000134 8.14999894 0.90000074 8.14999894 0 P 0
L 0.60000134 9.65000102 0.90000074 9.65000102 0 P 0
L 0.60000134 11.15000056 0.90000074 11.15000056 0 P 0
L 0.60000134 12.6500001 0.90000074 12.6500001 0 P 0
L 0.60000134 14.14999964 0.90000074 14.14999964 0 P 0
L 0.60000134 15.64999918 0.90000074 15.64999918 0 P 0
L 0.60000134 17.15000126 0.90000074 17.15000126 0 P 0
L 0.75000104 5.00000016 0.75000104 5.29999956 0 P 0
L 0.75000104 6.4999997 0.75000104 6.7999991 0 P 0
L 0.75000104 7.99999924 0.75000104 8.29999864 0 P 0
L 0.75000104 9.50000132 0.75000104 9.80000072 0 P 0
L 0.75000104 11.00000086 0.75000104 11.30000026 0 P 0
L 0.75000104 12.5000004 0.75000104 12.7999998 0 P 0
L 0.75000104 13.99999994 0.75000104 14.29999934 0 P 0
L 0.75000104 15.49999948 0.75000104 15.79999888 0 P 0
L 0.75000104 17.00000156 0.75000104 17.30000096 0 P 0
L 1.60000188 2.50000008 3.39999828 2.50000008 0 P 0
L 1.85000646 5.14999986 2.15000586 5.14999986 0 P 0
L 1.85000646 6.6499994 2.15000586 6.6499994 0 P 0
L 1.85000646 8.14999894 2.15000586 8.14999894 0 P 0
L 1.85000646 9.64999848 2.15000586 9.64999848 0 P 0
L 1.85000646 11.14999802 2.15000586 11.14999802 0 P 0
L 1.85000646 12.64999756 2.15000586 12.64999756 0 P 0
L 1.85000646 14.1499971 2.15000586 14.1499971 0 P 0
L 1.85000646 15.64999664 2.15000586 15.64999664 0 P 0
L 1.85000646 17.14999618 2.15000586 17.14999618 0 P 0
L 2.00000616 5.00000016 2.00000616 5.29999956 0 P 0
L 2.00000616 6.4999997 2.00000616 6.7999991 0 P 0
L 2.00000616 7.99999924 2.00000616 8.29999864 0 P 0
L 2.00000616 9.49999878 2.00000616 9.79999818 0 P 0
L 2.00000616 10.99999832 2.00000616 11.29999772 0 P 0
L 2.00000616 12.49999786 2.00000616 12.79999726 0 P 0
L 2.00000616 13.9999974 2.00000616 14.2999968 0 P 0
L 2.00000616 15.49999694 2.00000616 15.79999634 0 P 0
L 2.00000616 16.99999648 2.00000616 17.29999588 0 P 0
L 2.50000008 1.60000188 2.50000008 3.39999828 0 P 0
L 3.350006 5.14999986 3.6500054 5.14999986 0 P 0
L 3.350006 6.6499994 3.6500054 6.6499994 0 P 0
L 3.350006 8.14999894 3.6500054 8.14999894 0 P 0
L 3.350006 9.64999848 3.6500054 9.64999848 0 P 0
L 3.350006 11.14999802 3.6500054 11.14999802 0 P 0
L 3.350006 12.64999756 3.6500054 12.64999756 0 P 0
L 3.350006 14.1499971 3.6500054 14.1499971 0 P 0
L 3.350006 15.64999664 3.6500054 15.64999664 0 P 0
L 3.350006 17.14999618 3.6500054 17.14999618 0 P 0
L 3.5000057 5.00000016 3.5000057 5.29999956 0 P 0
L 3.5000057 6.4999997 3.5000057 6.7999991 0 P 0
L 3.5000057 7.99999924 3.5000057 8.29999864 0 P 0
L 3.5000057 9.49999878 3.5000057 9.79999818 0 P 0
L 3.5000057 10.99999832 3.5000057 11.29999772 0 P 0
L 3.5000057 12.49999786 3.5000057 12.79999726 0 P 0
L 3.5000057 13.9999974 3.5000057 14.2999968 0 P 0
L 3.5000057 15.49999694 3.5000057 15.79999634 0 P 0
L 3.5000057 16.99999648 3.5000057 17.29999588 0 P 0
L 4.85000046 0.75000104 5.14999986 0.75000104 0 P 0
L 4.85000046 2.15000078 5.14999986 2.15000078 0 P 0
L 4.85000554 3.65000032 5.15000494 3.65000032 0 P 0
L 4.85000554 5.14999986 5.15000494 5.14999986 0 P 0
L 4.85000554 6.6499994 5.15000494 6.6499994 0 P 0
L 4.85000554 8.14999894 5.15000494 8.14999894 0 P 0
L 4.85000554 9.64999848 5.15000494 9.64999848 0 P 0
L 4.85000554 11.14999802 5.15000494 11.14999802 0 P 0
L 4.85000554 12.64999756 5.15000494 12.64999756 0 P 0
L 4.85000554 14.1499971 5.15000494 14.1499971 0 P 0
L 4.85000554 15.64999664 5.15000494 15.64999664 0 P 0
L 4.85000554 17.14999618 5.15000494 17.14999618 0 P 0
L 5.00000016 0.60000134 5.00000016 0.90000074 0 P 0
L 5.00000016 2.00000108 5.00000016 2.30000048 0 P 0
L 5.00000524 3.50000062 5.00000524 3.80000002 0 P 0
L 5.00000524 5.00000016 5.00000524 5.29999956 0 P 0
L 5.00000524 6.4999997 5.00000524 6.7999991 0 P 0
L 5.00000524 7.99999924 5.00000524 8.29999864 0 P 0
L 5.00000524 9.49999878 5.00000524 9.79999818 0 P 0
L 5.00000524 10.99999832 5.00000524 11.29999772 0 P 0
L 5.00000524 12.49999786 5.00000524 12.79999726 0 P 0
L 5.00000524 13.9999974 5.00000524 14.2999968 0 P 0
L 5.00000524 15.49999694 5.00000524 15.79999634 0 P 0
L 5.00000524 16.99999648 5.00000524 17.29999588 0 P 0
L 6.35 0.75000104 6.6499994 0.75000104 0 P 0
L 6.35000508 2.15000078 6.65000448 2.15000078 0 P 0
L 6.35000508 3.65000032 6.65000448 3.65000032 0 P 0
L 6.35000508 5.14999986 6.65000448 5.14999986 0 P 0
L 6.35000508 6.6499994 6.65000448 6.6499994 0 P 0
L 6.35000508 8.14999894 6.65000448 8.14999894 0 P 0
L 6.35000508 11.14999802 6.65000448 11.14999802 0 P 0
L 6.35000508 12.64999756 6.65000448 12.64999756 0 P 0
L 6.35000508 14.1499971 6.65000448 14.1499971 0 P 0
L 6.35000508 15.64999664 6.65000448 15.64999664 0 P 0
L 6.35000508 17.14999618 6.65000448 17.14999618 0 P 0
L 6.4999997 0.60000134 6.4999997 0.90000074 0 P 0
L 6.50000478 2.00000108 6.50000478 2.30000048 0 P 0
L 6.50000478 3.50000062 6.50000478 3.80000002 0 P 0
L 6.50000478 5.00000016 6.50000478 5.29999956 0 P 0
L 6.50000478 6.4999997 6.50000478 6.7999991 0 P 0
L 6.50000478 7.99999924 6.50000478 8.29999864 0 P 0
L 6.50000478 10.99999832 6.50000478 11.29999772 0 P 0
L 6.50000478 12.49999786 6.50000478 12.79999726 0 P 0
L 6.50000478 13.9999974 6.50000478 14.2999968 0 P 0
L 6.50000478 15.49999694 6.50000478 15.79999634 0 P 0
L 6.50000478 16.99999648 6.50000478 17.29999588 0 P 0
L 7.84999954 0.75000104 8.14999894 0.75000104 0 P 0
L 7.85000462 2.15000078 8.15000402 2.15000078 0 P 0
L 7.85000462 3.65000032 8.15000402 3.65000032 0 P 0
L 7.85000462 5.14999986 8.15000402 5.14999986 0 P 0
L 7.85000462 6.6499994 8.15000402 6.6499994 0 P 0
L 7.85000462 8.14999894 8.15000402 8.14999894 0 P 0
L 7.85000462 9.64999848 8.15000402 9.64999848 0 P 0
L 7.85000462 11.14999802 8.15000402 11.14999802 0 P 0
L 7.85000462 12.64999756 8.15000402 12.64999756 0 P 0
L 7.85000462 14.1499971 8.15000402 14.1499971 0 P 0
L 7.85000462 15.64999664 8.15000402 15.64999664 0 P 0
L 7.85000462 17.14999618 8.15000402 17.14999618 0 P 0
L 7.99999924 0.60000134 7.99999924 0.90000074 0 P 0
L 8.00000432 2.00000108 8.00000432 2.30000048 0 P 0
L 8.00000432 3.50000062 8.00000432 3.80000002 0 P 0
L 8.00000432 5.00000016 8.00000432 5.29999956 0 P 0
L 8.00000432 6.4999997 8.00000432 6.7999991 0 P 0
L 8.00000432 7.99999924 8.00000432 8.29999864 0 P 0
L 8.00000432 9.49999878 8.00000432 9.79999818 0 P 0
L 8.00000432 10.99999832 8.00000432 11.29999772 0 P 0
L 8.00000432 12.49999786 8.00000432 12.79999726 0 P 0
L 8.00000432 13.9999974 8.00000432 14.2999968 0 P 0
L 8.00000432 15.49999694 8.00000432 15.79999634 0 P 0
L 8.00000432 16.99999648 8.00000432 17.29999588 0 P 0
L 9.34999908 0.75000104 9.64999848 0.75000104 0 P 0
L 9.35000416 2.15000078 9.65000356 2.15000078 0 P 0
L 9.35000416 3.65000032 9.65000356 3.65000032 0 P 0
L 9.35000416 5.14999986 9.65000356 5.14999986 0 P 0
L 9.35000416 6.6499994 9.65000356 6.6499994 0 P 0
L 9.35000416 8.14999894 9.65000356 8.14999894 0 P 0
L 9.35000416 11.14999802 9.65000356 11.14999802 0 P 0
L 9.35000416 12.64999756 9.65000356 12.64999756 0 P 0
L 9.35000416 14.1499971 9.65000356 14.1499971 0 P 0
L 9.35000416 15.64999664 9.65000356 15.64999664 0 P 0
L 9.35000416 17.14999618 9.65000356 17.14999618 0 P 0
L 9.49999878 0.60000134 9.49999878 0.90000074 0 P 0
L 9.50000386 2.00000108 9.50000386 2.30000048 0 P 0
L 9.50000386 3.50000062 9.50000386 3.80000002 0 P 0
L 9.50000386 5.00000016 9.50000386 5.29999956 0 P 0
L 9.50000386 6.4999997 9.50000386 6.7999991 0 P 0
L 9.50000386 7.99999924 9.50000386 8.29999864 0 P 0
L 9.50000386 10.99999832 9.50000386 11.29999772 0 P 0
L 9.50000386 12.49999786 9.50000386 12.79999726 0 P 0
L 9.50000386 13.9999974 9.50000386 14.2999968 0 P 0
L 9.50000386 15.49999694 9.50000386 15.79999634 0 P 0
L 9.50000386 16.99999648 9.50000386 17.29999588 0 P 0
L 10.56000174 4.16999928 11.65999954 4.16999928 0 P 0
L 10.85000116 0.75000104 11.15000056 0.75000104 0 P 0
L 10.8500037 2.15000078 11.1500031 2.15000078 0 P 0
L 10.8500037 6.6499994 11.1500031 6.6499994 0 P 0
L 10.8500037 8.14999894 11.1500031 8.14999894 0 P 0
L 10.8500037 11.14999802 11.1500031 11.14999802 0 P 0
L 10.8500037 12.64999756 11.1500031 12.64999756 0 P 0
L 10.8500037 14.1499971 11.1500031 14.1499971 0 P 0
L 10.8500037 15.64999664 11.1500031 15.64999664 0 P 0
L 10.8500037 17.14999618 11.1500031 17.14999618 0 P 0
L 11.00000086 0.60000134 11.00000086 0.90000074 0 P 0
L 11.0000034 2.00000108 11.0000034 2.30000048 0 P 0
L 11.0000034 6.4999997 11.0000034 6.7999991 0 P 0
L 11.0000034 7.99999924 11.0000034 8.29999864 0 P 0
L 11.0000034 10.99999832 11.0000034 11.29999772 0 P 0
L 11.0000034 12.49999786 11.0000034 12.79999726 0 P 0
L 11.0000034 13.9999974 11.0000034 14.2999968 0 P 0
L 11.0000034 15.49999694 11.0000034 15.79999634 0 P 0
L 11.0000034 16.99999648 11.0000034 17.29999588 0 P 0
L 11.11000064 3.62000038 11.11000064 4.71999818 0 P 0
L 12.02500008 10.10000012 12.32499948 10.10000012 0 P 0
L 12.17499978 9.95000042 12.17499978 10.24999982 0 P 0
L 12.3500007 0.75000104 12.6500001 0.75000104 0 P 0
L 12.35000324 2.15000078 12.65000264 2.15000078 0 P 0
L 12.35000324 5.14999986 12.65000264 5.14999986 0 P 0
L 12.35000324 17.14999618 12.65000264 17.14999618 0 P 0
L 12.5000004 0.60000134 12.5000004 0.90000074 0 P 0
L 12.50000294 2.00000108 12.50000294 2.30000048 0 P 0
L 12.50000294 5.00000016 12.50000294 5.29999956 0 P 0
L 12.50000294 16.99999648 12.50000294 17.29999588 0 P 0
L 13.10000174 4.16999928 14.19999954 4.16999928 0 P 0
L 13.14800012 16.15000072 13.45199748 16.15000072 0 P 0
L 13.2999988 15.99800204 13.2999988 16.3019994 0 P 0
L 13.34800226 10.00000032 13.65199962 10.00000032 0 P 0
L 13.50000094 9.84800164 13.50000094 10.151999 0 P 0
L 13.59800176 6.1500004 13.90199912 6.1500004 0 P 0
L 13.65000064 3.62000038 13.65000064 4.71999818 0 P 0
L 13.75000044 5.99800172 13.75000044 6.30199908 0 P 0
L 13.85000024 0.75000104 14.14999964 0.75000104 0 P 0
L 13.85000278 2.15000078 14.15000218 2.15000078 0 P 0
L 13.85000278 17.14999618 14.15000218 17.14999618 0 P 0
L 13.99999994 0.60000134 13.99999994 0.90000074 0 P 0
L 14.00000248 2.00000108 14.00000248 2.30000048 0 P 0
L 14.00000248 16.99999648 14.00000248 17.29999588 0 P 0
L 14.34800026 13.2499989 14.65199762 13.2499989 0 P 0
L 14.49999894 13.09800022 14.49999894 13.40199758 0 P 0
L 14.67300088 11.27499904 14.97699824 11.27499904 0 P 0
L 14.72499976 8.45000088 15.02499916 8.45000088 0 P 0
L 14.72499976 15.05000038 15.02499916 15.05000038 0 P 0
L 14.72499976 16.15000072 15.02499916 16.15000072 0 P 0
L 14.72499976 17.12500004 15.02499916 17.12500004 0 P 0
L 14.82499956 11.12300036 14.82499956 11.42699772 0 P 0
L 14.87499946 7.10000104 15.17499886 7.10000104 0 P 0
L 14.87499946 8.30000118 14.87499946 8.60000058 0 P 0
L 14.87499946 14.90000068 14.87499946 15.20000008 0 P 0
L 14.87499946 16.00000102 14.87499946 16.30000042 0 P 0
L 14.87499946 16.97500034 14.87499946 17.27499974 0 P 0
L 15.02499916 6.95000134 15.02499916 7.25000074 0 P 0
L 15.34999978 0.75000104 15.64999918 0.75000104 0 P 0
L 15.35000232 2.15000078 15.65000172 2.15000078 0 P 0
L 15.49999948 0.60000134 15.49999948 0.90000074 0 P 0
L 15.50000202 2.00000108 15.50000202 2.30000048 0 P 0
L 15.64000174 4.16999928 16.73999954 4.16999928 0 P 0
L 16.19000064 3.62000038 16.19000064 4.71999818 0 P 0
L 16.2249993 6.32499878 16.5249987 6.32499878 0 P 0
L 16.2749992 9.24999928 16.5749986 9.24999928 0 P 0
L 16.374999 6.17499908 16.374999 6.47499848 0 P 0
L 16.4249989 9.09999958 16.4249989 9.39999898 0 P 0
L 16.84999932 0.75000104 17.14999872 0.75000104 0 P 0
L 16.85000186 2.15000078 17.15000126 2.15000078 0 P 0
L 16.99999902 0.60000134 16.99999902 0.90000074 0 P 0
L 17.00000156 2.00000108 17.00000156 2.30000048 0 P 0
L 17.02500024 15.60000182 17.32499964 15.60000182 0 P 0
L 17.02500024 16.70000216 17.32499964 16.70000216 0 P 0
L 17.10000136 10.05000022 17.40000076 10.05000022 0 P 0
L 17.17499994 15.45000212 17.17499994 15.75000152 0 P 0
L 17.17499994 16.55000246 17.17499994 16.85000186 0 P 0
L 17.25000106 9.90000052 17.25000106 10.19999992 0 P 0
L 17.34800188 5.00000016 17.65199924 5.00000016 0 P 0
L 17.50000056 4.84800148 17.50000056 5.15199884 0 P 0
L 17.52499924 17.15000126 17.82499864 17.15000126 0 P 0
L 17.67499894 17.00000156 17.67499894 17.30000096 0 P 0
L 18.18000174 4.16999928 19.27999954 4.16999928 0 P 0
L 18.3500014 2.15000078 18.6500008 2.15000078 0 P 0
L 18.3500014 11.14999802 18.6500008 11.14999802 0 P 0
L 18.3500014 12.64999756 18.6500008 12.64999756 0 P 0
L 18.3500014 14.1499971 18.6500008 14.1499971 0 P 0
L 18.3500014 15.64999664 18.6500008 15.64999664 0 P 0
L 18.5000011 2.00000108 18.5000011 2.30000048 0 P 0
L 18.5000011 10.99999832 18.5000011 11.29999772 0 P 0
L 18.5000011 12.49999786 18.5000011 12.79999726 0 P 0
L 18.5000011 13.9999974 18.5000011 14.2999968 0 P 0
L 18.5000011 15.49999694 18.5000011 15.79999634 0 P 0
L 18.5730007 6.6999993 18.87699806 6.6999993 0 P 0
L 18.72499938 6.54800062 18.72499938 6.85199798 0 P 0
L 18.73000064 3.62000038 18.73000064 4.71999818 0 P 0
L 18.87499908 17.15000126 19.17499848 17.15000126 0 P 0
L 19.02499878 17.00000156 19.02499878 17.30000096 0 P 0
L 19.85000094 2.15000078 20.15000034 2.15000078 0 P 0
L 19.85000094 11.14999802 20.15000034 11.14999802 0 P 0
L 19.85000094 12.64999756 20.15000034 12.64999756 0 P 0
L 19.85000094 14.1499971 20.15000034 14.1499971 0 P 0
L 19.85000094 15.64999664 20.15000034 15.64999664 0 P 0
L 19.85000094 17.14999618 20.15000034 17.14999618 0 P 0
L 20.00000064 2.00000108 20.00000064 2.30000048 0 P 0
L 20.00000064 10.99999832 20.00000064 11.29999772 0 P 0
L 20.00000064 12.49999786 20.00000064 12.79999726 0 P 0
L 20.00000064 13.9999974 20.00000064 14.2999968 0 P 0
L 20.00000064 15.49999694 20.00000064 15.79999634 0 P 0
L 20.00000064 16.99999648 20.00000064 17.29999588 0 P 0
L 20.44800076 5.7500012 20.75199812 5.7500012 0 P 0
L 20.59999944 5.59800252 20.59999944 5.90199988 0 P 0
L 20.72000174 4.16999928 21.81999954 4.16999928 0 P 0
L 20.82500026 17.15000126 21.12499966 17.15000126 0 P 0
L 20.97499996 17.00000156 20.97499996 17.30000096 0 P 0
L 21.27000064 3.62000038 21.27000064 4.71999818 0 P 0
L 21.3480015 11.15000056 21.65199886 11.15000056 0 P 0
L 21.35000048 2.15000078 21.64999988 2.15000078 0 P 0
L 21.35000048 6.6499994 21.64999988 6.6499994 0 P 0
L 21.35000048 12.64999756 21.64999988 12.64999756 0 P 0
L 21.35000048 14.1499971 21.64999988 14.1499971 0 P 0
L 21.35000048 15.64999664 21.64999988 15.64999664 0 P 0
L 21.50000018 2.00000108 21.50000018 2.30000048 0 P 0
L 21.50000018 6.4999997 21.50000018 6.7999991 0 P 0
L 21.50000018 10.99800188 21.50000018 11.30199924 0 P 0
L 21.50000018 12.49999786 21.50000018 12.79999726 0 P 0
L 21.50000018 13.9999974 21.50000018 14.2999968 0 P 0
L 21.50000018 15.49999694 21.50000018 15.79999634 0 P 0
L 22.07500284 10.10000012 22.37500224 10.10000012 0 P 0
L 22.1750001 17.15000126 22.4749995 17.15000126 0 P 0
L 22.22500254 9.95000042 22.22500254 10.24999982 0 P 0
L 22.3249998 17.00000156 22.3249998 17.30000096 0 P 0
L 22.34800204 5.00000016 22.6519994 5.00000016 0 P 0
L 22.35000102 16.20000062 22.65000042 16.20000062 0 P 0
L 22.50000072 4.84800148 22.50000072 5.15199884 0 P 0
L 22.50000072 16.05000092 22.50000072 16.35000032 0 P 0
L 22.85000002 0.75000104 23.14999942 0.75000104 0 P 0
L 22.85000002 2.15000078 23.14999942 2.15000078 0 P 0
L 22.99999972 0.60000134 22.99999972 0.90000074 0 P 0
L 22.99999972 2.00000108 22.99999972 2.30000048 0 P 0
L 23.14999942 7.74999974 23.44999882 7.74999974 0 P 0
L 23.26000174 4.16999928 24.35999954 4.16999928 0 P 0
L 23.29999912 7.60000004 23.29999912 7.89999944 0 P 0
L 23.42500014 9.24999928 23.72499954 9.24999928 0 P 0
L 23.57499984 9.09999958 23.57499984 9.39999898 0 P 0
L 23.81000064 3.62000038 23.81000064 4.71999818 0 P 0
L 24.24999976 7.74999974 24.54999916 7.74999974 0 P 0
L 24.34999956 0.75000104 24.64999896 0.75000104 0 P 0
L 24.34999956 2.15000078 24.64999896 2.15000078 0 P 0
L 24.34999956 6.6499994 24.64999896 6.6499994 0 P 0
L 24.39999946 7.60000004 24.39999946 7.89999944 0 P 0
L 24.49999926 0.60000134 24.49999926 0.90000074 0 P 0
L 24.49999926 2.00000108 24.49999926 2.30000048 0 P 0
L 24.49999926 6.4999997 24.49999926 6.7999991 0 P 0
L 24.9500009 17.15000126 25.2500003 17.15000126 0 P 0
L 24.97499958 8.45000088 25.27499898 8.45000088 0 P 0
L 25.09800162 5.14999986 25.40199898 5.14999986 0 P 0
L 25.1000006 17.00000156 25.1000006 17.30000096 0 P 0
L 25.12499928 8.30000118 25.12499928 8.60000058 0 P 0
L 25.22499908 12.8499997 25.52499848 12.8499997 0 P 0
L 25.2500003 4.99800118 25.2500003 5.30199854 0 P 0
L 25.37499878 12.7 25.37499878 12.9999994 0 P 0
L 25.47500112 14.37500046 25.77500052 14.37500046 0 P 0
L 25.62500082 14.22500076 25.62500082 14.52500016 0 P 0
L 25.80000174 4.16999928 26.89999954 4.16999928 0 P 0
L 25.84800012 10.15000002 26.15199748 10.15000002 0 P 0
L 25.8499991 0.75000104 26.1499985 0.75000104 0 P 0
L 25.8499991 2.15000078 26.1499985 2.15000078 0 P 0
L 25.8499991 6.6499994 26.1499985 6.6499994 0 P 0
L 25.8499991 8.14999894 26.1499985 8.14999894 0 P 0
L 25.8499991 11.14999802 26.1499985 11.14999802 0 P 0
L 25.8499991 17.15000126 26.1499985 17.15000126 0 P 0
L 25.9999988 0.60000134 25.9999988 0.90000074 0 P 0
L 25.9999988 2.00000108 25.9999988 2.30000048 0 P 0
L 25.9999988 6.4999997 25.9999988 6.7999991 0 P 0
L 25.9999988 7.99999924 25.9999988 8.29999864 0 P 0
L 25.9999988 9.99800134 25.9999988 10.3019987 0 P 0
L 25.9999988 10.99999832 25.9999988 11.29999772 0 P 0
L 25.9999988 17.00000156 25.9999988 17.30000096 0 P 0
L 26.35000064 3.62000038 26.35000064 4.71999818 0 P 0
L 27.3480022 10.15000002 27.65199956 10.15000002 0 P 0
L 27.34999864 2.15000078 27.64999804 2.15000078 0 P 0
L 27.34999864 5.14999986 27.64999804 5.14999986 0 P 0
L 27.34999864 6.6499994 27.64999804 6.6499994 0 P 0
L 27.34999864 8.14999894 27.64999804 8.14999894 0 P 0
L 27.34999864 11.14999802 27.64999804 11.14999802 0 P 0
L 27.34999864 12.64999756 27.64999804 12.64999756 0 P 0
L 27.35000118 0.75000104 27.65000058 0.75000104 0 P 0
L 27.35000118 17.15000126 27.65000058 17.15000126 0 P 0
L 27.49999834 2.00000108 27.49999834 2.30000048 0 P 0
L 27.49999834 5.00000016 27.49999834 5.29999956 0 P 0
L 27.49999834 6.4999997 27.49999834 6.7999991 0 P 0
L 27.49999834 7.99999924 27.49999834 8.29999864 0 P 0
L 27.49999834 10.99999832 27.49999834 11.29999772 0 P 0
L 27.49999834 12.49999786 27.49999834 12.79999726 0 P 0
L 27.50000088 0.60000134 27.50000088 0.90000074 0 P 0
L 27.50000088 9.99800134 27.50000088 10.3019987 0 P 0
L 27.50000088 17.00000156 27.50000088 17.30000096 0 P 0
L 28.34000174 4.16999928 29.43999954 4.16999928 0 P 0
L 28.84999818 2.15000078 29.14999758 2.15000078 0 P 0
L 28.84999818 6.6499994 29.14999758 6.6499994 0 P 0
L 28.84999818 8.14999894 29.14999758 8.14999894 0 P 0
L 28.84999818 11.14999802 29.14999758 11.14999802 0 P 0
L 28.84999818 12.64999756 29.14999758 12.64999756 0 P 0
L 28.85000072 0.75000104 29.15000012 0.75000104 0 P 0
L 28.85000072 17.15000126 29.15000012 17.15000126 0 P 0
L 28.89000064 3.62000038 28.89000064 4.71999818 0 P 0
L 28.99999788 2.00000108 28.99999788 2.30000048 0 P 0
L 28.99999788 6.4999997 28.99999788 6.7999991 0 P 0
L 28.99999788 7.99999924 28.99999788 8.29999864 0 P 0
L 28.99999788 10.99999832 28.99999788 11.29999772 0 P 0
L 28.99999788 12.49999786 28.99999788 12.79999726 0 P 0
L 29.00000042 0.60000134 29.00000042 0.90000074 0 P 0
L 29.00000042 17.00000156 29.00000042 17.30000096 0 P 0
L 30.34999772 2.15000078 30.64999712 2.15000078 0 P 0
L 30.34999772 3.65000032 30.64999712 3.65000032 0 P 0
L 30.34999772 5.14999986 30.64999712 5.14999986 0 P 0
L 30.34999772 6.6499994 30.64999712 6.6499994 0 P 0
L 30.34999772 8.14999894 30.64999712 8.14999894 0 P 0
L 30.34999772 11.14999802 30.64999712 11.14999802 0 P 0
L 30.34999772 12.64999756 30.64999712 12.64999756 0 P 0
L 30.35000026 0.75000104 30.64999966 0.75000104 0 P 0
L 30.35000026 17.15000126 30.64999966 17.15000126 0 P 0
L 30.49999742 2.00000108 30.49999742 2.30000048 0 P 0
L 30.49999742 3.50000062 30.49999742 3.80000002 0 P 0
L 30.49999742 5.00000016 30.49999742 5.29999956 0 P 0
L 30.49999742 6.4999997 30.49999742 6.7999991 0 P 0
L 30.49999742 7.99999924 30.49999742 8.29999864 0 P 0
L 30.49999742 10.99999832 30.49999742 11.29999772 0 P 0
L 30.49999742 12.49999786 30.49999742 12.79999726 0 P 0
L 30.49999996 0.60000134 30.49999996 0.90000074 0 P 0
L 30.49999996 17.00000156 30.49999996 17.30000096 0 P 0
L 31.3500008 13.70000054 31.6500002 13.70000054 0 P 0
L 31.5000005 13.55000084 31.5000005 13.85000024 0 P 0
L 31.84999726 2.15000078 32.14999666 2.15000078 0 P 0
L 31.84999726 3.65000032 32.14999666 3.65000032 0 P 0
L 31.84999726 5.14999986 32.14999666 5.14999986 0 P 0
L 31.84999726 6.6499994 32.14999666 6.6499994 0 P 0
L 31.84999726 8.14999894 32.14999666 8.14999894 0 P 0
L 31.84999726 9.64999848 32.14999666 9.64999848 0 P 0
L 31.84999726 11.14999802 32.14999666 11.14999802 0 P 0
L 31.8499998 0.75000104 32.1499992 0.75000104 0 P 0
L 31.8499998 17.15000126 32.1499992 17.15000126 0 P 0
L 31.99999696 2.00000108 31.99999696 2.30000048 0 P 0
L 31.99999696 3.50000062 31.99999696 3.80000002 0 P 0
L 31.99999696 5.00000016 31.99999696 5.29999956 0 P 0
L 31.99999696 6.4999997 31.99999696 6.7999991 0 P 0
L 31.99999696 7.99999924 31.99999696 8.29999864 0 P 0
L 31.99999696 9.49999878 31.99999696 9.79999818 0 P 0
L 31.99999696 10.99999832 31.99999696 11.29999772 0 P 0
L 31.9999995 0.60000134 31.9999995 0.90000074 0 P 0
L 31.9999995 17.00000156 31.9999995 17.30000096 0 P 0
L 32.97500136 14.80000088 33.27500076 14.80000088 0 P 0
L 33.12500106 14.65000118 33.12500106 14.95000058 0 P 0
L 33.34800036 14.14999964 33.65199772 14.14999964 0 P 0
L 33.3499968 2.15000078 33.6499962 2.15000078 0 P 0
L 33.3499968 3.65000032 33.6499962 3.65000032 0 P 0
L 33.3499968 5.14999986 33.6499962 5.14999986 0 P 0
L 33.3499968 6.6499994 33.6499962 6.6499994 0 P 0
L 33.3499968 8.14999894 33.6499962 8.14999894 0 P 0
L 33.3499968 11.14999802 33.6499962 11.14999802 0 P 0
L 33.3499968 12.64999756 33.6499962 12.64999756 0 P 0
L 33.34999934 0.75000104 33.64999874 0.75000104 0 P 0
L 33.34999934 17.15000126 33.64999874 17.15000126 0 P 0
L 33.4999965 2.00000108 33.4999965 2.30000048 0 P 0
L 33.4999965 3.50000062 33.4999965 3.80000002 0 P 0
L 33.4999965 5.00000016 33.4999965 5.29999956 0 P 0
L 33.4999965 6.4999997 33.4999965 6.7999991 0 P 0
L 33.4999965 7.99999924 33.4999965 8.29999864 0 P 0
L 33.4999965 10.99999832 33.4999965 11.29999772 0 P 0
L 33.4999965 12.49999786 33.4999965 12.79999726 0 P 0
L 33.49999904 0.60000134 33.49999904 0.90000074 0 P 0
L 33.49999904 13.99800096 33.49999904 14.30199832 0 P 0
L 33.49999904 17.00000156 33.49999904 17.30000096 0 P 0
L 34.6980002 11.87500038 35.00199756 11.87500038 0 P 0
L 34.6980002 13.45000104 35.00199756 13.45000104 0 P 0
L 34.84999634 3.65000032 35.14999574 3.65000032 0 P 0
L 34.84999634 5.14999986 35.14999574 5.14999986 0 P 0
L 34.84999634 6.6499994 35.14999574 6.6499994 0 P 0
L 34.84999634 8.14999894 35.14999574 8.14999894 0 P 0
L 34.84999634 9.64999848 35.14999574 9.64999848 0 P 0
L 34.84999888 11.7230017 34.84999888 12.02699906 0 P 0
L 34.84999888 13.29800236 34.84999888 13.60199972 0 P 0
L 34.85000142 0.75000104 35.15000082 0.75000104 0 P 0
L 34.85000142 2.15000078 35.15000082 2.15000078 0 P 0
L 34.85000142 17.15000126 35.15000082 17.15000126 0 P 0
L 34.99999604 3.50000062 34.99999604 3.80000002 0 P 0
L 34.99999604 5.00000016 34.99999604 5.29999956 0 P 0
L 34.99999604 6.4999997 34.99999604 6.7999991 0 P 0
L 34.99999604 7.99999924 34.99999604 8.29999864 0 P 0
L 34.99999604 9.49999878 34.99999604 9.79999818 0 P 0
L 35.00000112 0.60000134 35.00000112 0.90000074 0 P 0
L 35.00000112 2.00000108 35.00000112 2.30000048 0 P 0
L 35.00000112 17.00000156 35.00000112 17.30000096 0 P 0
L 35.84999942 14.72499976 36.14999882 14.72499976 0 P 0
L 35.92500054 11.54999976 36.22499994 11.54999976 0 P 0
L 35.97650158 6.45500106 36.97150086 6.45500106 0 P 0
L 35.99999912 14.57500006 35.99999912 14.87499946 0 P 0
L 36.07500024 11.40000006 36.07500024 11.69999946 0 P 0
L 36.34800198 15.49999948 36.65199934 15.49999948 0 P 0
L 36.34999588 5.14999986 36.64999528 5.14999986 0 P 0
L 36.34999588 12.64999756 36.64999528 12.64999756 0 P 0
L 36.35000096 17.15000126 36.65000036 17.15000126 0 P 0
L 36.47400122 5.95750142 36.47400122 6.9525007 0 P 0
L 36.49999558 5.00000016 36.49999558 5.29999956 0 P 0
L 36.49999558 12.49999786 36.49999558 12.79999726 0 P 0
L 36.50000066 15.3480008 36.50000066 15.65199816 0 P 0
L 36.50000066 17.00000156 36.50000066 17.30000096 0 P 0
L 36.600003 2.50000008 38.3999994 2.50000008 0 P 0
L 36.99250158 11.53500106 37.98750086 11.53500106 0 P 0
L 37.49000122 11.03750142 37.49000122 12.0325007 0 P 0
L 37.5000012 1.60000188 37.5000012 3.39999828 0 P 0
L 37.84999542 5.14999986 38.14999482 5.14999986 0 P 0
L 37.84999542 14.1499971 38.14999482 14.1499971 0 P 0
L 37.84999542 17.14999618 38.14999482 17.14999618 0 P 0
L 37.99999512 5.00000016 37.99999512 5.29999956 0 P 0
L 37.99999512 13.9999974 37.99999512 14.2999968 0 P 0
L 37.99999512 16.99999648 37.99999512 17.29999588 0 P 0
L 38.00850158 6.45500106 39.00350086 6.45500106 0 P 0
L 38.50600122 5.95750142 38.50600122 6.9525007 0 P 0
L 38.77499992 8.87499876 39.07499932 8.87499876 0 P 0
L 38.92499962 8.72499906 38.92499962 9.02499846 0 P 0
L 39.10000054 5.1500024 39.39999994 5.1500024 0 P 0
L 39.10000054 8.15000148 39.39999994 8.15000148 0 P 0
L 39.10000054 9.65000102 39.39999994 9.65000102 0 P 0
L 39.10000054 11.15000056 39.39999994 11.15000056 0 P 0
L 39.10000054 12.6500001 39.39999994 12.6500001 0 P 0
L 39.10000054 14.15000218 39.39999994 14.15000218 0 P 0
L 39.10000054 15.65000172 39.39999994 15.65000172 0 P 0
L 39.10000054 17.15000126 39.39999994 17.15000126 0 P 0
L 39.25000024 5.0000027 39.25000024 5.3000021 0 P 0
L 39.25000024 8.00000178 39.25000024 8.30000118 0 P 0
L 39.25000024 9.50000132 39.25000024 9.80000072 0 P 0
L 39.25000024 11.00000086 39.25000024 11.30000026 0 P 0
L 39.25000024 12.5000004 39.25000024 12.7999998 0 P 0
L 39.25000024 14.00000248 39.25000024 14.30000188 0 P 0
L 39.25000024 15.50000202 39.25000024 15.80000142 0 P 0
L 39.25000024 17.00000156 39.25000024 17.30000096 0 P 0
