UNITS=MM
#Layer_Color=9474304
#
#Feature symbol names
#
$0 r127

#
#Feature attribute names
#

#
#Layer features
#
L 0.60000134 0.75000104 0.90000074 0.75000104 0 P 0
L 0.60000134 4.75000066 0.90000074 4.75000066 0 P 0
L 0.60000134 6.2500002 0.90000074 6.2500002 0 P 0
L 0.60000134 7.74999974 0.90000074 7.74999974 0 P 0
L 0.60000134 9.24999928 0.90000074 9.24999928 0 P 0
L 0.60000134 10.74999882 0.90000074 10.74999882 0 P 0
L 0.60000134 12.2500009 0.90000074 12.2500009 0 P 0
L 0.60000134 13.75000044 0.90000074 13.75000044 0 P 0
L 0.60000134 15.24999998 0.90000074 15.24999998 0 P 0
L 0.60000134 16.74999952 0.90000074 16.74999952 0 P 0
L 0.60000134 18.24999906 0.90000074 18.24999906 0 P 0
L 0.60000134 19.75000114 0.90000074 19.75000114 0 P 0
L 0.60000134 21.25000068 0.90000074 21.25000068 0 P 0
L 0.75000104 0.60000134 0.75000104 0.90000074 0 P 0
L 0.75000104 4.60000096 0.75000104 4.90000036 0 P 0
L 0.75000104 6.1000005 0.75000104 6.3999999 0 P 0
L 0.75000104 7.60000004 0.75000104 7.89999944 0 P 0
L 0.75000104 9.09999958 0.75000104 9.39999898 0 P 0
L 0.75000104 10.59999912 0.75000104 10.89999852 0 P 0
L 0.75000104 12.1000012 0.75000104 12.4000006 0 P 0
L 0.75000104 13.60000074 0.75000104 13.90000014 0 P 0
L 0.75000104 15.10000028 0.75000104 15.39999968 0 P 0
L 0.75000104 16.59999982 0.75000104 16.89999922 0 P 0
L 0.75000104 18.09999936 0.75000104 18.39999876 0 P 0
L 0.75000104 19.60000144 0.75000104 19.90000084 0 P 0
L 0.75000104 21.10000098 0.75000104 21.40000038 0 P 0
L 1.60000188 2.50000008 3.39999828 2.50000008 0 P 0
L 1.85000138 4.7500032 2.15000078 4.7500032 0 P 0
L 1.85000138 6.25000274 2.15000078 6.25000274 0 P 0
L 1.85000138 7.75000228 2.15000078 7.75000228 0 P 0
L 1.85000138 9.25000182 2.15000078 9.25000182 0 P 0
L 1.85000138 10.75000136 2.15000078 10.75000136 0 P 0
L 1.85000138 12.2500009 2.15000078 12.2500009 0 P 0
L 1.85000138 13.75000044 2.15000078 13.75000044 0 P 0
L 1.85000138 15.24999998 2.15000078 15.24999998 0 P 0
L 1.85000138 16.74999952 2.15000078 16.74999952 0 P 0
L 1.85000138 18.24999906 2.15000078 18.24999906 0 P 0
L 1.85000138 19.7499986 2.15000078 19.7499986 0 P 0
L 1.85000138 21.24999814 2.15000078 21.24999814 0 P 0
L 2.00000108 4.6000035 2.00000108 4.9000029 0 P 0
L 2.00000108 6.10000304 2.00000108 6.40000244 0 P 0
L 2.00000108 7.60000258 2.00000108 7.90000198 0 P 0
L 2.00000108 9.10000212 2.00000108 9.40000152 0 P 0
L 2.00000108 10.60000166 2.00000108 10.90000106 0 P 0
L 2.00000108 12.1000012 2.00000108 12.4000006 0 P 0
L 2.00000108 13.60000074 2.00000108 13.90000014 0 P 0
L 2.00000108 15.10000028 2.00000108 15.39999968 0 P 0
L 2.00000108 16.59999982 2.00000108 16.89999922 0 P 0
L 2.00000108 18.09999936 2.00000108 18.39999876 0 P 0
L 2.00000108 19.5999989 2.00000108 19.8999983 0 P 0
L 2.00000108 21.09999844 2.00000108 21.39999784 0 P 0
L 2.50000008 1.60000188 2.50000008 3.39999828 0 P 0
L 3.35000092 4.7500032 3.65000032 4.7500032 0 P 0
L 3.35000092 6.25000274 3.65000032 6.25000274 0 P 0
L 3.35000092 7.75000228 3.65000032 7.75000228 0 P 0
L 3.35000092 9.25000182 3.65000032 9.25000182 0 P 0
L 3.35000092 10.75000136 3.65000032 10.75000136 0 P 0
L 3.35000092 12.2500009 3.65000032 12.2500009 0 P 0
L 3.35000092 13.75000044 3.65000032 13.75000044 0 P 0
L 3.35000092 15.24999998 3.65000032 15.24999998 0 P 0
L 3.35000092 16.74999952 3.65000032 16.74999952 0 P 0
L 3.35000092 18.24999906 3.65000032 18.24999906 0 P 0
L 3.35000092 19.7499986 3.65000032 19.7499986 0 P 0
L 3.35000092 21.24999814 3.65000032 21.24999814 0 P 0
L 3.50000062 4.6000035 3.50000062 4.9000029 0 P 0
L 3.50000062 6.10000304 3.50000062 6.40000244 0 P 0
L 3.50000062 7.60000258 3.50000062 7.90000198 0 P 0
L 3.50000062 9.10000212 3.50000062 9.40000152 0 P 0
L 3.50000062 10.60000166 3.50000062 10.90000106 0 P 0
L 3.50000062 12.1000012 3.50000062 12.4000006 0 P 0
L 3.50000062 13.60000074 3.50000062 13.90000014 0 P 0
L 3.50000062 15.10000028 3.50000062 15.39999968 0 P 0
L 3.50000062 16.59999982 3.50000062 16.89999922 0 P 0
L 3.50000062 18.09999936 3.50000062 18.39999876 0 P 0
L 3.50000062 19.5999989 3.50000062 19.8999983 0 P 0
L 3.50000062 21.09999844 3.50000062 21.39999784 0 P 0
L 4.85000046 0.75000104 5.14999986 0.75000104 0 P 0
L 4.85000046 1.74999904 5.14999986 1.74999904 0 P 0
L 4.85000046 3.25000366 5.14999986 3.25000366 0 P 0
L 4.85000046 4.7500032 5.14999986 4.7500032 0 P 0
L 4.85000046 6.25000274 5.14999986 6.25000274 0 P 0
L 4.85000046 7.75000228 5.14999986 7.75000228 0 P 0
L 4.85000046 9.25000182 5.14999986 9.25000182 0 P 0
L 4.85000046 10.75000136 5.14999986 10.75000136 0 P 0
L 4.85000046 12.2500009 5.14999986 12.2500009 0 P 0
L 4.85000046 13.75000044 5.14999986 13.75000044 0 P 0
L 4.85000046 15.24999998 5.14999986 15.24999998 0 P 0
L 4.85000046 16.74999952 5.14999986 16.74999952 0 P 0
L 4.85000046 18.24999906 5.14999986 18.24999906 0 P 0
L 4.85000046 19.7499986 5.14999986 19.7499986 0 P 0
L 4.85000046 21.24999814 5.14999986 21.24999814 0 P 0
L 5.00000016 0.60000134 5.00000016 0.90000074 0 P 0
L 5.00000016 1.59999934 5.00000016 1.89999874 0 P 0
L 5.00000016 3.10000396 5.00000016 3.40000336 0 P 0
L 5.00000016 4.6000035 5.00000016 4.9000029 0 P 0
L 5.00000016 6.10000304 5.00000016 6.40000244 0 P 0
L 5.00000016 7.60000258 5.00000016 7.90000198 0 P 0
L 5.00000016 9.10000212 5.00000016 9.40000152 0 P 0
L 5.00000016 10.60000166 5.00000016 10.90000106 0 P 0
L 5.00000016 12.1000012 5.00000016 12.4000006 0 P 0
L 5.00000016 13.60000074 5.00000016 13.90000014 0 P 0
L 5.00000016 15.10000028 5.00000016 15.39999968 0 P 0
L 5.00000016 16.59999982 5.00000016 16.89999922 0 P 0
L 5.00000016 18.09999936 5.00000016 18.39999876 0 P 0
L 5.00000016 19.5999989 5.00000016 19.8999983 0 P 0
L 5.00000016 21.09999844 5.00000016 21.39999784 0 P 0
L 6.35 0.75000104 6.6499994 0.75000104 0 P 0
L 6.35 1.74999904 6.6499994 1.74999904 0 P 0
L 6.35 3.25000366 6.6499994 3.25000366 0 P 0
L 6.35 4.7500032 6.6499994 4.7500032 0 P 0
L 6.35 6.25000274 6.6499994 6.25000274 0 P 0
L 6.35 7.75000228 6.6499994 7.75000228 0 P 0
L 6.35 12.2500009 6.6499994 12.2500009 0 P 0
L 6.35 13.75000044 6.6499994 13.75000044 0 P 0
L 6.35 15.24999998 6.6499994 15.24999998 0 P 0
L 6.35 16.74999952 6.6499994 16.74999952 0 P 0
L 6.35 18.24999906 6.6499994 18.24999906 0 P 0
L 6.35 19.7499986 6.6499994 19.7499986 0 P 0
L 6.35 21.24999814 6.6499994 21.24999814 0 P 0
L 6.4999997 0.60000134 6.4999997 0.90000074 0 P 0
L 6.4999997 1.59999934 6.4999997 1.89999874 0 P 0
L 6.4999997 3.10000396 6.4999997 3.40000336 0 P 0
L 6.4999997 4.6000035 6.4999997 4.9000029 0 P 0
L 6.4999997 6.10000304 6.4999997 6.40000244 0 P 0
L 6.4999997 7.60000258 6.4999997 7.90000198 0 P 0
L 6.4999997 12.1000012 6.4999997 12.4000006 0 P 0
L 6.4999997 13.60000074 6.4999997 13.90000014 0 P 0
L 6.4999997 15.10000028 6.4999997 15.39999968 0 P 0
L 6.4999997 16.59999982 6.4999997 16.89999922 0 P 0
L 6.4999997 18.09999936 6.4999997 18.39999876 0 P 0
L 6.4999997 19.5999989 6.4999997 19.8999983 0 P 0
L 6.4999997 21.09999844 6.4999997 21.39999784 0 P 0
L 7.84999954 0.75000104 8.14999894 0.75000104 0 P 0
L 7.84999954 1.74999904 8.14999894 1.74999904 0 P 0
L 7.84999954 3.25000366 8.14999894 3.25000366 0 P 0
L 7.84999954 4.7500032 8.14999894 4.7500032 0 P 0
L 7.84999954 6.25000274 8.14999894 6.25000274 0 P 0
L 7.84999954 7.75000228 8.14999894 7.75000228 0 P 0
L 7.84999954 9.25000182 8.14999894 9.25000182 0 P 0
L 7.84999954 10.75000136 8.14999894 10.75000136 0 P 0
L 7.84999954 12.2500009 8.14999894 12.2500009 0 P 0
L 7.84999954 13.75000044 8.14999894 13.75000044 0 P 0
L 7.84999954 18.24999906 8.14999894 18.24999906 0 P 0
L 7.84999954 19.7499986 8.14999894 19.7499986 0 P 0
L 7.84999954 21.24999814 8.14999894 21.24999814 0 P 0
L 7.99999924 0.60000134 7.99999924 0.90000074 0 P 0
L 7.99999924 1.59999934 7.99999924 1.89999874 0 P 0
L 7.99999924 3.10000396 7.99999924 3.40000336 0 P 0
L 7.99999924 4.6000035 7.99999924 4.9000029 0 P 0
L 7.99999924 6.10000304 7.99999924 6.40000244 0 P 0
L 7.99999924 7.60000258 7.99999924 7.90000198 0 P 0
L 7.99999924 9.10000212 7.99999924 9.40000152 0 P 0
L 7.99999924 10.60000166 7.99999924 10.90000106 0 P 0
L 7.99999924 12.1000012 7.99999924 12.4000006 0 P 0
L 7.99999924 13.60000074 7.99999924 13.90000014 0 P 0
L 7.99999924 18.09999936 7.99999924 18.39999876 0 P 0
L 7.99999924 19.5999989 7.99999924 19.8999983 0 P 0
L 7.99999924 21.09999844 7.99999924 21.39999784 0 P 0
L 8.85000008 16.79999942 9.14999948 16.79999942 0 P 0
L 8.99999978 16.64999972 8.99999978 16.94999912 0 P 0
L 9.34999908 0.75000104 9.64999848 0.75000104 0 P 0
L 9.34999908 1.74999904 9.64999848 1.74999904 0 P 0
L 9.34999908 3.25000366 9.64999848 3.25000366 0 P 0
L 9.34999908 4.7500032 9.64999848 4.7500032 0 P 0
L 9.34999908 6.25000274 9.64999848 6.25000274 0 P 0
L 9.34999908 7.75000228 9.64999848 7.75000228 0 P 0
L 9.34999908 12.2500009 9.64999848 12.2500009 0 P 0
L 9.34999908 13.75000044 9.64999848 13.75000044 0 P 0
L 9.34999908 18.24999906 9.64999848 18.24999906 0 P 0
L 9.34999908 19.7499986 9.64999848 19.7499986 0 P 0
L 9.34999908 21.24999814 9.64999848 21.24999814 0 P 0
L 9.49999878 0.60000134 9.49999878 0.90000074 0 P 0
L 9.49999878 1.59999934 9.49999878 1.89999874 0 P 0
L 9.49999878 3.10000396 9.49999878 3.40000336 0 P 0
L 9.49999878 4.6000035 9.49999878 4.9000029 0 P 0
L 9.49999878 6.10000304 9.49999878 6.40000244 0 P 0
L 9.49999878 7.60000258 9.49999878 7.90000198 0 P 0
L 9.49999878 12.1000012 9.49999878 12.4000006 0 P 0
L 9.49999878 13.60000074 9.49999878 13.90000014 0 P 0
L 9.49999878 18.09999936 9.49999878 18.39999876 0 P 0
L 9.49999878 19.5999989 9.49999878 19.8999983 0 P 0
L 9.49999878 21.09999844 9.49999878 21.39999784 0 P 0
L 10.56000174 4.16999928 11.65999954 4.16999928 0 P 0
L 10.84999862 6.25000274 11.14999802 6.25000274 0 P 0
L 10.84999862 7.75000228 11.14999802 7.75000228 0 P 0
L 10.84999862 12.2500009 11.14999802 12.2500009 0 P 0
L 10.84999862 13.75000044 11.14999802 13.75000044 0 P 0
L 10.84999862 18.24999906 11.14999802 18.24999906 0 P 0
L 10.84999862 19.7499986 11.14999802 19.7499986 0 P 0
L 10.84999862 21.24999814 11.14999802 21.24999814 0 P 0
L 10.85000116 0.75000104 11.15000056 0.75000104 0 P 0
L 10.85000116 1.74999904 11.15000056 1.74999904 0 P 0
L 10.99999832 6.10000304 10.99999832 6.40000244 0 P 0
L 10.99999832 7.60000258 10.99999832 7.90000198 0 P 0
L 10.99999832 12.1000012 10.99999832 12.4000006 0 P 0
L 10.99999832 13.60000074 10.99999832 13.90000014 0 P 0
L 10.99999832 18.09999936 10.99999832 18.39999876 0 P 0
L 10.99999832 19.5999989 10.99999832 19.8999983 0 P 0
L 10.99999832 21.09999844 10.99999832 21.39999784 0 P 0
L 11.00000086 0.60000134 11.00000086 0.90000074 0 P 0
L 11.00000086 1.59999934 11.00000086 1.89999874 0 P 0
L 11.11000064 3.62000038 11.11000064 4.71999818 0 P 0
L 11.84999916 9.29999918 12.14999856 9.29999918 0 P 0
L 11.99999886 9.14999948 11.99999886 9.44999888 0 P 0
L 12.34999816 3.25000366 12.64999756 3.25000366 0 P 0
L 12.34999816 4.7500032 12.64999756 4.7500032 0 P 0
L 12.34999816 6.25000274 12.64999756 6.25000274 0 P 0
L 12.34999816 7.75000228 12.64999756 7.75000228 0 P 0
L 12.34999816 13.75000044 12.64999756 13.75000044 0 P 0
L 12.34999816 18.24999906 12.64999756 18.24999906 0 P 0
L 12.34999816 19.7499986 12.64999756 19.7499986 0 P 0
L 12.34999816 21.24999814 12.64999756 21.24999814 0 P 0
L 12.3500007 0.75000104 12.6500001 0.75000104 0 P 0
L 12.3500007 1.74999904 12.6500001 1.74999904 0 P 0
L 12.49999786 3.10000396 12.49999786 3.40000336 0 P 0
L 12.49999786 4.6000035 12.49999786 4.9000029 0 P 0
L 12.49999786 6.10000304 12.49999786 6.40000244 0 P 0
L 12.49999786 7.60000258 12.49999786 7.90000198 0 P 0
L 12.49999786 13.60000074 12.49999786 13.90000014 0 P 0
L 12.49999786 18.09999936 12.49999786 18.39999876 0 P 0
L 12.49999786 19.5999989 12.49999786 19.8999983 0 P 0
L 12.49999786 21.09999844 12.49999786 21.39999784 0 P 0
L 12.5000004 0.60000134 12.5000004 0.90000074 0 P 0
L 12.5000004 1.59999934 12.5000004 1.89999874 0 P 0
L 13.10000174 4.16999928 14.19999954 4.16999928 0 P 0
L 13.35000124 10.39999952 13.65000064 10.39999952 0 P 0
L 13.50000094 10.24999982 13.50000094 10.54999922 0 P 0
L 13.65000064 3.62000038 13.65000064 4.71999818 0 P 0
L 13.8499977 13.75000044 14.1499971 13.75000044 0 P 0
L 13.8499977 18.24999906 14.1499971 18.24999906 0 P 0
L 13.8499977 19.7499986 14.1499971 19.7499986 0 P 0
L 13.8499977 21.24999814 14.1499971 21.24999814 0 P 0
L 13.85000024 0.75000104 14.14999964 0.75000104 0 P 0
L 13.85000024 1.74999904 14.14999964 1.74999904 0 P 0
L 13.9999974 13.60000074 13.9999974 13.90000014 0 P 0
L 13.9999974 18.09999936 13.9999974 18.39999876 0 P 0
L 13.9999974 19.5999989 13.9999974 19.8999983 0 P 0
L 13.9999974 21.09999844 13.9999974 21.39999784 0 P 0
L 13.99999994 0.60000134 13.99999994 0.90000074 0 P 0
L 13.99999994 1.59999934 13.99999994 1.89999874 0 P 0
L 14.62499996 8.19999884 14.92499936 8.19999884 0 P 0
L 14.77499966 3.25000112 15.07499906 3.25000112 0 P 0
L 14.77499966 8.04999914 14.77499966 8.34999854 0 P 0
L 14.92499936 3.10000142 14.92499936 3.40000082 0 P 0
L 15.34999724 6.25000274 15.64999664 6.25000274 0 P 0
L 15.34999978 0.75000104 15.64999918 0.75000104 0 P 0
L 15.34999978 1.74999904 15.64999918 1.74999904 0 P 0
L 15.44999958 7.40000044 15.74999898 7.40000044 0 P 0
L 15.49999694 6.10000304 15.49999694 6.40000244 0 P 0
L 15.49999948 0.60000134 15.49999948 0.90000074 0 P 0
L 15.49999948 1.59999934 15.49999948 1.89999874 0 P 0
L 15.59999928 7.25000074 15.59999928 7.55000014 0 P 0
L 15.64000174 4.16999928 16.73999954 4.16999928 0 P 0
L 16.19000064 3.62000038 16.19000064 4.71999818 0 P 0
L 16.72500084 6.67500062 17.02500024 6.67500062 0 P 0
L 16.84999932 0.75000104 17.14999872 0.75000104 0 P 0
L 16.84999932 1.74999904 17.14999872 1.74999904 0 P 0
L 16.87500054 6.52500092 16.87500054 6.82500032 0 P 0
L 16.99999902 0.60000134 16.99999902 0.90000074 0 P 0
L 16.99999902 1.59999934 16.99999902 1.89999874 0 P 0
L 17.30000096 3.25000112 17.60000036 3.25000112 0 P 0
L 17.45000066 3.10000142 17.45000066 3.40000082 0 P 0
L 18.18000174 4.16999928 19.27999954 4.16999928 0 P 0
L 18.3500014 2.00000108 18.6500008 2.00000108 0 P 0
L 18.4000013 18.07500068 18.7000007 18.07500068 0 P 0
L 18.47499988 12.6000002 18.77499928 12.6000002 0 P 0
L 18.47499988 15.90000122 18.77499928 15.90000122 0 P 0
L 18.5000011 1.85000138 18.5000011 2.15000078 0 P 0
L 18.550001 17.92500098 18.550001 18.22500038 0 P 0
L 18.62499958 12.4500005 18.62499958 12.7499999 0 P 0
L 18.62499958 15.75000152 18.62499958 16.05000092 0 P 0
L 18.73000064 3.62000038 18.73000064 4.71999818 0 P 0
L 19.0999999 18.07500068 19.3999993 18.07500068 0 P 0
L 19.2499996 17.92500098 19.2499996 18.22500038 0 P 0
L 19.2999995 11.77500058 19.5999989 11.77500058 0 P 0
L 19.4499992 11.62500088 19.4499992 11.92500028 0 P 0
L 19.84999586 3.25000366 20.14999526 3.25000366 0 P 0
L 19.84999586 4.7500032 20.14999526 4.7500032 0 P 0
L 19.84999586 6.25000274 20.14999526 6.25000274 0 P 0
L 19.85000094 2.00000108 20.15000034 2.00000108 0 P 0
L 19.85000094 15.90000122 20.15000034 15.90000122 0 P 0
L 19.99999556 3.10000396 19.99999556 3.40000336 0 P 0
L 19.99999556 4.6000035 19.99999556 4.9000029 0 P 0
L 19.99999556 6.10000304 19.99999556 6.40000244 0 P 0
L 20.00000064 1.85000138 20.00000064 2.15000078 0 P 0
L 20.00000064 15.75000152 20.00000064 16.05000092 0 P 0
L 20.39999984 11.77500058 20.69999924 11.77500058 0 P 0
L 20.54999954 11.62500088 20.54999954 11.92500028 0 P 0
L 20.59999944 18.07500068 20.89999884 18.07500068 0 P 0
L 20.72000174 4.16999928 21.81999954 4.16999928 0 P 0
L 20.74999914 17.92500098 20.74999914 18.22500038 0 P 0
L 21.22499946 12.6000002 21.52499886 12.6000002 0 P 0
L 21.22499946 15.90000122 21.52499886 15.90000122 0 P 0
L 21.25000068 14.04999984 21.55000008 14.04999984 0 P 0
L 21.25000068 14.80000088 21.55000008 14.80000088 0 P 0
L 21.27000064 3.62000038 21.27000064 4.71999818 0 P 0
L 21.30000058 18.07500068 21.59999998 18.07500068 0 P 0
L 21.35000302 2.00000108 21.65000242 2.00000108 0 P 0
L 21.37499916 12.4500005 21.37499916 12.7499999 0 P 0
L 21.37499916 15.75000152 21.37499916 16.05000092 0 P 0
L 21.40000038 13.90000014 21.40000038 14.19999954 0 P 0
L 21.40000038 14.65000118 21.40000038 14.95000058 0 P 0
L 21.45000028 17.92500098 21.45000028 18.22500038 0 P 0
L 21.50000272 1.85000138 21.50000272 2.15000078 0 P 0
L 22.35000102 6.2500002 22.65000042 6.2500002 0 P 0
L 22.3749997 3.25000112 22.6749991 3.25000112 0 P 0
L 22.50000072 6.1000005 22.50000072 6.3999999 0 P 0
L 22.5249994 3.10000142 22.5249994 3.40000082 0 P 0
L 22.85000256 0.75000104 23.15000196 0.75000104 0 P 0
L 22.85000256 1.74999904 23.15000196 1.74999904 0 P 0
L 23.00000226 0.60000134 23.00000226 0.90000074 0 P 0
L 23.00000226 1.59999934 23.00000226 1.89999874 0 P 0
L 23.26000174 4.16999928 24.35999954 4.16999928 0 P 0
L 23.81000064 3.62000038 23.81000064 4.71999818 0 P 0
L 24.19999986 5.34999946 24.49999926 5.34999946 0 P 0
L 24.24999976 7.42499912 24.54999916 7.42499912 0 P 0
L 24.34999956 5.19999976 24.34999956 5.49999916 0 P 0
L 24.3500021 0.75000104 24.6500015 0.75000104 0 P 0
L 24.3500021 1.74999904 24.6500015 1.74999904 0 P 0
L 24.39999946 7.27499942 24.39999946 7.57499882 0 P 0
L 24.5000018 0.60000134 24.5000018 0.90000074 0 P 0
L 24.5000018 1.59999934 24.5000018 1.89999874 0 P 0
L 24.9500009 3.25000112 25.2500003 3.25000112 0 P 0
L 25.02499948 8.19999884 25.32499888 8.19999884 0 P 0
L 25.1000006 3.10000142 25.1000006 3.40000082 0 P 0
L 25.17499918 8.04999914 25.17499918 8.34999854 0 P 0
L 25.2500003 12.04999876 25.5499997 12.04999876 0 P 0
L 25.2500003 13.1499991 25.5499997 13.1499991 0 P 0
L 25.4 11.89999906 25.4 12.19999846 0 P 0
L 25.4 12.9999994 25.4 13.2999988 0 P 0
L 25.80000174 4.16999928 26.89999954 4.16999928 0 P 0
L 25.84999402 6.25000274 26.14999342 6.25000274 0 P 0
L 25.84999402 7.75000228 26.14999342 7.75000228 0 P 0
L 25.84999402 13.75000044 26.14999342 13.75000044 0 P 0
L 25.84999402 18.24999906 26.14999342 18.24999906 0 P 0
L 25.84999402 19.7499986 26.14999342 19.7499986 0 P 0
L 25.84999402 21.24999814 26.14999342 21.24999814 0 P 0
L 25.8499991 14.85000078 26.1499985 14.85000078 0 P 0
L 25.8499991 16.97199806 26.1499985 16.97199806 0 P 0
L 25.85000164 0.75000104 26.15000104 0.75000104 0 P 0
L 25.85000164 1.74999904 26.15000104 1.74999904 0 P 0
L 25.99999372 6.10000304 25.99999372 6.40000244 0 P 0
L 25.99999372 7.60000258 25.99999372 7.90000198 0 P 0
L 25.99999372 13.60000074 25.99999372 13.90000014 0 P 0
L 25.99999372 18.09999936 25.99999372 18.39999876 0 P 0
L 25.99999372 19.5999989 25.99999372 19.8999983 0 P 0
L 25.99999372 21.09999844 25.99999372 21.39999784 0 P 0
L 25.9999988 14.70000108 25.9999988 15.00000048 0 P 0
L 25.9999988 16.82199836 25.9999988 17.12199776 0 P 0
L 26.00000134 0.60000134 26.00000134 0.90000074 0 P 0
L 26.00000134 1.59999934 26.00000134 1.89999874 0 P 0
L 26.35000064 3.62000038 26.35000064 4.71999818 0 P 0
L 27.34999356 3.25000366 27.64999296 3.25000366 0 P 0
L 27.34999356 4.7500032 27.64999296 4.7500032 0 P 0
L 27.34999356 6.25000274 27.64999296 6.25000274 0 P 0
L 27.34999356 7.75000228 27.64999296 7.75000228 0 P 0
L 27.34999356 9.25000182 27.64999296 9.25000182 0 P 0
L 27.34999356 10.75000136 27.64999296 10.75000136 0 P 0
L 27.34999356 12.2500009 27.64999296 12.2500009 0 P 0
L 27.34999356 13.75000044 27.64999296 13.75000044 0 P 0
L 27.34999356 18.24999906 27.64999296 18.24999906 0 P 0
L 27.34999356 19.7499986 27.64999296 19.7499986 0 P 0
L 27.34999356 21.24999814 27.64999296 21.24999814 0 P 0
L 27.35000118 0.75000104 27.65000058 0.75000104 0 P 0
L 27.35000118 1.74999904 27.65000058 1.74999904 0 P 0
L 27.35000118 14.85000078 27.65000058 14.85000078 0 P 0
L 27.35000118 16.97199806 27.65000058 16.97199806 0 P 0
L 27.49999326 3.10000396 27.49999326 3.40000336 0 P 0
L 27.49999326 4.6000035 27.49999326 4.9000029 0 P 0
L 27.49999326 6.10000304 27.49999326 6.40000244 0 P 0
L 27.49999326 7.60000258 27.49999326 7.90000198 0 P 0
L 27.49999326 9.10000212 27.49999326 9.40000152 0 P 0
L 27.49999326 10.60000166 27.49999326 10.90000106 0 P 0
L 27.49999326 12.1000012 27.49999326 12.4000006 0 P 0
L 27.49999326 13.60000074 27.49999326 13.90000014 0 P 0
L 27.49999326 18.09999936 27.49999326 18.39999876 0 P 0
L 27.49999326 19.5999989 27.49999326 19.8999983 0 P 0
L 27.49999326 21.09999844 27.49999326 21.39999784 0 P 0
L 27.50000088 0.60000134 27.50000088 0.90000074 0 P 0
L 27.50000088 1.59999934 27.50000088 1.89999874 0 P 0
L 27.50000088 14.70000108 27.50000088 15.00000048 0 P 0
L 27.50000088 16.82199836 27.50000088 17.12199776 0 P 0
L 28.34000174 4.16999928 29.43999954 4.16999928 0 P 0
L 28.575 8.99999978 28.8749994 8.99999978 0 P 0
L 28.575 15.90000122 28.8749994 15.90000122 0 P 0
L 28.7249997 8.85000008 28.7249997 9.14999948 0 P 0
L 28.7249997 15.75000152 28.7249997 16.05000092 0 P 0
L 28.8499931 6.25000274 29.1499925 6.25000274 0 P 0
L 28.8499931 7.75000228 29.1499925 7.75000228 0 P 0
L 28.8499931 18.24999906 29.1499925 18.24999906 0 P 0
L 28.8499931 19.7499986 29.1499925 19.7499986 0 P 0
L 28.8499931 21.24999814 29.1499925 21.24999814 0 P 0
L 28.85000072 16.97199806 29.15000012 16.97199806 0 P 0
L 28.85000326 0.75000104 29.15000266 0.75000104 0 P 0
L 28.85000326 1.74999904 29.15000266 1.74999904 0 P 0
L 28.89000064 3.62000038 28.89000064 4.71999818 0 P 0
L 28.9999928 6.10000304 28.9999928 6.40000244 0 P 0
L 28.9999928 7.60000258 28.9999928 7.90000198 0 P 0
L 28.9999928 18.09999936 28.9999928 18.39999876 0 P 0
L 28.9999928 19.5999989 28.9999928 19.8999983 0 P 0
L 28.9999928 21.09999844 28.9999928 21.39999784 0 P 0
L 29.00000042 16.82199836 29.00000042 17.12199776 0 P 0
L 29.00000296 0.60000134 29.00000296 0.90000074 0 P 0
L 29.00000296 1.59999934 29.00000296 1.89999874 0 P 0
L 30.34999264 3.25000366 30.64999204 3.25000366 0 P 0
L 30.34999264 4.7500032 30.64999204 4.7500032 0 P 0
L 30.34999264 6.25000274 30.64999204 6.25000274 0 P 0
L 30.34999264 7.75000228 30.64999204 7.75000228 0 P 0
L 30.34999264 12.2500009 30.64999204 12.2500009 0 P 0
L 30.34999264 13.75000044 30.64999204 13.75000044 0 P 0
L 30.34999264 15.24999998 30.64999204 15.24999998 0 P 0
L 30.34999264 16.74999952 30.64999204 16.74999952 0 P 0
L 30.34999264 18.24999906 30.64999204 18.24999906 0 P 0
L 30.34999264 19.7499986 30.64999204 19.7499986 0 P 0
L 30.34999264 21.24999814 30.64999204 21.24999814 0 P 0
L 30.3500028 0.75000104 30.6500022 0.75000104 0 P 0
L 30.3500028 1.74999904 30.6500022 1.74999904 0 P 0
L 30.49999234 3.10000396 30.49999234 3.40000336 0 P 0
L 30.49999234 4.6000035 30.49999234 4.9000029 0 P 0
L 30.49999234 6.10000304 30.49999234 6.40000244 0 P 0
L 30.49999234 7.60000258 30.49999234 7.90000198 0 P 0
L 30.49999234 12.1000012 30.49999234 12.4000006 0 P 0
L 30.49999234 13.60000074 30.49999234 13.90000014 0 P 0
L 30.49999234 15.10000028 30.49999234 15.39999968 0 P 0
L 30.49999234 16.59999982 30.49999234 16.89999922 0 P 0
L 30.49999234 18.09999936 30.49999234 18.39999876 0 P 0
L 30.49999234 19.5999989 30.49999234 19.8999983 0 P 0
L 30.49999234 21.09999844 30.49999234 21.39999784 0 P 0
L 30.5000025 0.60000134 30.5000025 0.90000074 0 P 0
L 30.5000025 1.59999934 30.5000025 1.89999874 0 P 0
L 31.84999218 3.25000366 32.14999158 3.25000366 0 P 0
L 31.84999218 4.7500032 32.14999158 4.7500032 0 P 0
L 31.84999218 6.25000274 32.14999158 6.25000274 0 P 0
L 31.84999218 7.75000228 32.14999158 7.75000228 0 P 0
L 31.84999218 9.25000182 32.14999158 9.25000182 0 P 0
L 31.84999218 10.75000136 32.14999158 10.75000136 0 P 0
L 31.84999218 12.2500009 32.14999158 12.2500009 0 P 0
L 31.84999218 13.75000044 32.14999158 13.75000044 0 P 0
L 31.84999218 15.24999998 32.14999158 15.24999998 0 P 0
L 31.84999218 16.74999952 32.14999158 16.74999952 0 P 0
L 31.84999218 18.24999906 32.14999158 18.24999906 0 P 0
L 31.84999218 19.7499986 32.14999158 19.7499986 0 P 0
L 31.84999218 21.24999814 32.14999158 21.24999814 0 P 0
L 31.85000234 0.75000104 32.15000174 0.75000104 0 P 0
L 31.85000234 1.74999904 32.15000174 1.74999904 0 P 0
L 31.99999188 3.10000396 31.99999188 3.40000336 0 P 0
L 31.99999188 4.6000035 31.99999188 4.9000029 0 P 0
L 31.99999188 6.10000304 31.99999188 6.40000244 0 P 0
L 31.99999188 7.60000258 31.99999188 7.90000198 0 P 0
L 31.99999188 9.10000212 31.99999188 9.40000152 0 P 0
L 31.99999188 10.60000166 31.99999188 10.90000106 0 P 0
L 31.99999188 12.1000012 31.99999188 12.4000006 0 P 0
L 31.99999188 13.60000074 31.99999188 13.90000014 0 P 0
L 31.99999188 15.10000028 31.99999188 15.39999968 0 P 0
L 31.99999188 16.59999982 31.99999188 16.89999922 0 P 0
L 31.99999188 18.09999936 31.99999188 18.39999876 0 P 0
L 31.99999188 19.5999989 31.99999188 19.8999983 0 P 0
L 31.99999188 21.09999844 31.99999188 21.39999784 0 P 0
L 32.00000204 0.60000134 32.00000204 0.90000074 0 P 0
L 32.00000204 1.59999934 32.00000204 1.89999874 0 P 0
L 33.34999172 3.25000366 33.64999112 3.25000366 0 P 0
L 33.34999172 4.7500032 33.64999112 4.7500032 0 P 0
L 33.34999172 6.25000274 33.64999112 6.25000274 0 P 0
L 33.34999172 7.75000228 33.64999112 7.75000228 0 P 0
L 33.34999172 12.2500009 33.64999112 12.2500009 0 P 0
L 33.34999172 13.75000044 33.64999112 13.75000044 0 P 0
L 33.34999172 15.24999998 33.64999112 15.24999998 0 P 0
L 33.34999172 16.74999952 33.64999112 16.74999952 0 P 0
L 33.34999172 18.24999906 33.64999112 18.24999906 0 P 0
L 33.34999172 19.7499986 33.64999112 19.7499986 0 P 0
L 33.34999172 21.24999814 33.64999112 21.24999814 0 P 0
L 33.35000188 0.75000104 33.65000128 0.75000104 0 P 0
L 33.35000188 1.74999904 33.65000128 1.74999904 0 P 0
L 33.49999142 3.10000396 33.49999142 3.40000336 0 P 0
L 33.49999142 4.6000035 33.49999142 4.9000029 0 P 0
L 33.49999142 6.10000304 33.49999142 6.40000244 0 P 0
L 33.49999142 7.60000258 33.49999142 7.90000198 0 P 0
L 33.49999142 12.1000012 33.49999142 12.4000006 0 P 0
L 33.49999142 13.60000074 33.49999142 13.90000014 0 P 0
L 33.49999142 15.10000028 33.49999142 15.39999968 0 P 0
L 33.49999142 16.59999982 33.49999142 16.89999922 0 P 0
L 33.49999142 18.09999936 33.49999142 18.39999876 0 P 0
L 33.49999142 19.5999989 33.49999142 19.8999983 0 P 0
L 33.49999142 21.09999844 33.49999142 21.39999784 0 P 0
L 33.50000158 0.60000134 33.50000158 0.90000074 0 P 0
L 33.50000158 1.59999934 33.50000158 1.89999874 0 P 0
L 34.84999126 3.25000366 35.14999066 3.25000366 0 P 0
L 34.84999126 4.7500032 35.14999066 4.7500032 0 P 0
L 34.84999126 6.25000274 35.14999066 6.25000274 0 P 0
L 34.84999126 7.75000228 35.14999066 7.75000228 0 P 0
L 34.84999126 10.75000136 35.14999066 10.75000136 0 P 0
L 34.84999126 12.2500009 35.14999066 12.2500009 0 P 0
L 34.84999126 13.75000044 35.14999066 13.75000044 0 P 0
L 34.84999126 15.24999998 35.14999066 15.24999998 0 P 0
L 34.84999126 16.74999952 35.14999066 16.74999952 0 P 0
L 34.84999126 18.24999906 35.14999066 18.24999906 0 P 0
L 34.84999126 19.7499986 35.14999066 19.7499986 0 P 0
L 34.84999126 21.24999814 35.14999066 21.24999814 0 P 0
L 34.85000142 0.75000104 35.15000082 0.75000104 0 P 0
L 34.85000142 1.74999904 35.15000082 1.74999904 0 P 0
L 34.99999096 3.10000396 34.99999096 3.40000336 0 P 0
L 34.99999096 4.6000035 34.99999096 4.9000029 0 P 0
L 34.99999096 6.10000304 34.99999096 6.40000244 0 P 0
L 34.99999096 7.60000258 34.99999096 7.90000198 0 P 0
L 34.99999096 10.60000166 34.99999096 10.90000106 0 P 0
L 34.99999096 12.1000012 34.99999096 12.4000006 0 P 0
L 34.99999096 13.60000074 34.99999096 13.90000014 0 P 0
L 34.99999096 15.10000028 34.99999096 15.39999968 0 P 0
L 34.99999096 16.59999982 34.99999096 16.89999922 0 P 0
L 34.99999096 18.09999936 34.99999096 18.39999876 0 P 0
L 34.99999096 19.5999989 34.99999096 19.8999983 0 P 0
L 34.99999096 21.09999844 34.99999096 21.39999784 0 P 0
L 35.00000112 0.60000134 35.00000112 0.90000074 0 P 0
L 35.00000112 1.59999934 35.00000112 1.89999874 0 P 0
L 35.35000042 9.24999928 35.64999982 9.24999928 0 P 0
L 35.35000042 17.55000046 35.64999982 17.55000046 0 P 0
L 35.50000012 9.09999958 35.50000012 9.39999898 0 P 0
L 35.50000012 17.40000076 35.50000012 17.70000016 0 P 0
L 35.97650158 6.45500106 36.97150086 6.45500106 0 P 0
L 36.3499908 4.7500032 36.6499902 4.7500032 0 P 0
L 36.3499908 12.2500009 36.6499902 12.2500009 0 P 0
L 36.3499908 13.75000044 36.6499902 13.75000044 0 P 0
L 36.3499908 15.24999998 36.6499902 15.24999998 0 P 0
L 36.3499908 16.74999952 36.6499902 16.74999952 0 P 0
L 36.3499908 18.24999906 36.6499902 18.24999906 0 P 0
L 36.3499908 19.7499986 36.6499902 19.7499986 0 P 0
L 36.3499908 21.24999814 36.6499902 21.24999814 0 P 0
L 36.35000096 11.12499934 36.65000036 11.12499934 0 P 0
L 36.47400122 5.95750142 36.47400122 6.9525007 0 P 0
L 36.4999905 4.6000035 36.4999905 4.9000029 0 P 0
L 36.4999905 12.1000012 36.4999905 12.4000006 0 P 0
L 36.4999905 13.60000074 36.4999905 13.90000014 0 P 0
L 36.4999905 15.10000028 36.4999905 15.39999968 0 P 0
L 36.4999905 16.59999982 36.4999905 16.89999922 0 P 0
L 36.4999905 18.09999936 36.4999905 18.39999876 0 P 0
L 36.4999905 19.5999989 36.4999905 19.8999983 0 P 0
L 36.4999905 21.09999844 36.4999905 21.39999784 0 P 0
L 36.50000066 10.97499964 36.50000066 11.27499904 0 P 0
L 36.600003 2.50000008 38.3999994 2.50000008 0 P 0
L 36.99250158 11.53500106 37.98750086 11.53500106 0 P 0
L 37.49000122 11.03750142 37.49000122 12.0325007 0 P 0
L 37.5000012 1.60000188 37.5000012 3.39999828 0 P 0
L 37.84999034 4.7500032 38.14998974 4.7500032 0 P 0
L 37.84999034 16.74999952 38.14998974 16.74999952 0 P 0
L 37.84999034 18.24999906 38.14998974 18.24999906 0 P 0
L 37.84999034 19.7499986 38.14998974 19.7499986 0 P 0
L 37.84999034 21.24999814 38.14998974 21.24999814 0 P 0
L 37.99999004 4.6000035 37.99999004 4.9000029 0 P 0
L 37.99999004 16.59999982 37.99999004 16.89999922 0 P 0
L 37.99999004 18.09999936 37.99999004 18.39999876 0 P 0
L 37.99999004 19.5999989 37.99999004 19.8999983 0 P 0
L 37.99999004 21.09999844 37.99999004 21.39999784 0 P 0
L 38.00850158 6.45500106 39.00350086 6.45500106 0 P 0
L 38.50600122 5.95750142 38.50600122 6.9525007 0 P 0
L 39.10000054 4.75000066 39.39999994 4.75000066 0 P 0
L 39.10000054 7.74999974 39.39999994 7.74999974 0 P 0
L 39.10000054 9.24999928 39.39999994 9.24999928 0 P 0
L 39.10000054 16.74999952 39.39999994 16.74999952 0 P 0
L 39.10000054 18.24999906 39.39999994 18.24999906 0 P 0
L 39.10000054 19.75000114 39.39999994 19.75000114 0 P 0
L 39.10000054 21.25000068 39.39999994 21.25000068 0 P 0
L 39.10300282 10.74999882 39.40300222 10.74999882 0 P 0
L 39.10300282 12.2500009 39.40300222 12.2500009 0 P 0
L 39.10300282 13.75000044 39.40300222 13.75000044 0 P 0
L 39.10300282 15.24999998 39.40300222 15.24999998 0 P 0
L 39.25000024 4.60000096 39.25000024 4.90000036 0 P 0
L 39.25000024 7.60000004 39.25000024 7.89999944 0 P 0
L 39.25000024 9.09999958 39.25000024 9.39999898 0 P 0
L 39.25000024 16.59999982 39.25000024 16.89999922 0 P 0
L 39.25000024 18.09999936 39.25000024 18.39999876 0 P 0
L 39.25000024 19.60000144 39.25000024 19.90000084 0 P 0
L 39.25000024 21.10000098 39.25000024 21.40000038 0 P 0
L 39.25300252 10.59999912 39.25300252 10.89999852 0 P 0
L 39.25300252 12.1000012 39.25300252 12.4000006 0 P 0
L 39.25300252 13.60000074 39.25300252 13.90000014 0 P 0
L 39.25300252 15.10000028 39.25300252 15.39999968 0 P 0
