UNITS=MM
#Layer_Color=32768
#
#Feature symbol names
#
$0 r49.9999
$1 r99.9998

#
#Feature attribute names
#

#
#Layer features
#
L 0.49000156 -6.02000066 0.49000156 5.2449984 0 P 0
L 0.49000156 -6.02000066 21.51000016 -6.02000066 0 P 0
L 0.49000156 5.2449984 21.51000016 5.2449984 0 P 0
L 1.20000014 13.62499942 1.20000014 16.40000022 0 P 0
L 1.20000014 13.62499942 5.8000011 13.62499942 0 P 0
L 1.20000014 16.40000022 5.8000011 16.40000022 0 P 0
L 2.74999958 16.59999982 2.74999958 17.39999822 0 P 0
L 2.74999958 16.59999982 4.20000176 16.59999982 0 P 0
L 2.74999958 17.39999822 4.20000176 17.39999822 0 P 0
L 3.00000162 15.00000048 3.99999962 15.00000048 0 P 0
L 3.20000122 16.99999902 3.82500124 16.99999902 0 P 0
L 3.50000062 14.50000148 3.50000062 15.49999948 0 P 0
L 3.50000062 16.67504158 3.50000062 17.27504038 0 P 0
L 3.62500164 26.37499932 3.62500164 30.37500148 0 P 0
L 3.62500164 26.37499932 5.5000017 26.37499932 0 P 0
L 3.62500164 30.37500148 5.5000017 30.37500148 0 P 0
L 4.04999952 28.3750004 5.05000006 28.3750004 0 P 0
L 4.10000196 19.1999997 4.10000196 20.80000158 0 P 0
L 4.10000196 19.1999997 4.9000029 19.1999997 0 P 0
L 4.10000196 20.80000158 4.9000029 20.80000158 0 P 0
L 4.20000176 16.59999982 4.20000176 17.39999822 0 P 0
L 4.20000176 20.00000064 4.80000056 20.00000064 0 P 0
L 4.50000116 19.70000124 4.50000116 20.30000004 0 P 0
L 4.55000106 27.87499886 4.55000106 28.8749994 0 P 0
L 4.9000029 19.1999997 4.9000029 20.80000158 0 P 0
L 4.9000029 19.1999997 4.9000029 20.80000158 0 P 0
L 4.9000029 19.1999997 5.70000384 19.1999997 0 P 0
L 4.9000029 20.80000158 5.70000384 20.80000158 0 P 0
L 5.0000027 20.00000064 5.6000015 20.00000064 0 P 0
L 5.3000021 19.70000124 5.3000021 20.30000004 0 P 0
L 5.5000017 26.37499932 5.5000017 30.37500148 0 P 0
L 5.6000015 25.2500003 5.6000015 39.94999884 0 P 0
L 5.6000015 25.2500003 16.40000022 25.2500003 0 P 0
L 5.6000015 39.94999884 16.40000022 39.94999884 0 P 0
L 5.70000384 19.1999997 5.70000384 20.80000158 0 P 0
L 5.8000011 13.62499942 5.8000011 16.40000022 0 P 0
L 6.09999796 18.87499654 6.09999796 21.07499722 0 P 0
L 6.09999796 18.87499654 7.3999979 18.87499654 0 P 0
L 6.09999796 21.07499722 7.3999979 21.07499722 0 P 0
L 6.24999766 19.97499688 7.2499982 19.97499688 1 P 0
L 6.7499992 19.47499788 6.7499992 20.47499588 1 P 0
L 7.3999979 18.87499654 7.3999979 21.07499722 0 P 0
L 7.79999964 19.1999997 7.79999964 20.80000158 0 P 0
L 7.79999964 19.1999997 8.60000058 19.1999997 0 P 0
L 7.79999964 20.80000158 8.60000058 20.80000158 0 P 0
L 7.89999944 20.00000064 8.49999824 20.00000064 0 P 0
L 8.19999884 19.70000124 8.19999884 20.30000004 0 P 0
L 8.30000118 23.97500158 8.30000118 24.97499958 0 P 0
L 8.30000118 23.97500158 10.19999992 23.97500158 0 P 0
L 8.30000118 24.97499958 10.19999992 24.97499958 0 P 0
L 8.60000058 19.1999997 8.60000058 20.80000158 0 P 0
L 8.60000058 19.1999997 8.60000058 20.80000158 0 P 0
L 8.60000058 19.1999997 9.40000152 19.1999997 0 P 0
L 8.60000058 20.80000158 9.40000152 20.80000158 0 P 0
L 8.70000038 20.00000064 9.29999918 20.00000064 0 P 0
L 8.94999988 24.47500058 9.55000122 24.47500058 0 P 0
L 8.99999978 19.70000124 8.99999978 20.30000004 0 P 0
L 9.24999928 24.17500118 9.24999928 24.77499998 0 P 0
L 9.40000152 19.1999997 9.40000152 20.80000158 0 P 0
L 9.40000152 19.1999997 9.40000152 20.80000158 0 P 0
L 9.40000152 19.1999997 10.20000246 19.1999997 0 P 0
L 9.40000152 20.80000158 10.20000246 20.80000158 0 P 0
L 9.50000132 13.2499989 9.50000132 15.64999918 0 P 0
L 9.50000132 13.2499989 12.5000004 13.2499989 0 P 0
L 9.50000132 15.64999918 12.5000004 15.64999918 0 P 0
L 9.50000132 20.00000064 10.10000012 20.00000064 0 P 0
L 9.80000072 19.70000124 9.80000072 20.30000004 0 P 0
L 10.19999992 19.1999997 10.19999992 20.80000158 0 P 0
L 10.19999992 19.1999997 11.00000086 19.1999997 0 P 0
L 10.19999992 20.80000158 11.00000086 20.80000158 0 P 0
L 10.19999992 23.97500158 10.19999992 24.97499958 0 P 0
L 10.20000246 19.1999997 10.20000246 20.80000158 0 P 0
L 10.29999972 20.00000064 10.89999852 20.00000064 0 P 0
L 10.50000186 1.44999964 11.49999986 1.44999964 0 P 0
L 10.50000186 14.44999904 11.49999986 14.44999904 0 P 0
L 10.59999912 19.70000124 10.59999912 20.30000004 0 P 0
L 10.60000166 33.09999984 11.59999966 33.09999984 0 P 0
L 11.00000086 0.95000064 11.00000086 1.94999864 0 P 0
L 11.00000086 13.95000004 11.00000086 14.94999804 0 P 0
L 11.00000086 19.1999997 11.00000086 20.80000158 0 P 0
L 11.00000086 19.1999997 11.00000086 20.80000158 0 P 0
L 11.00000086 19.1999997 11.8000018 19.1999997 0 P 0
L 11.00000086 20.80000158 11.8000018 20.80000158 0 P 0
L 11.10000066 20.00000064 11.69999946 20.00000064 0 P 0
L 11.10000066 32.60000084 11.10000066 33.59999884 0 P 0
L 11.40000006 19.70000124 11.40000006 20.30000004 0 P 0
L 11.8000018 19.1999997 11.8000018 20.80000158 0 P 0
L 11.8000018 19.1999997 11.8000018 20.80000158 0 P 0
L 11.8000018 19.1999997 12.60000274 19.1999997 0 P 0
L 11.8000018 20.80000158 12.60000274 20.80000158 0 P 0
L 11.9000016 20.00000064 12.5000004 20.00000064 0 P 0
L 12.200001 19.70000124 12.200001 20.30000004 0 P 0
L 12.5000004 13.2499989 12.5000004 15.64999918 0 P 0
L 12.6000002 19.1999997 12.6000002 20.80000158 0 P 0
L 12.6000002 19.1999997 13.40000114 19.1999997 0 P 0
L 12.6000002 20.80000158 13.40000114 20.80000158 0 P 0
L 12.60000274 19.1999997 12.60000274 20.80000158 0 P 0
L 12.7 20.00000064 13.2999988 20.00000064 0 P 0
L 12.9999994 19.70000124 12.9999994 20.30000004 0 P 0
L 13.40000114 19.1999997 13.40000114 20.80000158 0 P 0
L 13.40000114 19.1999997 13.40000114 20.80000158 0 P 0
L 13.40000114 19.1999997 14.20000208 19.1999997 0 P 0
L 13.40000114 20.80000158 14.20000208 20.80000158 0 P 0
L 13.50000094 20.00000064 14.09999974 20.00000064 0 P 0
L 13.80000034 19.70000124 13.80000034 20.30000004 0 P 0
L 14.20000208 19.1999997 14.20000208 20.80000158 0 P 0
L 14.59999874 18.87499654 14.59999874 21.07499722 0 P 0
L 14.59999874 18.87499654 15.89999868 18.87499654 0 P 0
L 14.59999874 21.07499722 15.89999868 21.07499722 0 P 0
L 14.74999844 19.97499688 15.74999898 19.97499688 1 P 0
L 15.24999998 19.47499788 15.24999998 20.47499588 1 P 0
L 15.89999868 18.87499654 15.89999868 21.07499722 0 P 0
L 16.20000062 13.60000074 16.20000062 16.37500154 0 P 0
L 16.20000062 13.60000074 20.80000158 13.60000074 0 P 0
L 16.20000062 16.37500154 20.80000158 16.37500154 0 P 0
L 16.30000042 19.1999997 16.30000042 20.80000158 0 P 0
L 16.30000042 19.1999997 17.10000136 19.1999997 0 P 0
L 16.30000042 20.80000158 17.10000136 20.80000158 0 P 0
L 16.40000022 20.00000064 16.99999902 20.00000064 0 P 0
L 16.40000022 25.2500003 16.40000022 39.94999884 0 P 0
L 16.69999962 19.70000124 16.69999962 20.30000004 0 P 0
L 17.10000136 19.1999997 17.10000136 20.80000158 0 P 0
L 17.10000136 19.1999997 17.10000136 20.80000158 0 P 0
L 17.10000136 19.1999997 17.9000023 19.1999997 0 P 0
L 17.10000136 20.80000158 17.9000023 20.80000158 0 P 0
L 17.20000116 20.00000064 17.79999996 20.00000064 0 P 0
L 17.50000056 19.70000124 17.50000056 20.30000004 0 P 0
L 17.79999996 16.59999982 17.79999996 17.39999822 0 P 0
L 17.79999996 16.59999982 19.25000214 16.59999982 0 P 0
L 17.79999996 17.39999822 19.25000214 17.39999822 0 P 0
L 17.89999976 19.1999997 17.89999976 20.80000158 0 P 0
L 17.89999976 19.1999997 18.7000007 19.1999997 0 P 0
L 17.89999976 20.80000158 18.7000007 20.80000158 0 P 0
L 17.9000023 19.1999997 17.9000023 20.80000158 0 P 0
L 17.99999956 20.00000064 18.59999836 20.00000064 0 P 0
L 18.0000021 15.00000048 19.0000001 15.00000048 0 P 0
L 18.17500048 16.99999902 18.8000005 16.99999902 0 P 0
L 18.29999896 19.70000124 18.29999896 20.30000004 0 P 0
L 18.5000011 14.50000148 18.5000011 15.49999948 0 P 0
L 18.5000011 16.72495766 18.5000011 17.32495646 0 P 0
L 18.7000007 19.1999997 18.7000007 20.80000158 0 P 0
L 18.7000007 19.1999997 18.7000007 20.80000158 0 P 0
L 18.7000007 19.1999997 19.50000164 19.1999997 0 P 0
L 18.7000007 20.80000158 19.50000164 20.80000158 0 P 0
L 18.8000005 20.00000064 19.3999993 20.00000064 0 P 0
L 19.0999999 19.70000124 19.0999999 20.30000004 0 P 0
L 19.25000214 16.59999982 19.25000214 17.39999822 0 P 0
L 19.50000164 19.1999997 19.50000164 20.80000158 0 P 0
L 19.50000164 19.1999997 19.50000164 20.80000158 0 P 0
L 19.50000164 19.1999997 20.30000258 19.1999997 0 P 0
L 19.50000164 20.80000158 20.30000258 20.80000158 0 P 0
L 19.60000144 20.00000064 20.20000024 20.00000064 0 P 0
L 19.90000084 19.70000124 19.90000084 20.30000004 0 P 0
L 20.30000258 19.1999997 20.30000258 20.80000158 0 P 0
L 20.30000258 19.1999997 20.30000258 20.80000158 0 P 0
L 20.30000258 19.1999997 21.10000352 19.1999997 0 P 0
L 20.30000258 20.80000158 21.10000352 20.80000158 0 P 0
L 20.40000238 20.00000064 21.00000118 20.00000064 0 P 0
L 20.70000178 19.70000124 20.70000178 20.30000004 0 P 0
L 20.80000158 13.60000074 20.80000158 16.37500154 0 P 0
L 21.10000352 19.1999997 21.10000352 20.80000158 0 P 0
L 21.51000016 -6.02000066 21.51000016 5.2449984 0 P 0
