UNITS=MM
#Layer_Color=9474304
#
#Feature symbol names
#
$0 r127

#
#Feature attribute names
#

#
#Layer features
#
L 1.10000034 20.32500126 1.39999974 20.32500126 0 P 0
L 1.10000034 21.25000068 1.39999974 21.25000068 0 P 0
L 1.10000034 22.75000276 1.39999974 22.75000276 0 P 0
L 1.10000034 24.2500023 1.39999974 24.2500023 0 P 0
L 1.10000034 25.75000184 1.39999974 25.75000184 0 P 0
L 1.10000034 27.25000138 1.39999974 27.25000138 0 P 0
L 1.10000034 28.75000092 1.39999974 28.75000092 0 P 0
L 1.10000034 30.25000046 1.39999974 30.25000046 0 P 0
L 1.10000034 31.75 1.39999974 31.75 0 P 0
L 1.10000034 33.24999954 1.39999974 33.24999954 0 P 0
L 1.10000034 34.74999908 1.39999974 34.74999908 0 P 0
L 1.10000034 36.24999862 1.39999974 36.24999862 0 P 0
L 1.10000034 37.74999816 1.39999974 37.74999816 0 P 0
L 1.10000034 39.2499977 1.39999974 39.2499977 0 P 0
L 1.25000004 20.17500156 1.25000004 20.47500096 0 P 0
L 1.25000004 21.10000098 1.25000004 21.40000038 0 P 0
L 1.25000004 22.60000306 1.25000004 22.90000246 0 P 0
L 1.25000004 24.1000026 1.25000004 24.400002 0 P 0
L 1.25000004 25.60000214 1.25000004 25.90000154 0 P 0
L 1.25000004 27.10000168 1.25000004 27.40000108 0 P 0
L 1.25000004 28.60000122 1.25000004 28.90000062 0 P 0
L 1.25000004 30.10000076 1.25000004 30.40000016 0 P 0
L 1.25000004 31.6000003 1.25000004 31.8999997 0 P 0
L 1.25000004 33.09999984 1.25000004 33.39999924 0 P 0
L 1.25000004 34.59999938 1.25000004 34.89999878 0 P 0
L 1.25000004 36.09999892 1.25000004 36.39999832 0 P 0
L 1.25000004 37.59999846 1.25000004 37.89999786 0 P 0
L 1.25000004 39.099998 1.25000004 39.3999974 0 P 0
L 1.56000196 4.21999918 2.65999976 4.21999918 0 P 0
L 2.11000086 3.67000028 2.11000086 4.76999808 0 P 0
L 2.30000048 10.00000032 4.70000076 10.00000032 0 P 0
L 2.59999988 20.32500126 2.89999928 20.32500126 0 P 0
L 2.59999988 21.25000068 2.89999928 21.25000068 0 P 0
L 2.59999988 22.75000276 2.89999928 22.75000276 0 P 0
L 2.59999988 24.2500023 2.89999928 24.2500023 0 P 0
L 2.59999988 25.75000184 2.89999928 25.75000184 0 P 0
L 2.59999988 27.25000138 2.89999928 27.25000138 0 P 0
L 2.59999988 28.75000092 2.89999928 28.75000092 0 P 0
L 2.59999988 30.25000046 2.89999928 30.25000046 0 P 0
L 2.59999988 31.75 2.89999928 31.75 0 P 0
L 2.59999988 33.24999954 2.89999928 33.24999954 0 P 0
L 2.59999988 34.74999908 2.89999928 34.74999908 0 P 0
L 2.59999988 36.24999862 2.89999928 36.24999862 0 P 0
L 2.59999988 37.74999816 2.89999928 37.74999816 0 P 0
L 2.59999988 39.2499977 2.89999928 39.2499977 0 P 0
L 2.74999958 20.17500156 2.74999958 20.47500096 0 P 0
L 2.74999958 21.10000098 2.74999958 21.40000038 0 P 0
L 2.74999958 22.60000306 2.74999958 22.90000246 0 P 0
L 2.74999958 24.1000026 2.74999958 24.400002 0 P 0
L 2.74999958 25.60000214 2.74999958 25.90000154 0 P 0
L 2.74999958 27.10000168 2.74999958 27.40000108 0 P 0
L 2.74999958 28.60000122 2.74999958 28.90000062 0 P 0
L 2.74999958 30.10000076 2.74999958 30.40000016 0 P 0
L 2.74999958 31.6000003 2.74999958 31.8999997 0 P 0
L 2.74999958 33.09999984 2.74999958 33.39999924 0 P 0
L 2.74999958 34.59999938 2.74999958 34.89999878 0 P 0
L 2.74999958 36.09999892 2.74999958 36.39999832 0 P 0
L 2.74999958 37.59999846 2.74999958 37.89999786 0 P 0
L 2.74999958 39.099998 2.74999958 39.3999974 0 P 0
L 3.50000062 8.80000018 3.50000062 11.20000046 0 P 0
L 3.99999962 28.3750004 4.29999902 28.3750004 0 P 0
L 4.09999942 22.75000276 4.39999882 22.75000276 0 P 0
L 4.09999942 24.2500023 4.39999882 24.2500023 0 P 0
L 4.09999942 25.75000184 4.39999882 25.75000184 0 P 0
L 4.09999942 31.75 4.39999882 31.75 0 P 0
L 4.09999942 33.24999954 4.39999882 33.24999954 0 P 0
L 4.09999942 34.74999908 4.39999882 34.74999908 0 P 0
L 4.09999942 36.24999862 4.39999882 36.24999862 0 P 0
L 4.09999942 37.74999816 4.39999882 37.74999816 0 P 0
L 4.09999942 39.2499977 4.39999882 39.2499977 0 P 0
L 4.10000196 4.21999918 5.19999976 4.21999918 0 P 0
L 4.14999932 28.2250007 4.14999932 28.5250001 0 P 0
L 4.24999912 22.60000306 4.24999912 22.90000246 0 P 0
L 4.24999912 24.1000026 4.24999912 24.400002 0 P 0
L 4.24999912 25.60000214 4.24999912 25.90000154 0 P 0
L 4.24999912 31.6000003 4.24999912 31.8999997 0 P 0
L 4.24999912 33.09999984 4.24999912 33.39999924 0 P 0
L 4.24999912 34.59999938 4.24999912 34.89999878 0 P 0
L 4.24999912 36.09999892 4.24999912 36.39999832 0 P 0
L 4.24999912 37.59999846 4.24999912 37.89999786 0 P 0
L 4.24999912 39.099998 4.24999912 39.3999974 0 P 0
L 4.65000086 3.67000028 4.65000086 4.76999808 0 P 0
L 5.14999986 21.00000118 5.44999926 21.00000118 0 P 0
L 5.29999956 20.85000148 5.29999956 21.15000088 0 P 0
L 5.59999896 22.75000276 5.89999836 22.75000276 0 P 0
L 5.59999896 24.2500023 5.89999836 24.2500023 0 P 0
L 5.59999896 31.75 5.89999836 31.75 0 P 0
L 5.59999896 36.24999862 5.89999836 36.24999862 0 P 0
L 5.59999896 37.74999816 5.89999836 37.74999816 0 P 0
L 5.59999896 39.2499977 5.89999836 39.2499977 0 P 0
L 5.6000015 28.3750004 5.9000009 28.3750004 0 P 0
L 5.6500014 33.35000188 5.9500008 33.35000188 0 P 0
L 5.6500014 34.45000222 5.9500008 34.45000222 0 P 0
L 5.67500008 26.37499932 5.97499948 26.37499932 0 P 0
L 5.74999866 22.60000306 5.74999866 22.90000246 0 P 0
L 5.74999866 24.1000026 5.74999866 24.400002 0 P 0
L 5.74999866 31.6000003 5.74999866 31.8999997 0 P 0
L 5.74999866 36.09999892 5.74999866 36.39999832 0 P 0
L 5.74999866 37.59999846 5.74999866 37.89999786 0 P 0
L 5.74999866 39.099998 5.74999866 39.3999974 0 P 0
L 5.7500012 28.2250007 5.7500012 28.5250001 0 P 0
L 5.8000011 33.20000218 5.8000011 33.50000158 0 P 0
L 5.8000011 34.30000252 5.8000011 34.60000192 0 P 0
L 5.82499978 26.22499962 5.82499978 26.52499902 0 P 0
L 5.850001 6.0000007 6.1500004 6.0000007 0 P 0
L 5.9500008 21.42499906 6.2500002 21.42499906 0 P 0
L 6.0000007 5.850001 6.0000007 6.1500004 0 P 0
L 6.1000005 21.27499936 6.1000005 21.57499876 0 P 0
L 6.4499998 25.62500082 6.7499992 25.62500082 0 P 0
L 6.5999995 18.62499958 6.8999989 18.62499958 0 P 0
L 6.5999995 21.42499906 6.8999989 21.42499906 0 P 0
L 6.5999995 25.47500112 6.5999995 25.77500052 0 P 0
L 6.64000196 4.21999918 7.73999976 4.21999918 0 P 0
L 6.7499992 18.47499988 6.7499992 18.77499928 0 P 0
L 6.7499992 21.27499936 6.7499992 21.57499876 0 P 0
L 7.0999985 22.75000276 7.3999979 22.75000276 0 P 0
L 7.19000086 3.67000028 7.19000086 4.76999808 0 P 0
L 7.2499982 22.60000306 7.2499982 22.90000246 0 P 0
L 7.25000074 21.42499906 7.55000014 21.42499906 0 P 0
L 7.32499932 18.22500038 7.62499872 18.22500038 0 P 0
L 7.40000044 21.27499936 7.40000044 21.57499876 0 P 0
L 7.47499902 18.07500068 7.47499902 18.37500008 0 P 0
L 7.52836696 24.47500058 7.82836636 24.47500058 0 P 0
L 7.67836666 24.32500088 7.67836666 24.62500028 0 P 0
L 7.96250122 10.0100003 8.9575005 10.0100003 0 P 0
L 8.04999914 21.12499966 8.34999854 21.12499966 0 P 0
L 8.19999884 20.97499996 8.19999884 21.27499936 0 P 0
L 8.46000086 9.51250066 8.46000086 10.50749994 0 P 0
L 8.5969983 28.40000162 8.8969977 28.40000162 0 P 0
L 8.59999804 22.75000276 8.89999744 22.75000276 0 P 0
L 8.746998 28.25000192 8.746998 28.55000132 0 P 0
L 8.74999774 22.60000306 8.74999774 22.90000246 0 P 0
L 9.09999958 15.00000048 9.39999898 15.00000048 0 P 0
L 9.14699974 23.65000096 9.44699914 23.65000096 0 P 0
L 9.18000196 4.21999918 10.27999976 4.21999918 0 P 0
L 9.24999928 14.85000078 9.24999928 15.15000018 0 P 0
L 9.29699944 23.50000126 9.29699944 23.80000066 0 P 0
L 9.40000152 36.07500024 9.70000092 36.07500024 0 P 0
L 9.4750001 31.7000001 9.7749995 31.7000001 0 P 0
L 9.4750001 32.7999979 9.7749995 32.7999979 0 P 0
L 9.4750001 33.92499946 9.7749995 33.92499946 0 P 0
L 9.4750001 34.99999858 9.7749995 34.99999858 0 P 0
L 9.55000122 35.92500054 9.55000122 36.22499994 0 P 0
L 9.5749999 8.19999884 9.8749993 8.19999884 0 P 0
L 9.6249998 31.5500004 9.6249998 31.8499998 0 P 0
L 9.6249998 32.6499982 9.6249998 32.9499976 0 P 0
L 9.6249998 33.77499976 9.6249998 34.07499916 0 P 0
L 9.6249998 34.84999888 9.6249998 35.14999828 0 P 0
L 9.65000102 21.12499966 9.95000042 21.12499966 0 P 0
L 9.7249996 8.04999914 9.7249996 8.34999854 0 P 0
L 9.73000086 3.67000028 9.73000086 4.76999808 0 P 0
L 9.80000072 20.97499996 9.80000072 21.27499936 0 P 0
L 10.10000012 11.99999886 10.39999952 11.99999886 0 P 0
L 10.10000012 36.07500024 10.39999952 36.07500024 0 P 0
L 10.24999982 11.84999916 10.24999982 12.14999856 0 P 0
L 10.24999982 35.92500054 10.24999982 36.22499994 0 P 0
L 10.29999972 22.6249992 10.59999912 22.6249992 0 P 0
L 10.29999972 29.82500004 10.59999912 29.82500004 0 P 0
L 10.29999972 33.92499946 10.59999912 33.92499946 0 P 0
L 10.44999942 18.87499908 10.74999882 18.87499908 0 P 0
L 10.44999942 22.4749995 10.44999942 22.7749989 0 P 0
L 10.44999942 29.67500034 10.44999942 29.97499974 0 P 0
L 10.44999942 33.77499976 10.44999942 34.07499916 0 P 0
L 10.59999912 18.72499938 10.59999912 19.02499878 0 P 0
L 11.25000036 17.97500088 11.54999976 17.97500088 0 P 0
L 11.40000006 17.82500118 11.40000006 18.12500058 0 P 0
L 11.40000006 29.82500004 11.69999946 29.82500004 0 P 0
L 11.40000006 33.92499946 11.69999946 33.92499946 0 P 0
L 11.47500118 23.12500074 11.77500058 23.12500074 0 P 0
L 11.49999986 17.12500004 11.79999926 17.12500004 0 P 0
L 11.52500108 11.37499884 11.82500048 11.37499884 0 P 0
L 11.54999976 29.67500034 11.54999976 29.97499974 0 P 0
L 11.54999976 33.77499976 11.54999976 34.07499916 0 P 0
L 11.59999712 24.2500023 11.89999652 24.2500023 0 P 0
L 11.6000022 36.07500024 11.9000016 36.07500024 0 P 0
L 11.62500088 22.97500104 11.62500088 23.27500044 0 P 0
L 11.64999956 16.97500034 11.64999956 17.27499974 0 P 0
L 11.67500078 11.22499914 11.67500078 11.52499854 0 P 0
L 11.72000196 4.21999918 12.81999976 4.21999918 0 P 0
L 11.72500068 25.2500003 12.02500008 25.2500003 0 P 0
L 11.74999682 24.1000026 11.74999682 24.400002 0 P 0
L 11.7500019 35.92500054 11.7500019 36.22499994 0 P 0
L 11.87500038 25.1000006 11.87500038 25.4 0 P 0
L 12.22499968 31.7000001 12.52499908 31.7000001 0 P 0
L 12.22499968 32.7999979 12.52499908 32.7999979 0 P 0
L 12.22499968 33.92499946 12.52499908 33.92499946 0 P 0
L 12.22499968 34.99999858 12.52499908 34.99999858 0 P 0
L 12.27000086 3.67000028 12.27000086 4.76999808 0 P 0
L 12.3000008 36.07500024 12.6000002 36.07500024 0 P 0
L 12.37499938 31.5500004 12.37499938 31.8499998 0 P 0
L 12.37499938 32.6499982 12.37499938 32.9499976 0 P 0
L 12.37499938 33.77499976 12.37499938 34.07499916 0 P 0
L 12.37499938 34.84999888 12.37499938 35.14999828 0 P 0
L 12.4500005 35.92500054 12.4500005 36.22499994 0 P 0
L 13.04250122 8.9940003 14.0375005 8.9940003 0 P 0
L 13.04250122 11.0260003 14.0375005 11.0260003 0 P 0
L 13.0499993 24.24999976 13.3499987 24.24999976 0 P 0
L 13.0499993 25.2500003 13.3499987 25.2500003 0 P 0
L 13.199999 24.10000006 13.199999 24.39999946 0 P 0
L 13.199999 25.1000006 13.199999 25.4 0 P 0
L 13.54000086 8.49650066 13.54000086 9.49149994 0 P 0
L 13.54000086 10.52850066 13.54000086 11.52349994 0 P 0
L 13.85000024 10.00000032 14.14999964 10.00000032 0 P 0
L 13.99999994 9.85000062 13.99999994 10.15000002 0 P 0
L 14.26000196 4.21999918 15.35999976 4.21999918 0 P 0
L 14.47500026 21.42499906 14.77499966 21.42499906 0 P 0
L 14.4796891 6.87969668 14.7796885 6.87969668 0 P 0
L 14.62499996 21.27499936 14.62499996 21.57499876 0 P 0
L 14.6296888 6.72969698 14.6296888 7.02969638 0 P 0
L 14.72499976 24.00000026 15.02499916 24.00000026 0 P 0
L 14.81000086 3.67000028 14.81000086 4.76999808 0 P 0
L 14.87499946 23.85000056 14.87499946 24.14999996 0 P 0
L 15.10000028 21.42499906 15.39999968 21.42499906 0 P 0
L 15.24999998 21.27499936 15.24999998 21.57499876 0 P 0
L 15.24999998 25.4499999 15.54999938 25.4499999 0 P 0
L 15.39999968 25.3000002 15.39999968 25.5999996 0 P 0
L 15.7250003 21.42499906 16.0249997 21.42499906 0 P 0
L 15.875 21.27499936 15.875 21.57499876 0 P 0
L 16.00000102 26.20000094 16.30000042 26.20000094 0 P 0
L 16.09999574 22.75000276 16.39999514 22.75000276 0 P 0
L 16.09999574 27.25000138 16.39999514 27.25000138 0 P 0
L 16.09999574 30.25000046 16.39999514 30.25000046 0 P 0
L 16.09999574 31.75 16.39999514 31.75 0 P 0
L 16.09999574 36.24999862 16.39999514 36.24999862 0 P 0
L 16.09999574 37.74999816 16.39999514 37.74999816 0 P 0
L 16.09999574 39.2499977 16.39999514 39.2499977 0 P 0
L 16.10000082 29.1249989 16.40000022 29.1249989 0 P 0
L 16.15000072 26.05000124 16.15000072 26.35000064 0 P 0
L 16.24999544 22.60000306 16.24999544 22.90000246 0 P 0
L 16.24999544 27.10000168 16.24999544 27.40000108 0 P 0
L 16.24999544 30.10000076 16.24999544 30.40000016 0 P 0
L 16.24999544 31.6000003 16.24999544 31.8999997 0 P 0
L 16.24999544 36.09999892 16.24999544 36.39999832 0 P 0
L 16.24999544 37.59999846 16.24999544 37.89999786 0 P 0
L 16.24999544 39.099998 16.24999544 39.3999974 0 P 0
L 16.25000052 28.9749992 16.25000052 29.2749986 0 P 0
L 16.47500134 23.87499924 16.77500074 23.87499924 0 P 0
L 16.62500104 23.72499954 16.62500104 24.02499894 0 P 0
L 16.79999942 28.7749996 17.09999882 28.7749996 0 P 0
L 16.80000196 4.21999918 17.89999976 4.21999918 0 P 0
L 16.82500064 30.99999896 17.12500004 30.99999896 0 P 0
L 16.94999912 28.6249999 16.94999912 28.9249993 0 P 0
L 16.97500034 30.84999926 16.97500034 31.14999866 0 P 0
L 17.30000096 10.00000032 19.70000124 10.00000032 0 P 0
L 17.35000086 3.67000028 17.35000086 4.76999808 0 P 0
L 17.35000086 18.92499898 17.65000026 18.92499898 0 P 0
L 17.50000056 18.77499928 17.50000056 19.07499868 0 P 0
L 17.59999528 34.74999908 17.89999468 34.74999908 0 P 0
L 17.59999528 36.24999862 17.89999468 36.24999862 0 P 0
L 17.59999528 37.74999816 17.89999468 37.74999816 0 P 0
L 17.59999528 39.2499977 17.89999468 39.2499977 0 P 0
L 17.74999498 34.59999938 17.74999498 34.89999878 0 P 0
L 17.74999498 36.09999892 17.74999498 36.39999832 0 P 0
L 17.74999498 37.59999846 17.74999498 37.89999786 0 P 0
L 17.74999498 39.099998 17.74999498 39.3999974 0 P 0
L 18.14999926 18.62499958 18.44999866 18.62499958 0 P 0
L 18.29999896 18.47499988 18.29999896 18.77499928 0 P 0
L 18.5000011 8.80000018 18.5000011 11.20000046 0 P 0
L 19.09999482 24.2500023 19.39999422 24.2500023 0 P 0
L 19.09999482 25.75000184 19.39999422 25.75000184 0 P 0
L 19.09999482 27.25000138 19.39999422 27.25000138 0 P 0
L 19.09999482 28.75000092 19.39999422 28.75000092 0 P 0
L 19.09999482 30.25000046 19.39999422 30.25000046 0 P 0
L 19.09999482 31.75 19.39999422 31.75 0 P 0
L 19.09999482 33.24999954 19.39999422 33.24999954 0 P 0
L 19.09999482 34.74999908 19.39999422 34.74999908 0 P 0
L 19.09999482 36.24999862 19.39999422 36.24999862 0 P 0
L 19.09999482 37.74999816 19.39999422 37.74999816 0 P 0
L 19.09999482 39.2499977 19.39999422 39.2499977 0 P 0
L 19.24999452 24.1000026 19.24999452 24.400002 0 P 0
L 19.24999452 25.60000214 19.24999452 25.90000154 0 P 0
L 19.24999452 27.10000168 19.24999452 27.40000108 0 P 0
L 19.24999452 28.60000122 19.24999452 28.90000062 0 P 0
L 19.24999452 30.10000076 19.24999452 30.40000016 0 P 0
L 19.24999452 31.6000003 19.24999452 31.8999997 0 P 0
L 19.24999452 33.09999984 19.24999452 33.39999924 0 P 0
L 19.24999452 34.59999938 19.24999452 34.89999878 0 P 0
L 19.24999452 36.09999892 19.24999452 36.39999832 0 P 0
L 19.24999452 37.59999846 19.24999452 37.89999786 0 P 0
L 19.24999452 39.099998 19.24999452 39.3999974 0 P 0
L 19.34000196 4.21999918 20.43999976 4.21999918 0 P 0
L 19.75000114 18.62499958 20.05000054 18.62499958 0 P 0
L 19.89000086 3.67000028 19.89000086 4.76999808 0 P 0
L 19.90000084 18.47499988 19.90000084 18.77499928 0 P 0
L 20.59999436 22.75000276 20.89999376 22.75000276 0 P 0
L 20.59999436 24.2500023 20.89999376 24.2500023 0 P 0
L 20.59999436 25.75000184 20.89999376 25.75000184 0 P 0
L 20.59999436 27.25000138 20.89999376 27.25000138 0 P 0
L 20.59999436 28.75000092 20.89999376 28.75000092 0 P 0
L 20.59999436 30.25000046 20.89999376 30.25000046 0 P 0
L 20.59999436 31.75 20.89999376 31.75 0 P 0
L 20.59999436 33.24999954 20.89999376 33.24999954 0 P 0
L 20.59999436 34.74999908 20.89999376 34.74999908 0 P 0
L 20.59999436 36.24999862 20.89999376 36.24999862 0 P 0
L 20.59999436 37.74999816 20.89999376 37.74999816 0 P 0
L 20.59999436 39.2499977 20.89999376 39.2499977 0 P 0
L 20.74999406 22.60000306 20.74999406 22.90000246 0 P 0
L 20.74999406 24.1000026 20.74999406 24.400002 0 P 0
L 20.74999406 25.60000214 20.74999406 25.90000154 0 P 0
L 20.74999406 27.10000168 20.74999406 27.40000108 0 P 0
L 20.74999406 28.60000122 20.74999406 28.90000062 0 P 0
L 20.74999406 30.10000076 20.74999406 30.40000016 0 P 0
L 20.74999406 31.6000003 20.74999406 31.8999997 0 P 0
L 20.74999406 33.09999984 20.74999406 33.39999924 0 P 0
L 20.74999406 34.59999938 20.74999406 34.89999878 0 P 0
L 20.74999406 36.09999892 20.74999406 36.39999832 0 P 0
L 20.74999406 37.59999846 20.74999406 37.89999786 0 P 0
L 20.74999406 39.099998 20.74999406 39.3999974 0 P 0
L 20.97499996 21.25000068 21.27499936 21.25000068 0 P 0
L 21.12499966 21.10000098 21.12499966 21.40000038 0 P 0
