UNITS=MM
#Layer_Color=9474304
#
#Feature symbol names
#
$0 r127

#
#Feature attribute names
#

#
#Layer features
#
L 0.54998366 31.59999776 0.84998306 31.59999776 0 P 0
L 0.57500012 28.60000122 0.87499952 28.60000122 0 P 0
L 0.57500012 29.59999922 0.87499952 29.59999922 0 P 0
L 0.57500012 30.62500098 0.87499952 30.62500098 0 P 0
L 0.57500266 32.5999983 0.87500206 32.5999983 0 P 0
L 0.65000124 20.39999984 0.95000064 20.39999984 0 P 0
L 0.65000124 21.50000018 0.95000064 21.50000018 0 P 0
L 0.65000124 22.7000054 0.95000064 22.7000054 0 P 0
L 0.65000124 37.7000008 0.95000064 37.7000008 0 P 0
L 0.65000124 39.20000034 0.95000064 39.20000034 0 P 0
L 0.69998336 31.44999806 0.69998336 31.74999746 0 P 0
L 0.72499982 28.45000152 0.72499982 28.75000092 0 P 0
L 0.72499982 29.44999952 0.72499982 29.74999892 0 P 0
L 0.72499982 30.47500128 0.72499982 30.77500068 0 P 0
L 0.72500236 32.4499986 0.72500236 32.749998 0 P 0
L 0.80000094 20.25000014 0.80000094 20.54999954 0 P 0
L 0.80000094 21.35000048 0.80000094 21.64999988 0 P 0
L 0.80000094 22.5500057 0.80000094 22.8500051 0 P 0
L 0.80000094 37.5500011 0.80000094 37.8500005 0 P 0
L 0.80000094 39.05000064 0.80000094 39.35000004 0 P 0
L 1.56000196 4.21999918 2.65999976 4.21999918 0 P 0
L 1.63000436 17.69998492 1.93000376 17.69998492 0 P 0
L 1.78000406 17.54998522 1.78000406 17.84998462 0 P 0
L 2.05000098 20.39999984 2.35000038 20.39999984 0 P 0
L 2.05000098 21.50000018 2.35000038 21.50000018 0 P 0
L 2.11000086 3.67000028 2.11000086 4.76999808 0 P 0
L 2.15000078 37.7000008 2.45000018 37.7000008 0 P 0
L 2.15000078 39.20000034 2.45000018 39.20000034 0 P 0
L 2.20000068 20.25000014 2.20000068 20.54999954 0 P 0
L 2.20000068 21.35000048 2.20000068 21.64999988 0 P 0
L 2.30000048 37.5500011 2.30000048 37.8500005 0 P 0
L 2.30000048 39.05000064 2.30000048 39.35000004 0 P 0
L 2.60000242 10.00000032 4.39999882 10.00000032 0 P 0
L 2.7250009 26.67500126 3.0250003 26.67500126 0 P 0
L 2.84999938 20.20000024 3.14999878 20.20000024 0 P 0
L 2.8750006 26.52500156 2.8750006 26.82500096 0 P 0
L 2.99999908 20.05000054 2.99999908 20.34999994 0 P 0
L 3.50000062 9.10000212 3.50000062 10.89999852 0 P 0
L 3.60000042 34.49999704 3.89999982 34.49999704 0 P 0
L 3.6249991 33.62500006 3.9249985 33.62500006 0 P 0
L 3.65000032 24.20000494 3.94999972 24.20000494 0 P 0
L 3.65000032 31.70000264 3.94999972 31.70000264 0 P 0
L 3.65000032 37.7000008 3.94999972 37.7000008 0 P 0
L 3.65000032 39.20000034 3.94999972 39.20000034 0 P 0
L 3.75000012 29.39999962 4.04999952 29.39999962 0 P 0
L 3.75000012 34.34999734 3.75000012 34.64999674 0 P 0
L 3.7749988 33.47500036 3.7749988 33.77499976 0 P 0
L 3.80000002 24.05000524 3.80000002 24.35000464 0 P 0
L 3.80000002 31.55000294 3.80000002 31.85000234 0 P 0
L 3.80000002 37.5500011 3.80000002 37.8500005 0 P 0
L 3.80000002 39.05000064 3.80000002 39.35000004 0 P 0
L 3.84999992 20.20000024 4.14999932 20.20000024 0 P 0
L 3.89999982 29.24999992 3.89999982 29.54999932 0 P 0
L 3.99999962 20.05000054 3.99999962 20.34999994 0 P 0
L 4.10000196 4.21999918 5.19999976 4.21999918 0 P 0
L 4.14999932 16.30000042 4.44999872 16.30000042 0 P 0
L 4.29999902 16.15000072 4.29999902 16.45000012 0 P 0
L 4.57499974 34.4750009 4.87499914 34.4750009 0 P 0
L 4.57499974 36.60000046 4.87499914 36.60000046 0 P 0
L 4.65000086 3.67000028 4.65000086 4.76999808 0 P 0
L 4.72499944 34.3250012 4.72499944 34.6250006 0 P 0
L 4.72499944 36.45000076 4.72499944 36.75000016 0 P 0
L 4.85000046 20.20000024 5.14999986 20.20000024 0 P 0
L 5.00000016 20.05000054 5.00000016 20.34999994 0 P 0
L 5.14999986 22.7000054 5.44999926 22.7000054 0 P 0
L 5.14999986 24.20000494 5.44999926 24.20000494 0 P 0
L 5.14999986 37.7000008 5.44999926 37.7000008 0 P 0
L 5.14999986 39.20000034 5.44999926 39.20000034 0 P 0
L 5.29999956 22.5500057 5.29999956 22.8500051 0 P 0
L 5.29999956 24.05000524 5.29999956 24.35000464 0 P 0
L 5.29999956 37.5500011 5.29999956 37.8500005 0 P 0
L 5.29999956 39.05000064 5.29999956 39.35000004 0 P 0
L 5.850001 20.20000024 6.1500004 20.20000024 0 P 0
L 6.0000007 20.05000054 6.0000007 20.34999994 0 P 0
L 6.0500006 33.70000118 6.35 33.70000118 0 P 0
L 6.2000003 33.55000148 6.2000003 33.85000088 0 P 0
L 6.57500082 36.60000046 6.87500022 36.60000046 0 P 0
L 6.5999995 34.4750009 6.8999989 34.4750009 0 P 0
L 6.64000196 4.21999918 7.73999976 4.21999918 0 P 0
L 6.6499994 22.7000054 6.9499988 22.7000054 0 P 0
L 6.6499994 24.20000494 6.9499988 24.20000494 0 P 0
L 6.6499994 37.7000008 6.9499988 37.7000008 0 P 0
L 6.6499994 39.20000034 6.9499988 39.20000034 0 P 0
L 6.72500052 36.45000076 6.72500052 36.75000016 0 P 0
L 6.7499992 34.3250012 6.7499992 34.6250006 0 P 0
L 6.7999991 22.5500057 6.7999991 22.8500051 0 P 0
L 6.7999991 24.05000524 6.7999991 24.35000464 0 P 0
L 6.7999991 37.5500011 6.7999991 37.8500005 0 P 0
L 6.7999991 39.05000064 6.7999991 39.35000004 0 P 0
L 6.85000154 20.20000024 7.15000094 20.20000024 0 P 0
L 6.95000134 31.7000001 7.25000074 31.7000001 0 P 0
L 7.00000124 20.05000054 7.00000124 20.34999994 0 P 0
L 7.05000114 29.39999962 7.35000054 29.39999962 0 P 0
L 7.10000104 31.5500004 7.10000104 31.8499998 0 P 0
L 7.19000086 3.67000028 7.19000086 4.76999808 0 P 0
L 7.20000084 29.24999992 7.20000084 29.54999932 0 P 0
L 7.60000004 34.49999704 7.89999944 34.49999704 0 P 0
L 7.74999974 34.34999734 7.74999974 34.64999674 0 P 0
L 7.84999954 20.49999964 8.14999894 20.49999964 0 P 0
L 7.96250122 10.00000032 8.9575005 10.00000032 0 P 0
L 7.99999924 20.34999994 7.99999924 20.64999934 0 P 0
L 8.14999894 22.7000054 8.44999834 22.7000054 0 P 0
L 8.14999894 24.20000494 8.44999834 24.20000494 0 P 0
L 8.14999894 37.7000008 8.44999834 37.7000008 0 P 0
L 8.14999894 39.20000034 8.44999834 39.20000034 0 P 0
L 8.29999864 22.5500057 8.29999864 22.8500051 0 P 0
L 8.29999864 24.05000524 8.29999864 24.35000464 0 P 0
L 8.29999864 37.5500011 8.29999864 37.8500005 0 P 0
L 8.29999864 39.05000064 8.29999864 39.35000004 0 P 0
L 8.35000108 15.49999948 8.65000048 15.49999948 0 P 0
L 8.40000098 26.67500126 8.70000038 26.67500126 0 P 0
L 8.46000086 9.50250068 8.46000086 10.49749996 0 P 0
L 8.50000078 15.34999978 8.50000078 15.64999918 0 P 0
L 8.55000068 26.52500156 8.55000068 26.82500096 0 P 0
L 8.94999734 17.99999956 9.24999674 17.99999956 0 P 0
L 8.94999988 20.20000024 9.24999928 20.20000024 0 P 0
L 9.09999704 17.84999986 9.09999704 18.14999926 0 P 0
L 9.09999958 20.05000054 9.09999958 20.34999994 0 P 0
L 9.18000196 4.21999918 10.27999976 4.21999918 0 P 0
L 9.55000122 8.40000098 9.85000062 8.40000098 0 P 0
L 9.5749999 7.25000074 9.8749993 7.25000074 0 P 0
L 9.64999848 37.7000008 9.94999788 37.7000008 0 P 0
L 9.64999848 39.20000034 9.94999788 39.20000034 0 P 0
L 9.70000092 8.25000128 9.70000092 8.55000068 0 P 0
L 9.7249996 7.10000104 9.7249996 7.40000044 0 P 0
L 9.73000086 3.67000028 9.73000086 4.76999808 0 P 0
L 9.79999818 37.5500011 9.79999818 37.8500005 0 P 0
L 9.79999818 39.05000064 9.79999818 39.35000004 0 P 0
L 9.94999788 17.99999956 10.24999728 17.99999956 0 P 0
L 9.95000042 16.20000062 10.24999982 16.20000062 0 P 0
L 9.95000042 20.20000024 10.24999982 20.20000024 0 P 0
L 10.09999758 17.84999986 10.09999758 18.14999926 0 P 0
L 10.10000012 16.05000092 10.10000012 16.35000032 0 P 0
L 10.10000012 20.05000054 10.10000012 20.34999994 0 P 0
L 10.79999872 27.5999956 11.09999812 27.5999956 0 P 0
L 10.79999872 28.59999614 11.09999812 28.59999614 0 P 0
L 10.94999842 27.4499959 10.94999842 27.7499953 0 P 0
L 10.94999842 28.44999644 10.94999842 28.74999584 0 P 0
L 11.14999802 22.7000054 11.44999742 22.7000054 0 P 0
L 11.14999802 24.20000494 11.44999742 24.20000494 0 P 0
L 11.14999802 25.70000448 11.44999742 25.70000448 0 P 0
L 11.14999802 37.7000008 11.44999742 37.7000008 0 P 0
L 11.14999802 39.20000034 11.44999742 39.20000034 0 P 0
L 11.29999772 22.5500057 11.29999772 22.8500051 0 P 0
L 11.29999772 24.05000524 11.29999772 24.35000464 0 P 0
L 11.29999772 25.55000478 11.29999772 25.85000418 0 P 0
L 11.29999772 37.5500011 11.29999772 37.8500005 0 P 0
L 11.29999772 39.05000064 11.29999772 39.35000004 0 P 0
L 11.35000016 20.59999944 11.64999956 20.59999944 0 P 0
L 11.49999986 20.44999974 11.49999986 20.74999914 0 P 0
L 11.72000196 4.21999918 12.81999976 4.21999918 0 P 0
L 12.1500011 20.59999944 12.4500005 20.59999944 0 P 0
L 12.27000086 3.67000028 12.27000086 4.76999808 0 P 0
L 12.3000008 20.44999974 12.3000008 20.74999914 0 P 0
L 12.5500003 17.50000056 12.8499997 17.50000056 0 P 0
L 12.64999756 22.7000054 12.94999696 22.7000054 0 P 0
L 12.64999756 24.20000494 12.94999696 24.20000494 0 P 0
L 12.64999756 37.7000008 12.94999696 37.7000008 0 P 0
L 12.64999756 39.20000034 12.94999696 39.20000034 0 P 0
L 12.7 17.35000086 12.7 17.65000026 0 P 0
L 12.79999726 22.5500057 12.79999726 22.8500051 0 P 0
L 12.79999726 24.05000524 12.79999726 24.35000464 0 P 0
L 12.79999726 37.5500011 12.79999726 37.8500005 0 P 0
L 12.79999726 39.05000064 12.79999726 39.35000004 0 P 0
L 13.04250122 8.98400032 14.0375005 8.98400032 0 P 0
L 13.04250122 11.01600032 14.0375005 11.01600032 0 P 0
L 13.0499993 20.20000024 13.3499987 20.20000024 0 P 0
L 13.199999 20.05000054 13.199999 20.34999994 0 P 0
L 13.54000086 8.48650068 13.54000086 9.48149996 0 P 0
L 13.54000086 10.51850068 13.54000086 11.51349996 0 P 0
L 14.04999984 20.20000024 14.34999924 20.20000024 0 P 0
L 14.1499971 33.20000218 14.4499965 33.20000218 0 P 0
L 14.1499971 34.70000172 14.4499965 34.70000172 0 P 0
L 14.1499971 36.20000126 14.4499965 36.20000126 0 P 0
L 14.1499971 37.7000008 14.4499965 37.7000008 0 P 0
L 14.1499971 39.20000034 14.4499965 39.20000034 0 P 0
L 14.19999954 20.05000054 14.19999954 20.34999994 0 P 0
L 14.24999944 14.70000108 14.54999884 14.70000108 0 P 0
L 14.24999944 15.49999948 14.54999884 15.49999948 0 P 0
L 14.26000196 4.21999918 15.35999976 4.21999918 0 P 0
L 14.2999968 33.05000248 14.2999968 33.35000188 0 P 0
L 14.2999968 34.55000202 14.2999968 34.85000142 0 P 0
L 14.2999968 36.05000156 14.2999968 36.35000096 0 P 0
L 14.2999968 37.5500011 14.2999968 37.8500005 0 P 0
L 14.2999968 39.05000064 14.2999968 39.35000004 0 P 0
L 14.39999914 14.55000138 14.39999914 14.85000078 0 P 0
L 14.39999914 15.34999978 14.39999914 15.64999918 0 P 0
L 14.75000098 26.79999974 15.05000038 26.79999974 0 P 0
L 14.81000086 3.67000028 14.81000086 4.76999808 0 P 0
L 14.90000068 26.65000004 14.90000068 26.94999944 0 P 0
L 15.04999784 17.99999956 15.34999724 17.99999956 0 P 0
L 15.19999754 17.84999986 15.19999754 18.14999926 0 P 0
L 15.64999664 25.70000448 15.94999604 25.70000448 0 P 0
L 15.64999664 31.70000264 15.94999604 31.70000264 0 P 0
L 15.64999664 33.20000218 15.94999604 33.20000218 0 P 0
L 15.64999664 34.70000172 15.94999604 34.70000172 0 P 0
L 15.64999664 36.20000126 15.94999604 36.20000126 0 P 0
L 15.64999664 37.7000008 15.94999604 37.7000008 0 P 0
L 15.64999664 39.20000034 15.94999604 39.20000034 0 P 0
L 15.79999634 25.55000478 15.79999634 25.85000418 0 P 0
L 15.79999634 31.55000294 15.79999634 31.85000234 0 P 0
L 15.79999634 33.05000248 15.79999634 33.35000188 0 P 0
L 15.79999634 34.55000202 15.79999634 34.85000142 0 P 0
L 15.79999634 36.05000156 15.79999634 36.35000096 0 P 0
L 15.79999634 37.5500011 15.79999634 37.8500005 0 P 0
L 15.79999634 39.05000064 15.79999634 39.35000004 0 P 0
L 16.04999838 17.99999956 16.34999778 17.99999956 0 P 0
L 16.19999808 17.84999986 16.19999808 18.14999926 0 P 0
L 16.80000196 4.21999918 17.89999976 4.21999918 0 P 0
L 17.14999618 30.2000031 17.44999558 30.2000031 0 P 0
L 17.14999618 31.70000264 17.44999558 31.70000264 0 P 0
L 17.14999618 33.20000218 17.44999558 33.20000218 0 P 0
L 17.14999618 34.70000172 17.44999558 34.70000172 0 P 0
L 17.14999618 36.20000126 17.44999558 36.20000126 0 P 0
L 17.14999618 37.7000008 17.44999558 37.7000008 0 P 0
L 17.14999618 39.20000034 17.44999558 39.20000034 0 P 0
L 17.29999588 30.0500034 17.29999588 30.3500028 0 P 0
L 17.29999588 31.55000294 17.29999588 31.85000234 0 P 0
L 17.29999588 33.05000248 17.29999588 33.35000188 0 P 0
L 17.29999588 34.55000202 17.29999588 34.85000142 0 P 0
L 17.29999588 36.05000156 17.29999588 36.35000096 0 P 0
L 17.29999588 37.5500011 17.29999588 37.8500005 0 P 0
L 17.29999588 39.05000064 17.29999588 39.35000004 0 P 0
L 17.35000086 3.67000028 17.35000086 4.76999808 0 P 0
L 17.6000029 10.00000032 19.3999993 10.00000032 0 P 0
L 18.04999946 17.99999956 18.34999886 17.99999956 0 P 0
L 18.19999916 17.84999986 18.19999916 18.14999926 0 P 0
L 18.5000011 9.10000212 18.5000011 10.89999852 0 P 0
L 18.64999572 28.70000356 18.94999512 28.70000356 0 P 0
L 18.64999572 30.2000031 18.94999512 30.2000031 0 P 0
L 18.64999572 31.70000264 18.94999512 31.70000264 0 P 0
L 18.64999572 33.20000218 18.94999512 33.20000218 0 P 0
L 18.64999572 34.70000172 18.94999512 34.70000172 0 P 0
L 18.64999572 36.20000126 18.94999512 36.20000126 0 P 0
L 18.64999572 37.7000008 18.94999512 37.7000008 0 P 0
L 18.64999572 39.20000034 18.94999512 39.20000034 0 P 0
L 18.79999542 28.55000386 18.79999542 28.85000326 0 P 0
L 18.79999542 30.0500034 18.79999542 30.3500028 0 P 0
L 18.79999542 31.55000294 18.79999542 31.85000234 0 P 0
L 18.79999542 33.05000248 18.79999542 33.35000188 0 P 0
L 18.79999542 34.55000202 18.79999542 34.85000142 0 P 0
L 18.79999542 36.05000156 18.79999542 36.35000096 0 P 0
L 18.79999542 37.5500011 18.79999542 37.8500005 0 P 0
L 18.79999542 39.05000064 18.79999542 39.35000004 0 P 0
L 19.05 17.99999956 19.3499994 17.99999956 0 P 0
L 19.1999997 17.84999986 19.1999997 18.14999926 0 P 0
L 19.34000196 4.21999918 20.43999976 4.21999918 0 P 0
L 19.89000086 3.67000028 19.89000086 4.76999808 0 P 0
L 20.14999526 27.20000402 20.44999466 27.20000402 0 P 0
L 20.14999526 28.70000356 20.44999466 28.70000356 0 P 0
L 20.14999526 30.2000031 20.44999466 30.2000031 0 P 0
L 20.14999526 31.70000264 20.44999466 31.70000264 0 P 0
L 20.14999526 33.20000218 20.44999466 33.20000218 0 P 0
L 20.14999526 34.70000172 20.44999466 34.70000172 0 P 0
L 20.14999526 36.20000126 20.44999466 36.20000126 0 P 0
L 20.14999526 37.7000008 20.44999466 37.7000008 0 P 0
L 20.14999526 39.20000034 20.44999466 39.20000034 0 P 0
L 20.29999496 27.05000432 20.29999496 27.35000372 0 P 0
L 20.29999496 28.55000386 20.29999496 28.85000326 0 P 0
L 20.29999496 30.0500034 20.29999496 30.3500028 0 P 0
L 20.29999496 31.55000294 20.29999496 31.85000234 0 P 0
L 20.29999496 33.05000248 20.29999496 33.35000188 0 P 0
L 20.29999496 34.55000202 20.29999496 34.85000142 0 P 0
L 20.29999496 36.05000156 20.29999496 36.35000096 0 P 0
L 20.29999496 37.5500011 20.29999496 37.8500005 0 P 0
L 20.29999496 39.05000064 20.29999496 39.35000004 0 P 0
L 21.05000108 25.6999994 21.35000048 25.6999994 0 P 0
L 21.05000108 27.19999894 21.35000048 27.19999894 0 P 0
L 21.05000108 28.69999848 21.35000048 28.69999848 0 P 0
L 21.05000108 30.20000056 21.35000048 30.20000056 0 P 0
L 21.05000108 31.7000001 21.35000048 31.7000001 0 P 0
L 21.05000108 33.19999964 21.35000048 33.19999964 0 P 0
L 21.05000108 34.69999918 21.35000048 34.69999918 0 P 0
L 21.05000108 36.19999872 21.35000048 36.19999872 0 P 0
L 21.05000108 37.7000008 21.35000048 37.7000008 0 P 0
L 21.05000108 39.20000034 21.35000048 39.20000034 0 P 0
L 21.20000078 25.5499997 21.20000078 25.8499991 0 P 0
L 21.20000078 27.04999924 21.20000078 27.34999864 0 P 0
L 21.20000078 28.54999878 21.20000078 28.84999818 0 P 0
L 21.20000078 30.05000086 21.20000078 30.35000026 0 P 0
L 21.20000078 31.5500004 21.20000078 31.8499998 0 P 0
L 21.20000078 33.04999994 21.20000078 33.34999934 0 P 0
L 21.20000078 34.54999948 21.20000078 34.84999888 0 P 0
L 21.20000078 36.04999902 21.20000078 36.34999842 0 P 0
L 21.20000078 37.5500011 21.20000078 37.8500005 0 P 0
L 21.20000078 39.05000064 21.20000078 39.35000004 0 P 0
