UNITS=MM
#Layer_Color=8388736
#
#Feature symbol names
#
$0 r49.9999

#
#Feature attribute names
#

#
#Layer features
#
L 15.3740358 16.77498804 15.3740358 17.22502524 0 P 0
L 15.3740358 16.77498804 15.8240222 16.77498804 0 P 0
L 15.3740358 17.22502524 15.8240222 17.22502524 0 P 0
L 15.37499084 7.9750285 15.37499084 8.4250149 0 P 0
L 15.37499084 7.9750285 15.82497724 7.9750285 0 P 0
L 15.37499084 8.4250149 15.82497724 8.4250149 0 P 0
L 15.37499084 9.0750009 15.37499084 9.5249873 0 P 0
L 15.37499084 9.0750009 15.82497724 9.0750009 0 P 0
L 15.37499084 9.5249873 15.82497724 9.5249873 0 P 0
L 15.37499084 10.1750241 15.37499084 10.6250105 0 P 0
L 15.37499084 10.1750241 15.82497724 10.1750241 0 P 0
L 15.37499084 10.6250105 15.82497724 10.6250105 0 P 0
L 15.37499084 11.2749965 15.37499084 11.7249829 0 P 0
L 15.37499084 11.2749965 15.82497724 11.2749965 0 P 0
L 15.37499084 11.7249829 15.82497724 11.7249829 0 P 0
L 15.37499084 13.4749921 15.37499084 13.9250293 0 P 0
L 15.37499084 13.4749921 15.82497724 13.4749921 0 P 0
L 15.37499084 13.9250293 15.82497724 13.9250293 0 P 0
L 15.37499084 14.5750153 15.37499084 15.0250017 0 P 0
L 15.37499084 14.5750153 15.82497724 14.5750153 0 P 0
L 15.37499084 15.0250017 15.82497724 15.0250017 0 P 0
L 15.37499084 15.6749877 15.37499084 16.1250249 0 P 0
L 15.37499084 15.6749877 15.82497724 15.6749877 0 P 0
L 15.37499084 16.1250249 15.82497724 16.1250249 0 P 0
L 15.37499084 17.8749833 15.37499084 18.3250205 0 P 0
L 15.37499084 17.8749833 15.82497724 17.8749833 0 P 0
L 15.37499084 18.3250205 15.82497724 18.3250205 0 P 0
L 15.37499084 19.3750057 15.37499084 19.8249921 0 P 0
L 15.37499084 19.3750057 15.82497724 19.3750057 0 P 0
L 15.37499084 19.8249921 15.82497724 19.8249921 0 P 0
L 15.37499084 20.8750281 15.37499084 21.3250145 0 P 0
L 15.37499084 20.8750281 15.82497724 20.8750281 0 P 0
L 15.37499084 21.3250145 15.82497724 21.3250145 0 P 0
L 15.37501116 12.37501716 15.37501116 12.82500356 0 P 0
L 15.37501116 12.37501716 15.82499756 12.37501716 0 P 0
L 15.37501116 12.82500356 15.82499756 12.82500356 0 P 0
L 15.8240222 16.77498804 15.8240222 17.22502524 0 P 0
L 15.82497724 7.9750285 15.82497724 8.4250149 0 P 0
L 15.82497724 9.0750009 15.82497724 9.5249873 0 P 0
L 15.82497724 10.1750241 15.82497724 10.6250105 0 P 0
L 15.82497724 11.2749965 15.82497724 11.7249829 0 P 0
L 15.82497724 13.4749921 15.82497724 13.9250293 0 P 0
L 15.82497724 14.5750153 15.82497724 15.0250017 0 P 0
L 15.82497724 15.6749877 15.82497724 16.1250249 0 P 0
L 15.82497724 17.8749833 15.82497724 18.3250205 0 P 0
L 15.82497724 19.3750057 15.82497724 19.8249921 0 P 0
L 15.82497724 20.8750281 15.82497724 21.3250145 0 P 0
L 15.82499756 12.37501716 15.82499756 12.82500356 0 P 0
L 16.47498864 11.27500412 16.47498864 11.72499052 0 P 0
L 16.47498864 11.27500412 16.92497504 11.27500412 0 P 0
L 16.47498864 11.72499052 16.92497504 11.72499052 0 P 0
L 16.47500134 15.6749877 16.47500134 16.1249741 0 P 0
L 16.47500134 15.6749877 16.92498774 15.6749877 0 P 0
L 16.47500134 16.1249741 16.92498774 16.1249741 0 P 0
L 16.4750115 12.37500446 16.4750115 12.82499086 0 P 0
L 16.4750115 12.37500446 16.9249979 12.37500446 0 P 0
L 16.4750115 12.82499086 16.9249979 12.82499086 0 P 0
L 16.47501404 7.9750285 16.47501404 8.4250149 0 P 0
L 16.47501404 7.9750285 16.92500044 7.9750285 0 P 0
L 16.47501404 8.4250149 16.92500044 8.4250149 0 P 0
L 16.47501404 9.0750009 16.47501404 9.5249873 0 P 0
L 16.47501404 9.0750009 16.92500044 9.0750009 0 P 0
L 16.47501404 9.5249873 16.92500044 9.5249873 0 P 0
L 16.47501404 10.1750241 16.47501404 10.6250105 0 P 0
L 16.47501404 10.1750241 16.92500044 10.1750241 0 P 0
L 16.47501404 10.6250105 16.92500044 10.6250105 0 P 0
L 16.47501404 13.4749921 16.47501404 13.9250293 0 P 0
L 16.47501404 13.4749921 16.92500044 13.4749921 0 P 0
L 16.47501404 13.9250293 16.92500044 13.9250293 0 P 0
L 16.47501404 14.5750153 16.47501404 15.0250017 0 P 0
L 16.47501404 14.5750153 16.92500044 14.5750153 0 P 0
L 16.47501404 15.0250017 16.92500044 15.0250017 0 P 0
L 16.47501404 16.7750109 16.47501404 17.2249973 0 P 0
L 16.47501404 16.7750109 16.92500044 16.7750109 0 P 0
L 16.47501404 17.2249973 16.92500044 17.2249973 0 P 0
L 16.47501404 17.8749833 16.47501404 18.3250205 0 P 0
L 16.47501404 17.8749833 16.92500044 17.8749833 0 P 0
L 16.47501404 18.3250205 16.92500044 18.3250205 0 P 0
L 16.47501404 20.8750281 16.47501404 21.3250145 0 P 0
L 16.47501404 20.8750281 16.92500044 20.8750281 0 P 0
L 16.47501404 21.3250145 16.92500044 21.3250145 0 P 0
L 16.92497504 11.27500412 16.92497504 11.72499052 0 P 0
L 16.92498774 15.6749877 16.92498774 16.1249741 0 P 0
L 16.9249979 12.37500446 16.9249979 12.82499086 0 P 0
L 16.92500044 7.9750285 16.92500044 8.4250149 0 P 0
L 16.92500044 9.0750009 16.92500044 9.5249873 0 P 0
L 16.92500044 10.1750241 16.92500044 10.6250105 0 P 0
L 16.92500044 13.4749921 16.92500044 13.9250293 0 P 0
L 16.92500044 14.5750153 16.92500044 15.0250017 0 P 0
L 16.92500044 16.7750109 16.92500044 17.2249973 0 P 0
L 16.92500044 17.8749833 16.92500044 18.3250205 0 P 0
L 16.92500044 20.8750281 16.92500044 21.3250145 0 P 0
L 17.57498644 7.9750285 17.57498644 8.4250149 0 P 0
L 17.57498644 7.9750285 18.02502364 7.9750285 0 P 0
L 17.57498644 8.4250149 18.02502364 8.4250149 0 P 0
L 17.57498644 9.0750009 17.57498644 9.5249873 0 P 0
L 17.57498644 9.0750009 18.02502364 9.0750009 0 P 0
L 17.57498644 9.5249873 18.02502364 9.5249873 0 P 0
L 17.57498644 11.2749965 17.57498644 11.7249829 0 P 0
L 17.57498644 11.2749965 18.02502364 11.2749965 0 P 0
L 17.57498644 11.7249829 18.02502364 11.7249829 0 P 0
L 17.57498644 12.3750197 17.57498644 12.8250061 0 P 0
L 17.57498644 12.3750197 18.02502364 12.3750197 0 P 0
L 17.57498644 12.8250061 18.02502364 12.8250061 0 P 0
L 17.57498644 13.4749921 17.57498644 13.9250293 0 P 0
L 17.57498644 13.4749921 18.02502364 13.4749921 0 P 0
L 17.57498644 13.9250293 18.02502364 13.9250293 0 P 0
L 17.57498644 14.5750153 17.57498644 15.0250017 0 P 0
L 17.57498644 14.5750153 18.02502364 14.5750153 0 P 0
L 17.57498644 15.0250017 18.02502364 15.0250017 0 P 0
L 17.57498644 15.6749877 17.57498644 16.1250249 0 P 0
L 17.57498644 15.6749877 18.02502364 15.6749877 0 P 0
L 17.57498644 16.1250249 18.02502364 16.1250249 0 P 0
L 17.57498644 16.7750109 17.57498644 17.2249973 0 P 0
L 17.57498644 16.7750109 18.02502364 16.7750109 0 P 0
L 17.57498644 17.2249973 18.02502364 17.2249973 0 P 0
L 17.57498644 17.8749833 17.57498644 18.3250205 0 P 0
L 17.57498644 17.8749833 18.02502364 17.8749833 0 P 0
L 17.57498644 18.3250205 18.02502364 18.3250205 0 P 0
L 18.02502364 7.9750285 18.02502364 8.4250149 0 P 0
L 18.02502364 9.0750009 18.02502364 9.5249873 0 P 0
L 18.02502364 11.2749965 18.02502364 11.7249829 0 P 0
L 18.02502364 12.3750197 18.02502364 12.8250061 0 P 0
L 18.02502364 13.4749921 18.02502364 13.9250293 0 P 0
L 18.02502364 14.5750153 18.02502364 15.0250017 0 P 0
L 18.02502364 15.6749877 18.02502364 16.1250249 0 P 0
L 18.02502364 16.7750109 18.02502364 17.2249973 0 P 0
L 18.02502364 17.8749833 18.02502364 18.3250205 0 P 0
L 18.67500964 7.9750285 18.67500964 8.4250149 0 P 0
L 18.67500964 7.9750285 19.12499604 7.9750285 0 P 0
L 18.67500964 8.4250149 19.12499604 8.4250149 0 P 0
L 18.67500964 9.0750009 18.67500964 9.5249873 0 P 0
L 18.67500964 9.0750009 19.12499604 9.0750009 0 P 0
L 18.67500964 9.5249873 19.12499604 9.5249873 0 P 0
L 18.67500964 10.1750241 18.67500964 10.6250105 0 P 0
L 18.67500964 10.1750241 19.12499604 10.1750241 0 P 0
L 18.67500964 10.6250105 19.12499604 10.6250105 0 P 0
L 19.12499604 7.9750285 19.12499604 8.4250149 0 P 0
L 19.12499604 9.0750009 19.12499604 9.5249873 0 P 0
L 19.12499604 10.1750241 19.12499604 10.6250105 0 P 0
L 19.2249806 12.3750197 19.2249806 12.8250061 0 P 0
L 19.2249806 12.3750197 19.6750178 12.3750197 0 P 0
L 19.2249806 12.8250061 19.6750178 12.8250061 0 P 0
L 19.2249806 13.47502004 19.2249806 13.92500644 0 P 0
L 19.2249806 13.47502004 19.6750178 13.47502004 0 P 0
L 19.2249806 13.92500644 19.6750178 13.92500644 0 P 0
L 19.2249806 14.57502038 19.2249806 15.02500678 0 P 0
L 19.2249806 14.57502038 19.6750178 14.57502038 0 P 0
L 19.2249806 15.02500678 19.6750178 15.02500678 0 P 0
L 19.2249806 16.77502106 19.2249806 17.22500746 0 P 0
L 19.2249806 16.77502106 19.6750178 16.77502106 0 P 0
L 19.2249806 17.22500746 19.6750178 17.22500746 0 P 0
L 19.6750178 12.3750197 19.6750178 12.8250061 0 P 0
L 19.6750178 13.47502004 19.6750178 13.92500644 0 P 0
L 19.6750178 14.57502038 19.6750178 15.02500678 0 P 0
L 19.6750178 16.77502106 19.6750178 17.22500746 0 P 0
L 19.77498204 7.9750285 19.77498204 8.4250149 0 P 0
L 19.77498204 7.9750285 20.22501924 7.9750285 0 P 0
L 19.77498204 8.4250149 20.22501924 8.4250149 0 P 0
L 19.77498204 9.0750009 19.77498204 9.5249873 0 P 0
L 19.77498204 9.0750009 20.22501924 9.0750009 0 P 0
L 19.77498204 9.5249873 20.22501924 9.5249873 0 P 0
L 19.77498204 10.1750241 19.77498204 10.6250105 0 P 0
L 19.77498204 10.1750241 20.22501924 10.1750241 0 P 0
L 19.77498204 10.6250105 20.22501924 10.6250105 0 P 0
L 19.77498204 17.8749833 19.77498204 18.3250205 0 P 0
L 19.77498204 17.8749833 20.22501924 17.8749833 0 P 0
L 19.77498204 18.3250205 20.22501924 18.3250205 0 P 0
L 20.22501924 7.9750285 20.22501924 8.4250149 0 P 0
L 20.22501924 9.0750009 20.22501924 9.5249873 0 P 0
L 20.22501924 10.1750241 20.22501924 10.6250105 0 P 0
L 20.22501924 17.8749833 20.22501924 18.3250205 0 P 0
L 20.3249784 12.3750197 20.3249784 12.8250061 0 P 0
L 20.3249784 12.3750197 20.7750156 12.3750197 0 P 0
L 20.3249784 12.8250061 20.7750156 12.8250061 0 P 0
L 20.3249784 13.47502004 20.3249784 13.92500644 0 P 0
L 20.3249784 13.47502004 20.7750156 13.47502004 0 P 0
L 20.3249784 13.92500644 20.7750156 13.92500644 0 P 0
L 20.3249784 16.77502106 20.3249784 17.22500746 0 P 0
L 20.3249784 16.77502106 20.7750156 16.77502106 0 P 0
L 20.3249784 17.22500746 20.7750156 17.22500746 0 P 0
L 20.32498094 14.5750153 20.32498094 15.0250017 0 P 0
L 20.32498094 14.5750153 20.77501814 14.5750153 0 P 0
L 20.32498094 15.0250017 20.77501814 15.0250017 0 P 0
L 20.7750156 12.3750197 20.7750156 12.8250061 0 P 0
L 20.7750156 13.47502004 20.7750156 13.92500644 0 P 0
L 20.7750156 16.77502106 20.7750156 17.22500746 0 P 0
L 20.77501814 14.5750153 20.77501814 15.0250017 0 P 0
L 20.87500524 7.9750285 20.87500524 8.4250149 0 P 0
L 20.87500524 7.9750285 21.32499164 7.9750285 0 P 0
L 20.87500524 8.4250149 21.32499164 8.4250149 0 P 0
L 20.87500524 9.0750009 20.87500524 9.5249873 0 P 0
L 20.87500524 9.0750009 21.32499164 9.0750009 0 P 0
L 20.87500524 9.5249873 21.32499164 9.5249873 0 P 0
L 20.87500524 10.1750241 20.87500524 10.6250105 0 P 0
L 20.87500524 10.1750241 21.32499164 10.1750241 0 P 0
L 20.87500524 10.6250105 21.32499164 10.6250105 0 P 0
L 21.32499164 7.9750285 21.32499164 8.4250149 0 P 0
L 21.32499164 9.0750009 21.32499164 9.5249873 0 P 0
L 21.32499164 10.1750241 21.32499164 10.6250105 0 P 0
L 21.97497764 7.9750285 21.97497764 8.4250149 0 P 0
L 21.97497764 7.9750285 22.42501484 7.9750285 0 P 0
L 21.97497764 8.4250149 22.42501484 8.4250149 0 P 0
L 21.97497764 9.0750009 21.97497764 9.5249873 0 P 0
L 21.97497764 9.0750009 22.42501484 9.0750009 0 P 0
L 21.97497764 9.5249873 22.42501484 9.5249873 0 P 0
L 21.97497764 11.2749965 21.97497764 11.7249829 0 P 0
L 21.97497764 11.2749965 22.42501484 11.2749965 0 P 0
L 21.97497764 11.7249829 22.42501484 11.7249829 0 P 0
L 21.97497764 12.3750197 21.97497764 12.8250061 0 P 0
L 21.97497764 12.3750197 22.42501484 12.3750197 0 P 0
L 21.97497764 12.8250061 22.42501484 12.8250061 0 P 0
L 21.97497764 13.4749921 21.97497764 13.9250293 0 P 0
L 21.97497764 13.4749921 22.42501484 13.4749921 0 P 0
L 21.97497764 13.9250293 22.42501484 13.9250293 0 P 0
L 21.97497764 15.6749877 21.97497764 16.1250249 0 P 0
L 21.97497764 15.6749877 22.42501484 15.6749877 0 P 0
L 21.97497764 16.1250249 22.42501484 16.1250249 0 P 0
L 21.97497764 16.7750109 21.97497764 17.2249973 0 P 0
L 21.97497764 16.7750109 22.42501484 16.7750109 0 P 0
L 21.97497764 17.2249973 22.42501484 17.2249973 0 P 0
L 21.97497764 17.8749833 21.97497764 18.3250205 0 P 0
L 21.97497764 17.8749833 22.42501484 17.8749833 0 P 0
L 21.97497764 18.3250205 22.42501484 18.3250205 0 P 0
L 21.9750005 14.57502038 21.9750005 15.02500678 0 P 0
L 21.9750005 14.57502038 22.4249869 14.57502038 0 P 0
L 21.9750005 15.02500678 22.4249869 15.02500678 0 P 0
L 22.4249869 14.57502038 22.4249869 15.02500678 0 P 0
L 22.42501484 7.9750285 22.42501484 8.4250149 0 P 0
L 22.42501484 9.0750009 22.42501484 9.5249873 0 P 0
L 22.42501484 11.2749965 22.42501484 11.7249829 0 P 0
L 22.42501484 12.3750197 22.42501484 12.8250061 0 P 0
L 22.42501484 13.4749921 22.42501484 13.9250293 0 P 0
L 22.42501484 15.6749877 22.42501484 16.1250249 0 P 0
L 22.42501484 16.7750109 22.42501484 17.2249973 0 P 0
L 22.42501484 17.8749833 22.42501484 18.3250205 0 P 0
L 23.07495004 14.5750153 23.07495004 15.0250017 0 P 0
L 23.07495004 14.5750153 23.52498724 14.5750153 0 P 0
L 23.07495004 15.0250017 23.52498724 15.0250017 0 P 0
L 23.07500084 7.9750285 23.07500084 8.4250149 0 P 0
L 23.07500084 7.9750285 23.52498724 7.9750285 0 P 0
L 23.07500084 8.4250149 23.52498724 8.4250149 0 P 0
L 23.07500084 9.0750009 23.07500084 9.5249873 0 P 0
L 23.07500084 9.0750009 23.52498724 9.0750009 0 P 0
L 23.07500084 9.5249873 23.52498724 9.5249873 0 P 0
L 23.07500084 10.1750241 23.07500084 10.6250105 0 P 0
L 23.07500084 10.1750241 23.52498724 10.1750241 0 P 0
L 23.07500084 10.6250105 23.52498724 10.6250105 0 P 0
L 23.07500084 11.2749965 23.07500084 11.7249829 0 P 0
L 23.07500084 11.2749965 23.52498724 11.2749965 0 P 0
L 23.07500084 11.7249829 23.52498724 11.7249829 0 P 0
L 23.07500084 12.3750197 23.07500084 12.8250061 0 P 0
L 23.07500084 12.3750197 23.52498724 12.3750197 0 P 0
L 23.07500084 12.8250061 23.52498724 12.8250061 0 P 0
L 23.07500084 13.4749921 23.07500084 13.9250293 0 P 0
L 23.07500084 13.4749921 23.52498724 13.4749921 0 P 0
L 23.07500084 13.9250293 23.52498724 13.9250293 0 P 0
L 23.07500084 15.6749877 23.07500084 16.1250249 0 P 0
L 23.07500084 15.6749877 23.52498724 15.6749877 0 P 0
L 23.07500084 16.1250249 23.52498724 16.1250249 0 P 0
L 23.07500084 16.7750109 23.07500084 17.2249973 0 P 0
L 23.07500084 16.7750109 23.52498724 16.7750109 0 P 0
L 23.07500084 17.2249973 23.52498724 17.2249973 0 P 0
L 23.07500084 17.8749833 23.07500084 18.3250205 0 P 0
L 23.07500084 17.8749833 23.52498724 17.8749833 0 P 0
L 23.07500084 18.3250205 23.52498724 18.3250205 0 P 0
L 23.07500084 20.8750281 23.07500084 21.3250145 0 P 0
L 23.07500084 20.8750281 23.52498724 20.8750281 0 P 0
L 23.07500084 21.3250145 23.52498724 21.3250145 0 P 0
L 23.52498724 7.9750285 23.52498724 8.4250149 0 P 0
L 23.52498724 9.0750009 23.52498724 9.5249873 0 P 0
L 23.52498724 10.1750241 23.52498724 10.6250105 0 P 0
L 23.52498724 11.2749965 23.52498724 11.7249829 0 P 0
L 23.52498724 12.3750197 23.52498724 12.8250061 0 P 0
L 23.52498724 13.4749921 23.52498724 13.9250293 0 P 0
L 23.52498724 14.5750153 23.52498724 15.0250017 0 P 0
L 23.52498724 15.6749877 23.52498724 16.1250249 0 P 0
L 23.52498724 16.7750109 23.52498724 17.2249973 0 P 0
L 23.52498724 17.8749833 23.52498724 18.3250205 0 P 0
L 23.52498724 20.8750281 23.52498724 21.3250145 0 P 0
L 24.17497324 7.9750285 24.17497324 8.4250149 0 P 0
L 24.17497324 7.9750285 24.62501044 7.9750285 0 P 0
L 24.17497324 8.4250149 24.62501044 8.4250149 0 P 0
L 24.17497324 9.0750009 24.17497324 9.5249873 0 P 0
L 24.17497324 9.0750009 24.62501044 9.0750009 0 P 0
L 24.17497324 9.5249873 24.62501044 9.5249873 0 P 0
L 24.17497324 10.1750241 24.17497324 10.6250105 0 P 0
L 24.17497324 10.1750241 24.62501044 10.1750241 0 P 0
L 24.17497324 10.6250105 24.62501044 10.6250105 0 P 0
L 24.17497324 11.2749965 24.17497324 11.7249829 0 P 0
L 24.17497324 11.2749965 24.62501044 11.2749965 0 P 0
L 24.17497324 11.7249829 24.62501044 11.7249829 0 P 0
L 24.17497324 12.3750197 24.17497324 12.8250061 0 P 0
L 24.17497324 12.3750197 24.62501044 12.3750197 0 P 0
L 24.17497324 12.8250061 24.62501044 12.8250061 0 P 0
L 24.17497324 13.4749921 24.17497324 13.9250293 0 P 0
L 24.17497324 13.4749921 24.62501044 13.4749921 0 P 0
L 24.17497324 13.9250293 24.62501044 13.9250293 0 P 0
L 24.17497324 14.5750153 24.17497324 15.0250017 0 P 0
L 24.17497324 14.5750153 24.62501044 14.5750153 0 P 0
L 24.17497324 15.0250017 24.62501044 15.0250017 0 P 0
L 24.17497324 15.6749877 24.17497324 16.1250249 0 P 0
L 24.17497324 15.6749877 24.62501044 15.6749877 0 P 0
L 24.17497324 16.1250249 24.62501044 16.1250249 0 P 0
L 24.17497324 16.7750109 24.17497324 17.2249973 0 P 0
L 24.17497324 16.7750109 24.62501044 16.7750109 0 P 0
L 24.17497324 17.2249973 24.62501044 17.2249973 0 P 0
L 24.17497324 17.8749833 24.17497324 18.3250205 0 P 0
L 24.17497324 17.8749833 24.62501044 17.8749833 0 P 0
L 24.17497324 18.3250205 24.62501044 18.3250205 0 P 0
L 24.17497324 19.3750057 24.17497324 19.8249921 0 P 0
L 24.17497324 19.3750057 24.62501044 19.3750057 0 P 0
L 24.17497324 19.8249921 24.62501044 19.8249921 0 P 0
L 24.17497324 20.8750281 24.17497324 21.3250145 0 P 0
L 24.17497324 20.8750281 24.62501044 20.8750281 0 P 0
L 24.17497324 21.3250145 24.62501044 21.3250145 0 P 0
L 24.62501044 7.9750285 24.62501044 8.4250149 0 P 0
L 24.62501044 9.0750009 24.62501044 9.5249873 0 P 0
L 24.62501044 10.1750241 24.62501044 10.6250105 0 P 0
L 24.62501044 11.2749965 24.62501044 11.7249829 0 P 0
L 24.62501044 12.3750197 24.62501044 12.8250061 0 P 0
L 24.62501044 13.4749921 24.62501044 13.9250293 0 P 0
L 24.62501044 14.5750153 24.62501044 15.0250017 0 P 0
L 24.62501044 15.6749877 24.62501044 16.1250249 0 P 0
L 24.62501044 16.7750109 24.62501044 17.2249973 0 P 0
L 24.62501044 17.8749833 24.62501044 18.3250205 0 P 0
L 24.62501044 19.3750057 24.62501044 19.8249921 0 P 0
L 24.62501044 20.8750281 24.62501044 21.3250145 0 P 0
