UNITS=MM
#Layer_Color=9474304
#
#Feature symbol names
#
$0 r127
$1 r169.33164

#
#Feature attribute names
#

#
#Layer features
#
A 2.61800086 4.21999918 2.61800086 4.21999918 2.11000086 4.21999918 1 P 0 N
A 5.15800086 4.21999918 5.15800086 4.21999918 4.65000086 4.21999918 1 P 0 N
A 7.69800086 4.21999918 7.69800086 4.21999918 7.19000086 4.21999918 1 P 0 N
A 10.23800086 4.21999918 10.23800086 4.21999918 9.73000086 4.21999918 1 P 0 N
A 12.77800086 4.21999918 12.77800086 4.21999918 12.27000086 4.21999918 1 P 0 N
A 15.31800086 4.21999918 15.31800086 4.21999918 14.81000086 4.21999918 1 P 0 N
A 17.85800086 4.21999918 17.85800086 4.21999918 17.35000086 4.21999918 1 P 0 N
A 20.39800086 4.21999918 20.39800086 4.21999918 19.89000086 4.21999918 1 P 0 N
L 0.29200094 19.89199984 0.29200094 20.90799984 0 P 0
L 0.29200094 19.89199984 1.30800094 19.89199984 0 P 0
L 0.29200094 20.90799984 1.30800094 20.90799984 0 P 0
L 0.29200094 20.99200018 0.29200094 22.00800018 0 P 0
L 0.29200094 20.99200018 1.30800094 20.99200018 0 P 0
L 0.29200094 22.00800018 1.30800094 22.00800018 0 P 0
L 0.29200094 22.1920054 0.29200094 23.2080054 0 P 0
L 0.29200094 22.1920054 1.30800094 22.1920054 0 P 0
L 0.29200094 23.2080054 1.30800094 23.2080054 0 P 0
L 0.29200094 23.69200494 0.29200094 24.70800494 0 P 0
L 0.29200094 23.69200494 1.30800094 23.69200494 0 P 0
L 0.29200094 24.70800494 1.30800094 24.70800494 0 P 0
L 0.29200094 25.19200448 0.29200094 26.20800448 0 P 0
L 0.29200094 25.19200448 1.30800094 25.19200448 0 P 0
L 0.29200094 26.20800448 1.30800094 26.20800448 0 P 0
L 0.29200094 26.69200402 0.29200094 27.70800402 0 P 0
L 0.29200094 26.69200402 1.30800094 26.69200402 0 P 0
L 0.29200094 27.70800402 1.30800094 27.70800402 0 P 0
L 0.29200094 28.19200356 0.29200094 29.20800356 0 P 0
L 0.29200094 28.19200356 1.30800094 28.19200356 0 P 0
L 0.29200094 29.20800356 1.30800094 29.20800356 0 P 0
L 0.29200094 29.6920031 0.29200094 30.7080031 0 P 0
L 0.29200094 29.6920031 1.30800094 29.6920031 0 P 0
L 0.29200094 30.7080031 1.30800094 30.7080031 0 P 0
L 0.29200094 31.19200264 0.29200094 32.20800264 0 P 0
L 0.29200094 31.19200264 1.30800094 31.19200264 0 P 0
L 0.29200094 32.20800264 1.30800094 32.20800264 0 P 0
L 0.29200094 32.69200218 0.29200094 33.70800218 0 P 0
L 0.29200094 32.69200218 1.30800094 32.69200218 0 P 0
L 0.29200094 33.70800218 1.30800094 33.70800218 0 P 0
L 0.29200094 34.19200172 0.29200094 35.20800172 0 P 0
L 0.29200094 34.19200172 1.30800094 34.19200172 0 P 0
L 0.29200094 35.20800172 1.30800094 35.20800172 0 P 0
L 0.29200094 35.69200126 0.29200094 36.70800126 0 P 0
L 0.29200094 35.69200126 1.30800094 35.69200126 0 P 0
L 0.29200094 36.70800126 1.30800094 36.70800126 0 P 0
L 0.29200094 37.1920008 0.29200094 38.2080008 0 P 0
L 0.29200094 37.1920008 1.30800094 37.1920008 0 P 0
L 0.29200094 38.2080008 1.30800094 38.2080008 0 P 0
L 0.29200094 38.69200034 0.29200094 39.70800034 0 P 0
L 0.29200094 38.69200034 1.30800094 38.69200034 0 P 0
L 0.29200094 39.70800034 1.30800094 39.70800034 0 P 0
L 1.27200406 17.19198492 1.27200406 18.20798492 0 P 0
L 1.27200406 17.19198492 2.28800406 17.19198492 0 P 0
L 1.27200406 18.20798492 2.28800406 18.20798492 0 P 0
L 1.30800094 19.89199984 1.30800094 20.90799984 0 P 0
L 1.30800094 20.99200018 1.30800094 22.00800018 0 P 0
L 1.30800094 22.1920054 1.30800094 23.2080054 0 P 0
L 1.30800094 23.69200494 1.30800094 24.70800494 0 P 0
L 1.30800094 25.19200448 1.30800094 26.20800448 0 P 0
L 1.30800094 26.69200402 1.30800094 27.70800402 0 P 0
L 1.30800094 28.19200356 1.30800094 29.20800356 0 P 0
L 1.30800094 29.6920031 1.30800094 30.7080031 0 P 0
L 1.30800094 31.19200264 1.30800094 32.20800264 0 P 0
L 1.30800094 32.69200218 1.30800094 33.70800218 0 P 0
L 1.30800094 34.19200172 1.30800094 35.20800172 0 P 0
L 1.30800094 35.69200126 1.30800094 36.70800126 0 P 0
L 1.30800094 37.1920008 1.30800094 38.2080008 0 P 0
L 1.30800094 38.69200034 1.30800094 39.70800034 0 P 0
L 1.59200088 19.89199984 1.59200088 20.90799984 0 P 0
L 1.59200088 19.89199984 2.60800088 19.89199984 0 P 0
L 1.59200088 20.90799984 2.60800088 20.90799984 0 P 0
L 1.79200048 22.1920054 1.79200048 23.2080054 0 P 0
L 1.79200048 22.1920054 2.80800048 22.1920054 0 P 0
L 1.79200048 23.2080054 2.80800048 23.2080054 0 P 0
L 1.79200048 23.69200494 1.79200048 24.70800494 0 P 0
L 1.79200048 23.69200494 2.80800048 23.69200494 0 P 0
L 1.79200048 24.70800494 2.80800048 24.70800494 0 P 0
L 1.79200048 25.19200448 1.79200048 26.20800448 0 P 0
L 1.79200048 25.19200448 2.80800048 25.19200448 0 P 0
L 1.79200048 26.20800448 2.80800048 26.20800448 0 P 0
L 1.79200048 26.69200402 1.79200048 27.70800402 0 P 0
L 1.79200048 26.69200402 2.80800048 26.69200402 0 P 0
L 1.79200048 27.70800402 2.80800048 27.70800402 0 P 0
L 1.79200048 28.19200356 1.79200048 29.20800356 0 P 0
L 1.79200048 28.19200356 2.80800048 28.19200356 0 P 0
L 1.79200048 29.20800356 2.80800048 29.20800356 0 P 0
L 1.79200048 29.6920031 1.79200048 30.7080031 0 P 0
L 1.79200048 29.6920031 2.80800048 29.6920031 0 P 0
L 1.79200048 30.7080031 2.80800048 30.7080031 0 P 0
L 1.79200048 31.19200264 1.79200048 32.20800264 0 P 0
L 1.79200048 31.19200264 2.80800048 31.19200264 0 P 0
L 1.79200048 32.20800264 2.80800048 32.20800264 0 P 0
L 1.79200048 32.69200218 1.79200048 33.70800218 0 P 0
L 1.79200048 32.69200218 2.80800048 32.69200218 0 P 0
L 1.79200048 33.70800218 2.80800048 33.70800218 0 P 0
L 1.79200048 34.19200172 1.79200048 35.20800172 0 P 0
L 1.79200048 34.19200172 2.80800048 34.19200172 0 P 0
L 1.79200048 35.20800172 2.80800048 35.20800172 0 P 0
L 1.79200048 35.69200126 1.79200048 36.70800126 0 P 0
L 1.79200048 35.69200126 2.80800048 35.69200126 0 P 0
L 1.79200048 36.70800126 2.80800048 36.70800126 0 P 0
L 1.79200048 37.1920008 1.79200048 38.2080008 0 P 0
L 1.79200048 37.1920008 2.80800048 37.1920008 0 P 0
L 1.79200048 38.2080008 2.80800048 38.2080008 0 P 0
L 1.79200048 38.69200034 1.79200048 39.70800034 0 P 0
L 1.79200048 38.69200034 2.80800048 38.69200034 0 P 0
L 1.79200048 39.70800034 2.80800048 39.70800034 0 P 0
L 2.28800406 17.19198492 2.28800406 18.20798492 0 P 0
L 2.49199908 19.69200024 2.49199908 20.70800024 0 P 0
L 2.49199908 19.69200024 3.50799908 19.69200024 0 P 0
L 2.49199908 20.70800024 3.50799908 20.70800024 0 P 0
L 2.60800088 19.89199984 2.60800088 20.90799984 0 P 0
L 2.80800048 22.1920054 2.80800048 23.2080054 0 P 0
L 2.80800048 23.69200494 2.80800048 24.70800494 0 P 0
L 2.80800048 25.19200448 2.80800048 26.20800448 0 P 0
L 2.80800048 26.69200402 2.80800048 27.70800402 0 P 0
L 2.80800048 28.19200356 2.80800048 29.20800356 0 P 0
L 2.80800048 29.6920031 2.80800048 30.7080031 0 P 0
L 2.80800048 31.19200264 2.80800048 32.20800264 0 P 0
L 2.80800048 32.69200218 2.80800048 33.70800218 0 P 0
L 2.80800048 34.19200172 2.80800048 35.20800172 0 P 0
L 2.80800048 35.69200126 2.80800048 36.70800126 0 P 0
L 2.80800048 37.1920008 2.80800048 38.2080008 0 P 0
L 2.80800048 38.69200034 2.80800048 39.70800034 0 P 0
L 2.99200062 9.49200032 3.24600062 10.00000032 0 P 0
L 2.99200062 9.49200032 3.50000062 9.74600032 0 P 0
L 2.99200062 10.50800032 3.24600062 10.00000032 0 P 0
L 2.99200062 10.50800032 3.50000062 10.25400032 0 P 0
L 3.29200002 22.1920054 3.29200002 23.2080054 0 P 0
L 3.29200002 22.1920054 4.30800002 22.1920054 0 P 0
L 3.29200002 23.2080054 4.30800002 23.2080054 0 P 0
L 3.29200002 23.69200494 3.29200002 24.70800494 0 P 0
L 3.29200002 23.69200494 4.30800002 23.69200494 0 P 0
L 3.29200002 24.70800494 4.30800002 24.70800494 0 P 0
L 3.29200002 25.19200448 3.29200002 26.20800448 0 P 0
L 3.29200002 25.19200448 4.30800002 25.19200448 0 P 0
L 3.29200002 26.20800448 4.30800002 26.20800448 0 P 0
L 3.29200002 26.69200402 3.29200002 27.70800402 0 P 0
L 3.29200002 26.69200402 4.30800002 26.69200402 0 P 0
L 3.29200002 27.70800402 4.30800002 27.70800402 0 P 0
L 3.29200002 28.19200356 3.29200002 29.20800356 0 P 0
L 3.29200002 28.19200356 4.30800002 28.19200356 0 P 0
L 3.29200002 29.20800356 4.30800002 29.20800356 0 P 0
L 3.29200002 29.6920031 3.29200002 30.7080031 0 P 0
L 3.29200002 29.6920031 4.30800002 29.6920031 0 P 0
L 3.29200002 30.7080031 4.30800002 30.7080031 0 P 0
L 3.29200002 31.19200264 3.29200002 32.20800264 0 P 0
L 3.29200002 31.19200264 4.30800002 31.19200264 0 P 0
L 3.29200002 32.20800264 4.30800002 32.20800264 0 P 0
L 3.29200002 32.69200218 3.29200002 33.70800218 0 P 0
L 3.29200002 32.69200218 4.30800002 32.69200218 0 P 0
L 3.29200002 33.70800218 4.30800002 33.70800218 0 P 0
L 3.29200002 34.19200172 3.29200002 35.20800172 0 P 0
L 3.29200002 34.19200172 4.30800002 34.19200172 0 P 0
L 3.29200002 35.20800172 4.30800002 35.20800172 0 P 0
L 3.29200002 35.69200126 3.29200002 36.70800126 0 P 0
L 3.29200002 35.69200126 4.30800002 35.69200126 0 P 0
L 3.29200002 36.70800126 4.30800002 36.70800126 0 P 0
L 3.29200002 37.1920008 3.29200002 38.2080008 0 P 0
L 3.29200002 37.1920008 4.30800002 37.1920008 0 P 0
L 3.29200002 38.2080008 4.30800002 38.2080008 0 P 0
L 3.29200002 38.69200034 3.29200002 39.70800034 0 P 0
L 3.29200002 38.69200034 4.30800002 38.69200034 0 P 0
L 3.29200002 39.70800034 4.30800002 39.70800034 0 P 0
L 3.49199962 19.69200024 3.49199962 20.70800024 0 P 0
L 3.49199962 19.69200024 4.50799962 19.69200024 0 P 0
L 3.49199962 20.70800024 4.50799962 20.70800024 0 P 0
L 3.50000062 9.74600032 4.00800062 9.49200032 0 P 0
L 3.50000062 10.25400032 4.00800062 10.50800032 0 P 0
L 3.50799908 19.69200024 3.50799908 20.70800024 0 P 0
L 3.75400062 10.00000032 4.00800062 9.49200032 0 P 0
L 3.75400062 10.00000032 4.00800062 10.50800032 0 P 0
L 3.79199902 15.79200042 3.79199902 16.80800042 0 P 0
L 3.79199902 15.79200042 4.80799902 15.79200042 0 P 0
L 3.79199902 16.80800042 4.80799902 16.80800042 0 P 0
L 4.30800002 22.1920054 4.30800002 23.2080054 0 P 0
L 4.30800002 23.69200494 4.30800002 24.70800494 0 P 0
L 4.30800002 25.19200448 4.30800002 26.20800448 0 P 0
L 4.30800002 26.69200402 4.30800002 27.70800402 0 P 0
L 4.30800002 28.19200356 4.30800002 29.20800356 0 P 0
L 4.30800002 29.6920031 4.30800002 30.7080031 0 P 0
L 4.30800002 31.19200264 4.30800002 32.20800264 0 P 0
L 4.30800002 32.69200218 4.30800002 33.70800218 0 P 0
L 4.30800002 34.19200172 4.30800002 35.20800172 0 P 0
L 4.30800002 35.69200126 4.30800002 36.70800126 0 P 0
L 4.30800002 37.1920008 4.30800002 38.2080008 0 P 0
L 4.30800002 38.69200034 4.30800002 39.70800034 0 P 0
L 4.49200016 19.69200024 4.49200016 20.70800024 0 P 0
L 4.49200016 19.69200024 5.50800016 19.69200024 0 P 0
L 4.49200016 20.70800024 5.50800016 20.70800024 0 P 0
L 4.50799962 19.69200024 4.50799962 20.70800024 0 P 0
L 4.79199956 23.69200494 4.79199956 24.70800494 0 P 0
L 4.79199956 23.69200494 5.80799956 23.69200494 0 P 0
L 4.79199956 24.70800494 5.80799956 24.70800494 0 P 0
L 4.79199956 25.19200448 4.79199956 26.20800448 0 P 0
L 4.79199956 25.19200448 5.80799956 25.19200448 0 P 0
L 4.79199956 26.20800448 5.80799956 26.20800448 0 P 0
L 4.79199956 26.69200402 4.79199956 27.70800402 0 P 0
L 4.79199956 26.69200402 5.80799956 26.69200402 0 P 0
L 4.79199956 27.70800402 5.80799956 27.70800402 0 P 0
L 4.79199956 29.6920031 4.79199956 30.7080031 0 P 0
L 4.79199956 29.6920031 5.80799956 29.6920031 0 P 0
L 4.79199956 30.7080031 5.80799956 30.7080031 0 P 0
L 4.79199956 32.69200218 4.79199956 33.70800218 0 P 0
L 4.79199956 32.69200218 5.80799956 32.69200218 0 P 0
L 4.79199956 33.70800218 5.80799956 33.70800218 0 P 0
L 4.79199956 34.19200172 4.79199956 35.20800172 0 P 0
L 4.79199956 34.19200172 5.80799956 34.19200172 0 P 0
L 4.79199956 35.20800172 5.80799956 35.20800172 0 P 0
L 4.79199956 35.69200126 4.79199956 36.70800126 0 P 0
L 4.79199956 35.69200126 5.80799956 35.69200126 0 P 0
L 4.79199956 36.70800126 5.80799956 36.70800126 0 P 0
L 4.79199956 37.1920008 4.79199956 38.2080008 0 P 0
L 4.79199956 37.1920008 5.80799956 37.1920008 0 P 0
L 4.79199956 38.2080008 5.80799956 38.2080008 0 P 0
L 4.79199956 38.69200034 4.79199956 39.70800034 0 P 0
L 4.79199956 38.69200034 5.80799956 38.69200034 0 P 0
L 4.79199956 39.70800034 5.80799956 39.70800034 0 P 0
L 4.80799902 15.79200042 4.80799902 16.80800042 0 P 0
L 5.41699958 28.19200102 5.41699958 29.20800102 0 P 0
L 5.41699958 28.19200102 6.43299958 28.19200102 0 P 0
L 5.41699958 29.19200156 5.41699958 30.20800156 0 P 0
L 5.41699958 29.19200156 6.43299958 29.19200156 0 P 0
L 5.41699958 29.20800102 6.43299958 29.20800102 0 P 0
L 5.41699958 30.19199956 5.41699958 31.20799956 0 P 0
L 5.41699958 30.19199956 6.43299958 30.19199956 0 P 0
L 5.41699958 30.20800156 6.43299958 30.20800156 0 P 0
L 5.41699958 31.1920001 5.41699958 32.2080001 0 P 0
L 5.41699958 31.1920001 6.43299958 31.1920001 0 P 0
L 5.41699958 31.20799956 6.43299958 31.20799956 0 P 0
L 5.41699958 32.19200064 5.41699958 33.20800064 0 P 0
L 5.41699958 32.19200064 6.43299958 32.19200064 0 P 0
L 5.41699958 32.2080001 6.43299958 32.2080001 0 P 0
L 5.41699958 33.20800064 6.43299958 33.20800064 0 P 0
L 5.4920007 19.69200024 5.4920007 20.70800024 0 P 0
L 5.4920007 19.69200024 6.5080007 19.69200024 0 P 0
L 5.4920007 20.70800024 6.5080007 20.70800024 0 P 0
L 5.50800016 19.69200024 5.50800016 20.70800024 0 P 0
L 5.80799956 23.69200494 5.80799956 24.70800494 0 P 0
L 5.80799956 25.19200448 5.80799956 26.20800448 0 P 0
L 5.80799956 26.69200402 5.80799956 27.70800402 0 P 0
L 5.80799956 29.6920031 5.80799956 30.7080031 0 P 0
L 5.80799956 32.69200218 5.80799956 33.70800218 0 P 0
L 5.80799956 34.19200172 5.80799956 35.20800172 0 P 0
L 5.80799956 35.69200126 5.80799956 36.70800126 0 P 0
L 5.80799956 37.1920008 5.80799956 38.2080008 0 P 0
L 5.80799956 38.69200034 5.80799956 39.70800034 0 P 0
L 6.43299958 28.19200102 6.43299958 29.20800102 0 P 0
L 6.43299958 29.19200156 6.43299958 30.20800156 0 P 0
L 6.43299958 30.19199956 6.43299958 31.20799956 0 P 0
L 6.43299958 31.1920001 6.43299958 32.2080001 0 P 0
L 6.43299958 32.19200064 6.43299958 33.20800064 0 P 0
L 6.49200124 19.69200024 6.49200124 20.70800024 0 P 0
L 6.49200124 19.69200024 7.50800124 19.69200024 0 P 0
L 6.49200124 20.70800024 7.50800124 20.70800024 0 P 0
L 6.5080007 19.69200024 6.5080007 20.70800024 0 P 0
L 7.50800124 19.69200024 7.50800124 20.70800024 0 P 0
L 7.59199904 19.99199964 7.59199904 21.00799964 0 P 0
L 7.59199904 19.99199964 8.60799904 19.99199964 0 P 0
L 7.59199904 21.00799964 8.60799904 21.00799964 0 P 0
L 7.59199904 26.29199974 7.59199904 27.30799974 0 P 0
L 7.59199904 26.29199974 8.60799904 26.29199974 0 P 0
L 7.59199904 27.30799974 8.60799904 27.30799974 0 P 0
L 7.79199864 22.1920054 7.79199864 23.2080054 0 P 0
L 7.79199864 22.1920054 8.80799864 22.1920054 0 P 0
L 7.79199864 23.2080054 8.80799864 23.2080054 0 P 0
L 7.79199864 23.69200494 7.79199864 24.70800494 0 P 0
L 7.79199864 23.69200494 8.80799864 23.69200494 0 P 0
L 7.79199864 24.70800494 8.80799864 24.70800494 0 P 0
L 7.95200086 10.50800032 8.46000086 9.49200032 0 P 0
L 7.95200086 10.50800032 8.96800086 10.50800032 0 P 0
L 8.09200058 13.49199994 8.09200058 14.50799994 0 P 0
L 8.09200058 13.49199994 9.10800058 13.49199994 0 P 0
L 8.09200058 14.50799994 9.10800058 14.50799994 0 P 0
L 8.46000086 9.49200032 8.96800086 10.50800032 0 P 0
L 8.517001 34.09199938 8.517001 35.10799938 0 P 0
L 8.517001 34.09199938 9.533001 34.09199938 0 P 0
L 8.517001 35.10799938 9.533001 35.10799938 0 P 0
L 8.59199704 17.49199956 8.59199704 18.50799956 0 P 0
L 8.59199704 17.49199956 9.60799704 17.49199956 0 P 0
L 8.59199704 18.50799956 9.60799704 18.50799956 0 P 0
L 8.59199958 19.69200024 8.59199958 20.70800024 0 P 0
L 8.59199958 19.69200024 9.60799958 19.69200024 0 P 0
L 8.59199958 20.70800024 9.60799958 20.70800024 0 P 0
L 8.60799904 19.99199964 8.60799904 21.00799964 0 P 0
L 8.60799904 26.29199974 8.60799904 27.30799974 0 P 0
L 8.79199918 31.2919999 8.79199918 32.3079999 0 P 0
L 8.79199918 31.2919999 9.80799918 31.2919999 0 P 0
L 8.79199918 32.3079999 9.80799918 32.3079999 0 P 0
L 8.79199918 33.29200098 8.79199918 34.30800098 0 P 0
L 8.79199918 33.29200098 9.80799918 33.29200098 0 P 0
L 8.79199918 34.30800098 9.80799918 34.30800098 0 P 0
L 8.80799864 22.1920054 8.80799864 23.2080054 0 P 0
L 8.80799864 23.69200494 8.80799864 24.70800494 0 P 0
L 8.89199898 28.99199942 8.89199898 30.00799942 0 P 0
L 8.89199898 28.99199942 9.90799898 28.99199942 0 P 0
L 8.89199898 30.00799942 9.90799898 30.00799942 0 P 0
L 9.10800058 13.49199994 9.10800058 14.50799994 0 P 0
L 9.19200092 7.89200098 9.19200092 8.90800098 0 P 0
L 9.19200092 7.89200098 10.20800092 7.89200098 0 P 0
L 9.19200092 8.90800098 10.20800092 8.90800098 0 P 0
L 9.2169996 6.61699972 9.2169996 7.63299972 0 P 0
L 9.2169996 6.61699972 10.2329996 6.61699972 0 P 0
L 9.2169996 7.63299972 10.2329996 7.63299972 0 P 0
L 9.29199818 22.1920054 9.29199818 23.2080054 0 P 0
L 9.29199818 22.1920054 10.30799818 22.1920054 0 P 0
L 9.29199818 23.2080054 10.30799818 23.2080054 0 P 0
L 9.29199818 23.69200494 9.29199818 24.70800494 0 P 0
L 9.29199818 23.69200494 10.30799818 23.69200494 0 P 0
L 9.29199818 24.70800494 10.30799818 24.70800494 0 P 0
L 9.533001 34.09199938 9.533001 35.10799938 0 P 0
L 9.59199758 17.49199956 9.59199758 18.50799956 0 P 0
L 9.59199758 17.49199956 10.60799758 17.49199956 0 P 0
L 9.59199758 18.50799956 10.60799758 18.50799956 0 P 0
L 9.59200012 15.68899834 9.59200012 16.70499834 0 P 0
L 9.59200012 15.68899834 10.60800012 15.68899834 0 P 0
L 9.59200012 16.70499834 10.60800012 16.70499834 0 P 0
L 9.59200012 19.69200024 9.59200012 20.70800024 0 P 0
L 9.59200012 19.69200024 10.60800012 19.69200024 0 P 0
L 9.59200012 20.70800024 10.60800012 20.70800024 0 P 0
L 9.60799704 17.49199956 9.60799704 18.50799956 0 P 0
L 9.60799958 19.69200024 9.60799958 20.70800024 0 P 0
L 9.79199972 33.29200098 9.79199972 34.30800098 0 P 0
L 9.79199972 33.29200098 10.80799972 33.29200098 0 P 0
L 9.79199972 34.30800098 10.80799972 34.30800098 0 P 0
L 9.80799918 31.2919999 9.80799918 32.3079999 0 P 0
L 9.80799918 33.29200098 9.80799918 34.30800098 0 P 0
L 9.90799898 28.99199942 9.90799898 30.00799942 0 P 0
L 10.20800092 7.89200098 10.20800092 8.90800098 0 P 0
L 10.2329996 6.61699972 10.2329996 7.63299972 0 P 0
L 10.30799818 22.1920054 10.30799818 23.2080054 0 P 0
L 10.30799818 23.69200494 10.30799818 24.70800494 0 P 0
L 10.39200106 20.99200018 10.39200106 22.00800018 0 P 0
L 10.39200106 20.99200018 11.40800106 20.99200018 0 P 0
L 10.39200106 22.00800018 11.40800106 22.00800018 0 P 0
L 10.60799758 17.49199956 10.60799758 18.50799956 0 P 0
L 10.60800012 15.68899834 10.60800012 16.70499834 0 P 0
L 10.60800012 19.69200024 10.60800012 20.70800024 0 P 0
L 10.79199772 23.69200494 10.79199772 24.70800494 0 P 0
L 10.79199772 23.69200494 11.80799772 23.69200494 0 P 0
L 10.79199772 24.70800494 11.80799772 24.70800494 0 P 0
L 10.79200026 33.29200098 10.79200026 34.30800098 0 P 0
L 10.79200026 33.29200098 11.80800026 33.29200098 0 P 0
L 10.79200026 34.30800098 11.80800026 34.30800098 0 P 0
L 10.80799972 33.29200098 10.80799972 34.30800098 0 P 0
L 10.99199986 19.89199984 10.99199986 20.90799984 0 P 0
L 10.99199986 19.89199984 12.00799986 19.89199984 0 P 0
L 10.99199986 20.90799984 12.00799986 20.90799984 0 P 0
L 11.40800106 20.99200018 11.40800106 22.00800018 0 P 0
L 11.692001 33.99199958 11.692001 35.00799958 0 P 0
L 11.692001 33.99199958 12.708001 33.99199958 0 P 0
L 11.692001 35.00799958 12.708001 35.00799958 0 P 0
L 11.7920008 19.89199984 11.7920008 20.90799984 0 P 0
L 11.7920008 19.89199984 12.8080008 19.89199984 0 P 0
L 11.7920008 20.90799984 12.8080008 20.90799984 0 P 0
L 11.80799772 23.69200494 11.80799772 24.70800494 0 P 0
L 11.80800026 33.29200098 11.80800026 34.30800098 0 P 0
L 12.00799986 19.89199984 12.00799986 20.90799984 0 P 0
L 12.0920002 29.09199922 12.0920002 30.10799922 0 P 0
L 12.0920002 29.09199922 13.1080002 29.09199922 0 P 0
L 12.0920002 30.10799922 13.1080002 30.10799922 0 P 0
L 12.192 16.9950003 12.192 18.0110003 0 P 0
L 12.192 16.9950003 13.208 16.9950003 0 P 0
L 12.192 18.0110003 13.208 18.0110003 0 P 0
L 12.29199726 22.1920054 12.29199726 23.2080054 0 P 0
L 12.29199726 22.1920054 13.30799726 22.1920054 0 P 0
L 12.29199726 23.2080054 13.30799726 23.2080054 0 P 0
L 12.29199726 31.19200264 12.29199726 32.20800264 0 P 0
L 12.29199726 31.19200264 13.30799726 31.19200264 0 P 0
L 12.29199726 32.20800264 13.30799726 32.20800264 0 P 0
L 12.2919998 14.69200008 12.2919998 15.70800008 0 P 0
L 12.2919998 14.69200008 13.3079998 14.69200008 0 P 0
L 12.2919998 15.70800008 13.3079998 15.70800008 0 P 0
L 12.51700062 34.09199938 12.51700062 35.10799938 0 P 0
L 12.51700062 34.09199938 13.53300062 34.09199938 0 P 0
L 12.51700062 35.10799938 13.53300062 35.10799938 0 P 0
L 12.691999 19.69200024 12.691999 20.70800024 0 P 0
L 12.691999 19.69200024 13.707999 19.69200024 0 P 0
L 12.691999 20.70800024 13.707999 20.70800024 0 P 0
L 12.708001 33.99199958 12.708001 35.00799958 0 P 0
L 12.8080008 19.89199984 12.8080008 20.90799984 0 P 0
L 13.0304413 15.42497804 13.0304413 16.44097804 0 P 0
L 13.0304413 15.42497804 14.0464413 15.42497804 0 P 0
L 13.0304413 16.44097804 14.0464413 16.44097804 0 P 0
L 13.03200086 9.49200032 13.54000086 8.47600032 0 P 0
L 13.03200086 9.49200032 14.04800086 9.49200032 0 P 0
L 13.03200086 11.52400032 13.54000086 10.50800032 0 P 0
L 13.03200086 11.52400032 14.04800086 11.52400032 0 P 0
L 13.1080002 29.09199922 13.1080002 30.10799922 0 P 0
L 13.208 16.9950003 13.208 18.0110003 0 P 0
L 13.30799726 22.1920054 13.30799726 23.2080054 0 P 0
L 13.30799726 31.19200264 13.30799726 32.20800264 0 P 0
L 13.3079998 14.69200008 13.3079998 15.70800008 0 P 0
L 13.39200014 26.29199974 13.39200014 27.30799974 0 P 0
L 13.39200014 26.29199974 14.40800014 26.29199974 0 P 0
L 13.39200014 27.30799974 14.40800014 27.30799974 0 P 0
L 13.53300062 34.09199938 13.53300062 35.10799938 0 P 0
L 13.54000086 8.47600032 14.04800086 9.49200032 0 P 0
L 13.54000086 10.50800032 14.04800086 11.52400032 0 P 0
L 13.69199954 19.69200024 13.69199954 20.70800024 0 P 0
L 13.69199954 19.69200024 14.70799954 19.69200024 0 P 0
L 13.69199954 20.70800024 14.70799954 20.70800024 0 P 0
L 13.707999 19.69200024 13.707999 20.70800024 0 P 0
L 13.7919968 22.1920054 13.7919968 23.2080054 0 P 0
L 13.7919968 22.1920054 14.8079968 22.1920054 0 P 0
L 13.7919968 23.2080054 14.8079968 23.2080054 0 P 0
L 13.7919968 23.69200494 13.7919968 24.70800494 0 P 0
L 13.7919968 23.69200494 14.8079968 23.69200494 0 P 0
L 13.7919968 24.70800494 14.8079968 24.70800494 0 P 0
L 14.0464413 15.42497804 14.0464413 16.44097804 0 P 0
L 14.40800014 26.29199974 14.40800014 27.30799974 0 P 0
L 14.68810626 17.4944278 14.68810626 18.5104278 0 P 0
L 14.68810626 17.4944278 15.70410626 17.4944278 0 P 0
L 14.68810626 18.5104278 15.70410626 18.5104278 0 P 0
L 14.70799954 19.69200024 14.70799954 20.70800024 0 P 0
L 14.8079968 22.1920054 14.8079968 23.2080054 0 P 0
L 14.8079968 23.69200494 14.8079968 24.70800494 0 P 0
L 15.29199634 37.1920008 15.29199634 38.2080008 0 P 0
L 15.29199634 37.1920008 16.30799634 37.1920008 0 P 0
L 15.29199634 38.2080008 16.30799634 38.2080008 0 P 0
L 15.69199808 17.49199956 15.69199808 18.50799956 0 P 0
L 15.69199808 17.49199956 16.70799808 17.49199956 0 P 0
L 15.69199808 18.50799956 16.70799808 18.50799956 0 P 0
L 15.70410626 17.4944278 15.70410626 18.5104278 0 P 0
L 15.7169993 27.19199794 15.7169993 28.20799794 0 P 0
L 15.7169993 27.19199794 16.7329993 27.19199794 0 P 0
L 15.7169993 28.19199848 15.7169993 29.20799848 0 P 0
L 15.7169993 28.19199848 16.7329993 28.19199848 0 P 0
L 15.7169993 28.20799794 16.7329993 28.20799794 0 P 0
L 15.7169993 29.20799848 16.7329993 29.20799848 0 P 0
L 16.30799634 37.1920008 16.30799634 38.2080008 0 P 0
L 16.70799808 17.49199956 16.70799808 18.50799956 0 P 0
L 16.7329993 27.19199794 16.7329993 28.20799794 0 P 0
L 16.7329993 28.19199848 16.7329993 29.20799848 0 P 0
L 16.79199588 29.6920031 16.79199588 30.7080031 0 P 0
L 16.79199588 29.6920031 17.80799588 29.6920031 0 P 0
L 16.79199588 30.7080031 17.80799588 30.7080031 0 P 0
L 16.79199588 31.19200264 16.79199588 32.20800264 0 P 0
L 16.79199588 31.19200264 17.80799588 31.19200264 0 P 0
L 16.79199588 32.20800264 17.80799588 32.20800264 0 P 0
L 16.79199588 37.1920008 16.79199588 38.2080008 0 P 0
L 16.79199588 37.1920008 17.80799588 37.1920008 0 P 0
L 16.79199588 38.2080008 17.80799588 38.2080008 0 P 0
L 16.79199588 38.69200034 16.79199588 39.70800034 0 P 0
L 16.79199588 38.69200034 17.80799588 38.69200034 0 P 0
L 16.79199588 39.70800034 17.80799588 39.70800034 0 P 0
L 17.69199916 17.39199976 17.69199916 18.40799976 0 P 0
L 17.69199916 17.39199976 18.70799916 17.39199976 0 P 0
L 17.69199916 18.40799976 18.70799916 18.40799976 0 P 0
L 17.80799588 29.6920031 17.80799588 30.7080031 0 P 0
L 17.80799588 31.19200264 17.80799588 32.20800264 0 P 0
L 17.80799588 37.1920008 17.80799588 38.2080008 0 P 0
L 17.80799588 38.69200034 17.80799588 39.70800034 0 P 0
L 17.9920011 9.49200032 18.2460011 10.00000032 0 P 0
L 17.9920011 9.49200032 18.5000011 9.74600032 0 P 0
L 17.9920011 10.50800032 18.2460011 10.00000032 0 P 0
L 17.9920011 10.50800032 18.5000011 10.25400032 0 P 0
L 18.29199542 22.1920054 18.29199542 23.2080054 0 P 0
L 18.29199542 22.1920054 19.30799542 22.1920054 0 P 0
L 18.29199542 23.2080054 19.30799542 23.2080054 0 P 0
L 18.29199542 23.69200494 18.29199542 24.70800494 0 P 0
L 18.29199542 23.69200494 19.30799542 23.69200494 0 P 0
L 18.29199542 24.70800494 19.30799542 24.70800494 0 P 0
L 18.29199542 25.19200448 18.29199542 26.20800448 0 P 0
L 18.29199542 25.19200448 19.30799542 25.19200448 0 P 0
L 18.29199542 26.20800448 19.30799542 26.20800448 0 P 0
L 18.29199542 26.69200402 18.29199542 27.70800402 0 P 0
L 18.29199542 26.69200402 19.30799542 26.69200402 0 P 0
L 18.29199542 27.70800402 19.30799542 27.70800402 0 P 0
L 18.29199542 28.19200356 18.29199542 29.20800356 0 P 0
L 18.29199542 28.19200356 19.30799542 28.19200356 0 P 0
L 18.29199542 29.20800356 19.30799542 29.20800356 0 P 0
L 18.29199542 29.6920031 18.29199542 30.7080031 0 P 0
L 18.29199542 29.6920031 19.30799542 29.6920031 0 P 0
L 18.29199542 30.7080031 19.30799542 30.7080031 0 P 0
L 18.29199542 32.69200218 18.29199542 33.70800218 0 P 0
L 18.29199542 32.69200218 19.30799542 32.69200218 0 P 0
L 18.29199542 33.70800218 19.30799542 33.70800218 0 P 0
L 18.29199542 37.1920008 18.29199542 38.2080008 0 P 0
L 18.29199542 37.1920008 19.30799542 37.1920008 0 P 0
L 18.29199542 38.2080008 19.30799542 38.2080008 0 P 0
L 18.29199542 38.69200034 18.29199542 39.70800034 0 P 0
L 18.29199542 38.69200034 19.30799542 38.69200034 0 P 0
L 18.29199542 39.70800034 19.30799542 39.70800034 0 P 0
L 18.4920001 20.09199944 18.4920001 21.10799944 0 P 0
L 18.4920001 20.09199944 19.5080001 20.09199944 0 P 0
L 18.4920001 21.10799944 19.5080001 21.10799944 0 P 0
L 18.5000011 9.74600032 19.0080011 9.49200032 0 P 0
L 18.5000011 10.25400032 19.0080011 10.50800032 0 P 0
L 18.6919997 17.39199976 18.6919997 18.40799976 0 P 0
L 18.6919997 17.39199976 19.7079997 17.39199976 0 P 0
L 18.6919997 18.40799976 19.7079997 18.40799976 0 P 0
L 18.70799916 17.39199976 18.70799916 18.40799976 0 P 0
L 18.7540011 10.00000032 19.0080011 9.49200032 0 P 0
L 18.7540011 10.00000032 19.0080011 10.50800032 0 P 0
L 19.30799542 22.1920054 19.30799542 23.2080054 0 P 0
L 19.30799542 23.69200494 19.30799542 24.70800494 0 P 0
L 19.30799542 25.19200448 19.30799542 26.20800448 0 P 0
L 19.30799542 26.69200402 19.30799542 27.70800402 0 P 0
L 19.30799542 28.19200356 19.30799542 29.20800356 0 P 0
L 19.30799542 29.6920031 19.30799542 30.7080031 0 P 0
L 19.30799542 32.69200218 19.30799542 33.70800218 0 P 0
L 19.30799542 37.1920008 19.30799542 38.2080008 0 P 0
L 19.30799542 38.69200034 19.30799542 39.70800034 0 P 0
L 19.5080001 20.09199944 19.5080001 21.10799944 0 P 0
L 19.7079997 17.39199976 19.7079997 18.40799976 0 P 0
L 19.79199496 31.19200264 19.79199496 32.20800264 0 P 0
L 19.79199496 31.19200264 20.80799496 31.19200264 0 P 0
L 19.79199496 32.20800264 20.80799496 32.20800264 0 P 0
L 19.79199496 32.69200218 19.79199496 33.70800218 0 P 0
L 19.79199496 32.69200218 20.80799496 32.69200218 0 P 0
L 19.79199496 33.70800218 20.80799496 33.70800218 0 P 0
L 19.79199496 34.19200172 19.79199496 35.20800172 0 P 0
L 19.79199496 34.19200172 20.80799496 34.19200172 0 P 0
L 19.79199496 35.20800172 20.80799496 35.20800172 0 P 0
L 19.79199496 35.69200126 19.79199496 36.70800126 0 P 0
L 19.79199496 35.69200126 20.80799496 35.69200126 0 P 0
L 19.79199496 36.70800126 20.80799496 36.70800126 0 P 0
L 19.79199496 37.1920008 19.79199496 38.2080008 0 P 0
L 19.79199496 37.1920008 20.80799496 37.1920008 0 P 0
L 19.79199496 38.2080008 20.80799496 38.2080008 0 P 0
L 19.79199496 38.69200034 19.79199496 39.70800034 0 P 0
L 19.79199496 38.69200034 20.80799496 38.69200034 0 P 0
L 19.79199496 39.70800034 20.80799496 39.70800034 0 P 0
L 20.69200078 19.89199984 20.69200078 20.90799984 0 P 0
L 20.69200078 19.89199984 21.70800078 19.89199984 0 P 0
L 20.69200078 20.90799984 21.70800078 20.90799984 0 P 0
L 20.69200078 20.99200018 20.69200078 22.00800018 0 P 0
L 20.69200078 20.99200018 21.70800078 20.99200018 0 P 0
L 20.69200078 22.00800018 21.70800078 22.00800018 0 P 0
L 20.69200078 22.19200032 20.69200078 23.20800032 0 P 0
L 20.69200078 22.19200032 21.70800078 22.19200032 0 P 0
L 20.69200078 23.20800032 21.70800078 23.20800032 0 P 0
L 20.69200078 23.69199986 20.69200078 24.70799986 0 P 0
L 20.69200078 23.69199986 21.70800078 23.69199986 0 P 0
L 20.69200078 24.70799986 21.70800078 24.70799986 0 P 0
L 20.69200078 25.1919994 20.69200078 26.2079994 0 P 0
L 20.69200078 25.1919994 21.70800078 25.1919994 0 P 0
L 20.69200078 26.2079994 21.70800078 26.2079994 0 P 0
L 20.69200078 26.69199894 20.69200078 27.70799894 0 P 0
L 20.69200078 26.69199894 21.70800078 26.69199894 0 P 0
L 20.69200078 27.70799894 21.70800078 27.70799894 0 P 0
L 20.69200078 28.19199848 20.69200078 29.20799848 0 P 0
L 20.69200078 28.19199848 21.70800078 28.19199848 0 P 0
L 20.69200078 29.20799848 21.70800078 29.20799848 0 P 0
L 20.69200078 29.69200056 20.69200078 30.70800056 0 P 0
L 20.69200078 29.69200056 21.70800078 29.69200056 0 P 0
L 20.69200078 30.70800056 21.70800078 30.70800056 0 P 0
L 20.69200078 31.1920001 20.69200078 32.2080001 0 P 0
L 20.69200078 31.1920001 21.70800078 31.1920001 0 P 0
L 20.69200078 32.2080001 21.70800078 32.2080001 0 P 0
L 20.69200078 32.69199964 20.69200078 33.70799964 0 P 0
L 20.69200078 32.69199964 21.70800078 32.69199964 0 P 0
L 20.69200078 33.70799964 21.70800078 33.70799964 0 P 0
L 20.69200078 34.19199918 20.69200078 35.20799918 0 P 0
L 20.69200078 34.19199918 21.70800078 34.19199918 0 P 0
L 20.69200078 35.20799918 21.70800078 35.20799918 0 P 0
L 20.69200078 35.69199872 20.69200078 36.70799872 0 P 0
L 20.69200078 35.69199872 21.70800078 35.69199872 0 P 0
L 20.69200078 36.70799872 21.70800078 36.70799872 0 P 0
L 20.69200078 37.1920008 20.69200078 38.2080008 0 P 0
L 20.69200078 37.1920008 21.70800078 37.1920008 0 P 0
L 20.69200078 38.2080008 21.70800078 38.2080008 0 P 0
L 20.69200078 38.69200034 20.69200078 39.70800034 0 P 0
L 20.69200078 38.69200034 21.70800078 38.69200034 0 P 0
L 20.69200078 39.70800034 21.70800078 39.70800034 0 P 0
L 20.80799496 31.19200264 20.80799496 32.20800264 0 P 0
L 20.80799496 32.69200218 20.80799496 33.70800218 0 P 0
L 20.80799496 34.19200172 20.80799496 35.20800172 0 P 0
L 20.80799496 35.69200126 20.80799496 36.70800126 0 P 0
L 20.80799496 37.1920008 20.80799496 38.2080008 0 P 0
L 20.80799496 38.69200034 20.80799496 39.70800034 0 P 0
L 21.70800078 19.89199984 21.70800078 20.90799984 0 P 0
L 21.70800078 20.99200018 21.70800078 22.00800018 0 P 0
L 21.70800078 22.19200032 21.70800078 23.20800032 0 P 0
L 21.70800078 23.69199986 21.70800078 24.70799986 0 P 0
L 21.70800078 25.1919994 21.70800078 26.2079994 0 P 0
L 21.70800078 26.69199894 21.70800078 27.70799894 0 P 0
L 21.70800078 28.19199848 21.70800078 29.20799848 0 P 0
L 21.70800078 29.69200056 21.70800078 30.70800056 0 P 0
L 21.70800078 31.1920001 21.70800078 32.2080001 0 P 0
L 21.70800078 32.69199964 21.70800078 33.70799964 0 P 0
L 21.70800078 34.19199918 21.70800078 35.20799918 0 P 0
L 21.70800078 35.69199872 21.70800078 36.70799872 0 P 0
L 21.70800078 37.1920008 21.70800078 38.2080008 0 P 0
L 21.70800078 38.69200034 21.70800078 39.70800034 0 P 0
