UNITS=MM
#Layer_Color=16711935
#
#Feature symbol names
#
$0 r49.9999
$1 r99.9998

#
#Feature attribute names
#

#
#Layer features
#
A 4.38900062 10.00000032 4.38900062 10.00000032 3.50000062 10.00000032 0 P 0 N
A 19.3890011 10.00000032 19.3890011 10.00000032 18.5000011 10.00000032 0 P 0 N
L 0.18999708 25.87499778 0.18999708 39.87500026 1 P 0
L 0.18999708 25.87499778 10.1899974 25.87499778 1 P 0
L 0.18999708 39.87500026 10.1899974 39.87500026 1 P 0
L 0.84000086 0.17999964 0.84000086 2.71999964 1 P 0
L 0.84000086 0.17999964 21.16000086 0.17999964 1 P 0
L 0.84000086 2.71999964 21.16000086 2.71999964 1 P 0
L 1.49999954 13.75000044 1.49999954 16.25000052 0 P 0
L 1.49999954 13.75000044 2.64999978 13.75000044 0 P 0
L 1.49999954 16.25000052 5.5000017 16.25000052 0 P 0
L 1.6868013 18.550001 1.6868013 19.65000134 0 P 0
L 1.6868013 18.550001 2.2868001 18.550001 0 P 0
L 1.6868013 19.65000134 2.2868001 19.65000134 0 P 0
L 2.12632036 16.69259806 2.12632036 17.29258924 0 P 0
L 2.12632036 16.69259806 2.9263213 16.69259806 0 P 0
L 2.12632036 17.29258924 2.9263213 17.29258924 0 P 0
L 2.2868001 18.550001 2.2868001 19.65000134 0 P 0
L 2.64999978 13.75000044 4.34982874 13.7500868 0 P 0
L 2.68680184 18.550001 2.68680184 19.65000134 0 P 0
L 2.68680184 18.550001 3.28680064 18.550001 0 P 0
L 2.68680184 19.65000134 3.28680064 19.65000134 0 P 0
L 2.9263213 16.69259806 2.9263213 17.29258924 0 P 0
L 3.28680064 18.550001 3.28680064 19.65000134 0 P 0
L 3.6878006 18.5508011 3.6878006 19.65080144 0 P 0
L 3.6878006 18.5508011 4.2877994 18.5508011 0 P 0
L 3.6878006 19.65080144 4.2877994 19.65080144 0 P 0
L 4.2877994 18.5508011 4.2877994 19.65080144 0 P 0
L 4.34982874 13.7500868 4.35000146 13.75000044 0 P 0
L 4.35000146 13.75000044 5.5000017 13.75000044 0 P 0
L 4.70659968 18.550001 4.70659968 19.65000134 0 P 0
L 4.70659968 18.550001 5.30659848 18.550001 0 P 0
L 4.70659968 19.65000134 5.30659848 19.65000134 0 P 0
L 5.30659848 18.550001 5.30659848 19.65000134 0 P 0
L 5.5000017 13.75000044 5.5000017 16.25000052 0 P 0
L 5.70660022 18.550001 5.70660022 19.65000134 0 P 0
L 5.70660022 18.550001 6.30659902 18.550001 0 P 0
L 5.70660022 19.65000134 6.30659902 19.65000134 0 P 0
L 6.30659902 18.550001 6.30659902 19.65000134 0 P 0
L 6.70660076 18.550001 6.70660076 19.65000134 0 P 0
L 6.70660076 18.550001 7.30659956 18.550001 0 P 0
L 6.70660076 19.65000134 7.30659956 19.65000134 0 P 0
L 7.30659956 18.550001 7.30659956 19.65000134 0 P 0
L 7.69999984 18.54999846 7.69999984 19.6499988 0 P 0
L 7.69999984 18.54999846 8.29999864 18.54999846 0 P 0
L 7.69999984 19.6499988 8.29999864 19.6499988 0 P 0
L 8.29999864 18.54999846 8.29999864 19.6499988 0 P 0
L 8.70000038 18.54999846 8.70000038 19.6499988 0 P 0
L 8.70000038 18.54999846 9.29999918 18.54999846 0 P 0
L 8.70000038 19.6499988 9.29999918 19.6499988 0 P 0
L 9.29999918 18.54999846 9.29999918 19.6499988 0 P 0
L 10.1899974 25.87499778 10.1899974 39.87500026 1 P 0
L 10.84999862 12.9499995 10.84999862 15.05000038 0 P 0
L 10.84999862 12.9499995 12.9499995 12.9499995 0 P 0
L 10.84999862 15.05000038 12.9499995 15.05000038 0 P 0
L 11.43999744 35.30000052 11.43999744 35.90000186 1 P 0
L 11.43999744 35.30000052 12.53999778 35.30000052 1 P 0
L 11.43999744 35.90000186 12.53999778 35.90000186 1 P 0
L 11.43999998 34.09999784 11.43999998 34.69999918 1 P 0
L 11.43999998 34.09999784 12.54000032 34.09999784 1 P 0
L 11.43999998 34.69999918 12.54000032 34.69999918 1 P 0
L 11.8500017 17.9000023 11.8500017 19.70000378 1 P 0
L 11.8500017 17.9000023 12.95000204 17.9000023 1 P 0
L 11.8500017 19.70000378 12.95000204 19.70000378 1 P 0
L 12.53999778 35.30000052 12.53999778 35.90000186 1 P 0
L 12.54000032 34.09999784 12.54000032 34.69999918 1 P 0
L 12.9499995 12.9499995 12.9499995 15.05000038 0 P 0
L 12.95000204 17.9000023 12.95000204 19.70000378 1 P 0
L 13.40000114 18.54999846 13.40000114 19.6499988 0 P 0
L 13.40000114 18.54999846 13.99999994 18.54999846 0 P 0
L 13.40000114 19.6499988 13.99999994 19.6499988 0 P 0
L 13.99999994 18.54999846 13.99999994 19.6499988 0 P 0
L 15.20000008 18.550001 15.20000008 19.65000134 0 P 0
L 15.20000008 18.550001 15.79999888 18.550001 0 P 0
L 15.20000008 19.65000134 15.79999888 19.65000134 0 P 0
L 15.79999888 18.550001 15.79999888 19.65000134 0 P 0
L 16.20000062 18.550001 16.20000062 19.65000134 0 P 0
L 16.20000062 18.550001 16.79999942 18.550001 0 P 0
L 16.20000062 19.65000134 16.79999942 19.65000134 0 P 0
L 16.50000002 13.75000044 16.50000002 16.25000052 0 P 0
L 16.50000002 13.75000044 20.50000218 13.75000044 0 P 0
L 16.50000002 16.25000052 17.65000026 16.25000052 0 P 0
L 16.60007856 16.69999454 16.60007856 17.29998572 0 P 0
L 16.60007856 16.69999454 17.4000795 16.69999454 0 P 0
L 16.60007856 17.29998572 17.4000795 17.29998572 0 P 0
L 16.79999942 18.550001 16.79999942 19.65000134 0 P 0
L 17.20000116 18.550001 17.20000116 19.65000134 0 P 0
L 17.20000116 18.550001 17.79999996 18.550001 0 P 0
L 17.20000116 19.65000134 17.79999996 19.65000134 0 P 0
L 17.4000795 16.69999454 17.4000795 17.29998572 0 P 0
L 17.65000026 16.25000052 17.65017298 16.24991416 0 P 0
L 17.65017298 16.24991416 19.35000194 16.25000052 0 P 0
L 17.79999996 18.550001 17.79999996 19.65000134 0 P 0
L 18.2000017 18.550001 18.2000017 19.65000134 0 P 0
L 18.2000017 18.550001 18.8000005 18.550001 0 P 0
L 18.2000017 19.65000134 18.8000005 19.65000134 0 P 0
L 18.8000005 18.550001 18.8000005 19.65000134 0 P 0
L 19.0999999 18.550001 19.0999999 19.65000134 0 P 0
L 19.0999999 18.550001 19.6999987 18.550001 0 P 0
L 19.0999999 19.65000134 19.6999987 19.65000134 0 P 0
L 19.35000194 16.25000052 20.50000218 16.25000052 0 P 0
L 19.6999987 18.550001 19.6999987 19.65000134 0 P 0
L 20.3499974 17.89999722 20.3499974 19.6999987 1 P 0
L 20.3499974 17.89999722 21.44999774 17.89999722 1 P 0
L 20.3499974 19.6999987 21.44999774 19.6999987 1 P 0
L 20.50000218 13.75000044 20.50000218 16.25000052 0 P 0
L 21.16000086 0.17999964 21.16000086 2.71999964 1 P 0
L 21.44999774 17.89999722 21.44999774 19.6999987 1 P 0
