UNITS=MM
#Layer_Color=9474304
#
#Feature symbol names
#
$0 r127

#
#Feature attribute names
#

#
#Layer features
#
L 0.5499862 14.65000118 0.8499856 14.65000118 0 P 0
L 0.55000144 10.67500024 0.85000084 10.67500024 0 P 0
L 0.55000144 11.67500078 0.85000084 11.67500078 0 P 0
L 0.55000144 12.67499878 0.85000084 12.67499878 0 P 0
L 0.55000144 13.67499932 0.85000084 13.67499932 0 P 0
L 0.65000124 4.70000584 0.95000064 4.70000584 0 P 0
L 0.65000124 6.20000538 0.95000064 6.20000538 0 P 0
L 0.65000124 7.70000492 0.95000064 7.70000492 0 P 0
L 0.65000124 19.70000124 0.95000064 19.70000124 0 P 0
L 0.65000124 21.20000078 0.95000064 21.20000078 0 P 0
L 0.6999859 14.50000148 0.6999859 14.80000088 0 P 0
L 0.70000114 10.52500054 0.70000114 10.82499994 0 P 0
L 0.70000114 11.52500108 0.70000114 11.82500048 0 P 0
L 0.70000114 12.52499908 0.70000114 12.82499848 0 P 0
L 0.70000114 13.52499962 0.70000114 13.82499902 0 P 0
L 0.80000094 4.55000614 0.80000094 4.85000554 0 P 0
L 0.80000094 6.05000568 0.80000094 6.35000508 0 P 0
L 0.80000094 7.55000522 0.80000094 7.85000462 0 P 0
L 0.80000094 19.55000154 0.80000094 19.85000094 0 P 0
L 0.80000094 21.05000108 0.80000094 21.35000048 0 P 0
L 1.60000188 2.50000008 3.39999828 2.50000008 0 P 0
L 2.15000078 4.70000584 2.45000018 4.70000584 0 P 0
L 2.15000078 6.20000538 2.45000018 6.20000538 0 P 0
L 2.15000078 19.70000124 2.45000018 19.70000124 0 P 0
L 2.15000078 21.20000078 2.45000018 21.20000078 0 P 0
L 2.30000048 4.55000614 2.30000048 4.85000554 0 P 0
L 2.30000048 6.05000568 2.30000048 6.35000508 0 P 0
L 2.30000048 19.55000154 2.30000048 19.85000094 0 P 0
L 2.30000048 21.05000108 2.30000048 21.35000048 0 P 0
L 2.50000008 1.60000188 2.50000008 3.39999828 0 P 0
L 3.55000052 16.50000256 3.84999992 16.50000256 0 P 0
L 3.65000032 4.70000584 3.94999972 4.70000584 0 P 0
L 3.65000032 6.20000538 3.94999972 6.20000538 0 P 0
L 3.65000032 13.70000308 3.94999972 13.70000308 0 P 0
L 3.65000032 19.70000124 3.94999972 19.70000124 0 P 0
L 3.65000032 21.20000078 3.94999972 21.20000078 0 P 0
L 3.70000022 16.35000286 3.70000022 16.65000226 0 P 0
L 3.80000002 4.55000614 3.80000002 4.85000554 0 P 0
L 3.80000002 6.05000568 3.80000002 6.35000508 0 P 0
L 3.80000002 13.55000338 3.80000002 13.85000278 0 P 0
L 3.80000002 19.55000154 3.80000002 19.85000094 0 P 0
L 3.80000002 21.05000108 3.80000002 21.35000048 0 P 0
L 5.14999986 0.80000094 5.44999926 0.80000094 0 P 0
L 5.14999986 2.00000108 5.44999926 2.00000108 0 P 0
L 5.14999986 3.2000063 5.44999926 3.2000063 0 P 0
L 5.14999986 4.70000584 5.44999926 4.70000584 0 P 0
L 5.14999986 19.70000124 5.44999926 19.70000124 0 P 0
L 5.14999986 21.20000078 5.44999926 21.20000078 0 P 0
L 5.29999956 0.65000124 5.29999956 0.95000064 0 P 0
L 5.29999956 1.85000138 5.29999956 2.15000078 0 P 0
L 5.29999956 3.0500066 5.29999956 3.350006 0 P 0
L 5.29999956 4.55000614 5.29999956 4.85000554 0 P 0
L 5.29999956 19.55000154 5.29999956 19.85000094 0 P 0
L 5.29999956 21.05000108 5.29999956 21.35000048 0 P 0
L 6.6499994 0.80000094 6.9499988 0.80000094 0 P 0
L 6.6499994 2.00000108 6.9499988 2.00000108 0 P 0
L 6.6499994 3.2000063 6.9499988 3.2000063 0 P 0
L 6.6499994 19.70000124 6.9499988 19.70000124 0 P 0
L 6.6499994 21.20000078 6.9499988 21.20000078 0 P 0
L 6.7999991 0.65000124 6.7999991 0.95000064 0 P 0
L 6.7999991 1.85000138 6.7999991 2.15000078 0 P 0
L 6.7999991 3.0500066 6.7999991 3.350006 0 P 0
L 6.7999991 19.55000154 6.7999991 19.85000094 0 P 0
L 6.7999991 21.05000108 6.7999991 21.35000048 0 P 0
L 7.7240003 16.4846 8.0239997 16.4846 0 P 0
L 7.874 16.3346003 7.874 16.6345997 0 P 0
L 8.14999894 19.70000124 8.44999834 19.70000124 0 P 0
L 8.14999894 21.20000078 8.44999834 21.20000078 0 P 0
L 8.15000148 0.80000094 8.45000088 0.80000094 0 P 0
L 8.15000148 2.00000108 8.45000088 2.00000108 0 P 0
L 8.29999864 19.55000154 8.29999864 19.85000094 0 P 0
L 8.29999864 21.05000108 8.29999864 21.35000048 0 P 0
L 8.30000118 0.65000124 8.30000118 0.95000064 0 P 0
L 8.30000118 1.85000138 8.30000118 2.15000078 0 P 0
L 9.64999848 4.70000584 9.94999788 4.70000584 0 P 0
L 9.64999848 19.70000124 9.94999788 19.70000124 0 P 0
L 9.64999848 21.20000078 9.94999788 21.20000078 0 P 0
L 9.65000102 0.80000094 9.95000042 0.80000094 0 P 0
L 9.79999818 4.55000614 9.79999818 4.85000554 0 P 0
L 9.79999818 19.55000154 9.79999818 19.85000094 0 P 0
L 9.79999818 21.05000108 9.79999818 21.35000048 0 P 0
L 9.80000072 0.65000124 9.80000072 0.95000064 0 P 0
L 9.9592003 5.7658 10.2591997 5.7658 0 P 0
L 10.1092 5.6158003 10.1092 5.9157997 0 P 0
L 10.56000174 4.16999928 11.65999954 4.16999928 0 P 0
L 10.7749975 8.67499916 11.0749969 8.67499916 0 P 0
L 10.7749975 9.6749997 11.0749969 9.6749997 0 P 0
L 10.7749975 10.67500024 11.0749969 10.67500024 0 P 0
L 10.9249972 8.52499946 10.9249972 8.82499886 0 P 0
L 10.9249972 9.525 10.9249972 9.8249994 0 P 0
L 10.9249972 10.52500054 10.9249972 10.82499994 0 P 0
L 11.11000064 3.62000038 11.11000064 4.71999818 0 P 0
L 11.14999802 7.70000492 11.44999742 7.70000492 0 P 0
L 11.14999802 13.70000308 11.44999742 13.70000308 0 P 0
L 11.14999802 19.70000124 11.44999742 19.70000124 0 P 0
L 11.14999802 21.20000078 11.44999742 21.20000078 0 P 0
L 11.15000056 0.80000094 11.44999996 0.80000094 0 P 0
L 11.29999772 7.55000522 11.29999772 7.85000462 0 P 0
L 11.29999772 13.55000338 11.29999772 13.85000278 0 P 0
L 11.29999772 19.55000154 11.29999772 19.85000094 0 P 0
L 11.29999772 21.05000108 11.29999772 21.35000048 0 P 0
L 11.30000026 0.65000124 11.30000026 0.95000064 0 P 0
L 11.69999946 9.5749999 11.99999886 9.5749999 0 P 0
L 11.84999916 9.4250002 11.84999916 9.7249996 0 P 0
L 12.64999756 12.20000354 12.94999696 12.20000354 0 P 0
L 12.64999756 19.70000124 12.94999696 19.70000124 0 P 0
L 12.64999756 21.20000078 12.94999696 21.20000078 0 P 0
L 12.6500001 0.80000094 12.9499995 0.80000094 0 P 0
L 12.79999726 12.05000384 12.79999726 12.35000324 0 P 0
L 12.79999726 19.55000154 12.79999726 19.85000094 0 P 0
L 12.79999726 21.05000108 12.79999726 21.35000048 0 P 0
L 12.7999998 0.65000124 12.7999998 0.95000064 0 P 0
L 13.10000174 4.16999928 14.19999954 4.16999928 0 P 0
L 13.35000124 7.92500066 13.65000064 7.92500066 0 P 0
L 13.50000094 7.77500096 13.50000094 8.07500036 0 P 0
L 13.65000064 3.62000038 13.65000064 4.71999818 0 P 0
L 14.1499971 9.20000446 14.4499965 9.20000446 0 P 0
L 14.1499971 12.20000354 14.4499965 12.20000354 0 P 0
L 14.1499971 16.70000216 14.4499965 16.70000216 0 P 0
L 14.1499971 18.2000017 14.4499965 18.2000017 0 P 0
L 14.1499971 19.70000124 14.4499965 19.70000124 0 P 0
L 14.1499971 21.20000078 14.4499965 21.20000078 0 P 0
L 14.14999964 0.80000094 14.44999904 0.80000094 0 P 0
L 14.14999964 6.3000001 14.44999904 6.3000001 0 P 0
L 14.2999968 9.05000476 14.2999968 9.35000416 0 P 0
L 14.2999968 12.05000384 14.2999968 12.35000324 0 P 0
L 14.2999968 16.55000246 14.2999968 16.85000186 0 P 0
L 14.2999968 18.050002 14.2999968 18.3500014 0 P 0
L 14.2999968 19.55000154 14.2999968 19.85000094 0 P 0
L 14.2999968 21.05000108 14.2999968 21.35000048 0 P 0
L 14.29999934 0.65000124 14.29999934 0.95000064 0 P 0
L 14.29999934 6.1500004 14.29999934 6.4499998 0 P 0
L 15.64000174 4.16999928 16.73999954 4.16999928 0 P 0
L 15.64999664 7.70000492 15.94999604 7.70000492 0 P 0
L 15.64999664 9.20000446 15.94999604 9.20000446 0 P 0
L 15.64999664 12.20000354 15.94999604 12.20000354 0 P 0
L 15.64999664 16.70000216 15.94999604 16.70000216 0 P 0
L 15.64999664 18.2000017 15.94999604 18.2000017 0 P 0
L 15.64999664 19.70000124 15.94999604 19.70000124 0 P 0
L 15.64999664 21.20000078 15.94999604 21.20000078 0 P 0
L 15.65000172 0.80000094 15.95000112 0.80000094 0 P 0
L 15.79999634 7.55000522 15.79999634 7.85000462 0 P 0
L 15.79999634 9.05000476 15.79999634 9.35000416 0 P 0
L 15.79999634 12.05000384 15.79999634 12.35000324 0 P 0
L 15.79999634 16.55000246 15.79999634 16.85000186 0 P 0
L 15.79999634 18.050002 15.79999634 18.3500014 0 P 0
L 15.79999634 19.55000154 15.79999634 19.85000094 0 P 0
L 15.79999634 21.05000108 15.79999634 21.35000048 0 P 0
L 15.80000142 0.65000124 15.80000142 0.95000064 0 P 0
L 16.19000064 3.62000038 16.19000064 4.71999818 0 P 0
L 16.3092003 13.7922 16.6091997 13.7922 0 P 0
L 16.4592 13.6422003 16.4592 13.9421997 0 P 0
L 17.14999618 7.70000492 17.44999558 7.70000492 0 P 0
L 17.14999618 9.20000446 17.44999558 9.20000446 0 P 0
L 17.14999618 12.20000354 17.44999558 12.20000354 0 P 0
L 17.14999618 16.70000216 17.44999558 16.70000216 0 P 0
L 17.14999618 18.2000017 17.44999558 18.2000017 0 P 0
L 17.14999618 19.70000124 17.44999558 19.70000124 0 P 0
L 17.14999618 21.20000078 17.44999558 21.20000078 0 P 0
L 17.15000126 0.80000094 17.45000066 0.80000094 0 P 0
L 17.15000126 6.3000001 17.45000066 6.3000001 0 P 0
L 17.29999588 7.55000522 17.29999588 7.85000462 0 P 0
L 17.29999588 9.05000476 17.29999588 9.35000416 0 P 0
L 17.29999588 12.05000384 17.29999588 12.35000324 0 P 0
L 17.29999588 16.55000246 17.29999588 16.85000186 0 P 0
L 17.29999588 18.050002 17.29999588 18.3500014 0 P 0
L 17.29999588 19.55000154 17.29999588 19.85000094 0 P 0
L 17.29999588 21.05000108 17.29999588 21.35000048 0 P 0
L 17.30000096 0.65000124 17.30000096 0.95000064 0 P 0
L 17.30000096 6.1500004 17.30000096 6.4499998 0 P 0
L 18.1380003 12.2174 18.4379997 12.2174 0 P 0
L 18.18000174 4.16999928 19.27999954 4.16999928 0 P 0
L 18.288 12.0674003 18.288 12.3673997 0 P 0
L 18.64999572 7.70000492 18.94999512 7.70000492 0 P 0
L 18.64999572 9.20000446 18.94999512 9.20000446 0 P 0
L 18.64999572 16.70000216 18.94999512 16.70000216 0 P 0
L 18.64999572 18.2000017 18.94999512 18.2000017 0 P 0
L 18.64999572 19.70000124 18.94999512 19.70000124 0 P 0
L 18.64999572 21.20000078 18.94999512 21.20000078 0 P 0
L 18.6500008 0.80000094 18.9500002 0.80000094 0 P 0
L 18.6500008 6.3000001 18.9500002 6.3000001 0 P 0
L 18.73000064 3.62000038 18.73000064 4.71999818 0 P 0
L 18.79999542 7.55000522 18.79999542 7.85000462 0 P 0
L 18.79999542 9.05000476 18.79999542 9.35000416 0 P 0
L 18.79999542 16.55000246 18.79999542 16.85000186 0 P 0
L 18.79999542 18.050002 18.79999542 18.3500014 0 P 0
L 18.79999542 19.55000154 18.79999542 19.85000094 0 P 0
L 18.79999542 21.05000108 18.79999542 21.35000048 0 P 0
L 18.8000005 0.65000124 18.8000005 0.95000064 0 P 0
L 18.8000005 6.1500004 18.8000005 6.4499998 0 P 0
L 20.14999526 3.2000063 20.44999466 3.2000063 0 P 0
L 20.14999526 7.70000492 20.44999466 7.70000492 0 P 0
L 20.14999526 9.20000446 20.44999466 9.20000446 0 P 0
L 20.14999526 16.70000216 20.44999466 16.70000216 0 P 0
L 20.14999526 18.2000017 20.44999466 18.2000017 0 P 0
L 20.14999526 19.70000124 20.44999466 19.70000124 0 P 0
L 20.14999526 21.20000078 20.44999466 21.20000078 0 P 0
L 20.15000034 0.80000094 20.44999974 0.80000094 0 P 0
L 20.15000034 6.3000001 20.44999974 6.3000001 0 P 0
L 20.29999496 3.0500066 20.29999496 3.350006 0 P 0
L 20.29999496 7.55000522 20.29999496 7.85000462 0 P 0
L 20.29999496 9.05000476 20.29999496 9.35000416 0 P 0
L 20.29999496 16.55000246 20.29999496 16.85000186 0 P 0
L 20.29999496 18.050002 20.29999496 18.3500014 0 P 0
L 20.29999496 19.55000154 20.29999496 19.85000094 0 P 0
L 20.29999496 21.05000108 20.29999496 21.35000048 0 P 0
L 20.30000004 0.65000124 20.30000004 0.95000064 0 P 0
L 20.30000004 6.1500004 20.30000004 6.4499998 0 P 0
L 20.72000174 4.16999928 21.81999954 4.16999928 0 P 0
L 21.27000064 3.62000038 21.27000064 4.71999818 0 P 0
L 21.6499948 7.70000492 21.9499942 7.70000492 0 P 0
L 21.6499948 9.20000446 21.9499942 9.20000446 0 P 0
L 21.6499948 16.70000216 21.9499942 16.70000216 0 P 0
L 21.6499948 18.2000017 21.9499942 18.2000017 0 P 0
L 21.6499948 19.70000124 21.9499942 19.70000124 0 P 0
L 21.6499948 21.20000078 21.9499942 21.20000078 0 P 0
L 21.64999988 0.80000094 21.94999928 0.80000094 0 P 0
L 21.64999988 6.3000001 21.94999928 6.3000001 0 P 0
L 21.7999945 7.55000522 21.7999945 7.85000462 0 P 0
L 21.7999945 9.05000476 21.7999945 9.35000416 0 P 0
L 21.7999945 16.55000246 21.7999945 16.85000186 0 P 0
L 21.7999945 18.050002 21.7999945 18.3500014 0 P 0
L 21.7999945 19.55000154 21.7999945 19.85000094 0 P 0
L 21.7999945 21.05000108 21.7999945 21.35000048 0 P 0
L 21.79999958 0.65000124 21.79999958 0.95000064 0 P 0
L 21.79999958 6.1500004 21.79999958 6.4499998 0 P 0
L 22.9386003 14.3764 23.2385997 14.3764 0 P 0
L 23.0886 14.2264003 23.0886 14.5263997 0 P 0
L 23.14999434 7.70000492 23.44999374 7.70000492 0 P 0
L 23.14999434 9.20000446 23.44999374 9.20000446 0 P 0
L 23.14999434 16.70000216 23.44999374 16.70000216 0 P 0
L 23.14999434 18.2000017 23.44999374 18.2000017 0 P 0
L 23.14999434 19.70000124 23.44999374 19.70000124 0 P 0
L 23.14999434 21.20000078 23.44999374 21.20000078 0 P 0
L 23.14999942 6.3000001 23.44999882 6.3000001 0 P 0
L 23.15000196 0.80000094 23.45000136 0.80000094 0 P 0
L 23.26000174 4.16999928 24.35999954 4.16999928 0 P 0
L 23.29999404 7.55000522 23.29999404 7.85000462 0 P 0
L 23.29999404 9.05000476 23.29999404 9.35000416 0 P 0
L 23.29999404 16.55000246 23.29999404 16.85000186 0 P 0
L 23.29999404 18.050002 23.29999404 18.3500014 0 P 0
L 23.29999404 19.55000154 23.29999404 19.85000094 0 P 0
L 23.29999404 21.05000108 23.29999404 21.35000048 0 P 0
L 23.29999912 6.1500004 23.29999912 6.4499998 0 P 0
L 23.30000166 0.65000124 23.30000166 0.95000064 0 P 0
L 23.81000064 3.62000038 23.81000064 4.71999818 0 P 0
L 24.3864003 12.446 24.6863997 12.446 0 P 0
L 24.5364 12.2960003 24.5364 12.5959997 0 P 0
L 24.64999388 7.70000492 24.94999328 7.70000492 0 P 0
L 24.64999388 9.20000446 24.94999328 9.20000446 0 P 0
L 24.64999388 16.70000216 24.94999328 16.70000216 0 P 0
L 24.64999388 18.2000017 24.94999328 18.2000017 0 P 0
L 24.64999388 19.70000124 24.94999328 19.70000124 0 P 0
L 24.64999388 21.20000078 24.94999328 21.20000078 0 P 0
L 24.6500015 0.80000094 24.9500009 0.80000094 0 P 0
L 24.6500015 6.3000001 24.9500009 6.3000001 0 P 0
L 24.79999358 7.55000522 24.79999358 7.85000462 0 P 0
L 24.79999358 9.05000476 24.79999358 9.35000416 0 P 0
L 24.79999358 16.55000246 24.79999358 16.85000186 0 P 0
L 24.79999358 18.050002 24.79999358 18.3500014 0 P 0
L 24.79999358 19.55000154 24.79999358 19.85000094 0 P 0
L 24.79999358 21.05000108 24.79999358 21.35000048 0 P 0
L 24.8000012 0.65000124 24.8000012 0.95000064 0 P 0
L 24.8000012 6.1500004 24.8000012 6.4499998 0 P 0
L 25.80000174 4.16999928 26.89999954 4.16999928 0 P 0
L 26.14999342 7.70000492 26.44999282 7.70000492 0 P 0
L 26.14999342 9.20000446 26.44999282 9.20000446 0 P 0
L 26.14999342 12.20000354 26.44999282 12.20000354 0 P 0
L 26.14999342 16.70000216 26.44999282 16.70000216 0 P 0
L 26.14999342 18.2000017 26.44999282 18.2000017 0 P 0
L 26.14999342 19.70000124 26.44999282 19.70000124 0 P 0
L 26.14999342 21.20000078 26.44999282 21.20000078 0 P 0
L 26.15000104 0.80000094 26.45000044 0.80000094 0 P 0
L 26.15000104 6.3000001 26.45000044 6.3000001 0 P 0
L 26.29999312 7.55000522 26.29999312 7.85000462 0 P 0
L 26.29999312 9.05000476 26.29999312 9.35000416 0 P 0
L 26.29999312 12.05000384 26.29999312 12.35000324 0 P 0
L 26.29999312 16.55000246 26.29999312 16.85000186 0 P 0
L 26.29999312 18.050002 26.29999312 18.3500014 0 P 0
L 26.29999312 19.55000154 26.29999312 19.85000094 0 P 0
L 26.29999312 21.05000108 26.29999312 21.35000048 0 P 0
L 26.30000074 0.65000124 26.30000074 0.95000064 0 P 0
L 26.30000074 6.1500004 26.30000074 6.4499998 0 P 0
L 26.35000064 3.62000038 26.35000064 4.71999818 0 P 0
L 27.64999296 9.20000446 27.94999236 9.20000446 0 P 0
L 27.64999296 16.70000216 27.94999236 16.70000216 0 P 0
L 27.64999296 19.70000124 27.94999236 19.70000124 0 P 0
L 27.64999296 21.20000078 27.94999236 21.20000078 0 P 0
L 27.65000058 0.80000094 27.94999998 0.80000094 0 P 0
L 27.65000058 6.3000001 27.94999998 6.3000001 0 P 0
L 27.79999266 9.05000476 27.79999266 9.35000416 0 P 0
L 27.79999266 16.55000246 27.79999266 16.85000186 0 P 0
L 27.79999266 19.55000154 27.79999266 19.85000094 0 P 0
L 27.79999266 21.05000108 27.79999266 21.35000048 0 P 0
L 27.80000028 0.65000124 27.80000028 0.95000064 0 P 0
L 27.80000028 6.1500004 27.80000028 6.4499998 0 P 0
L 28.34000174 4.16999928 29.43999954 4.16999928 0 P 0
L 28.89000064 3.62000038 28.89000064 4.71999818 0 P 0
L 29.1499925 9.20000446 29.4499919 9.20000446 0 P 0
L 29.1499925 16.70000216 29.4499919 16.70000216 0 P 0
L 29.1499925 19.70000124 29.4499919 19.70000124 0 P 0
L 29.1499925 21.20000078 29.4499919 21.20000078 0 P 0
L 29.15000012 0.80000094 29.44999952 0.80000094 0 P 0
L 29.15000012 6.3000001 29.44999952 6.3000001 0 P 0
L 29.2999922 9.05000476 29.2999922 9.35000416 0 P 0
L 29.2999922 16.55000246 29.2999922 16.85000186 0 P 0
L 29.2999922 19.55000154 29.2999922 19.85000094 0 P 0
L 29.2999922 21.05000108 29.2999922 21.35000048 0 P 0
L 29.29999982 0.65000124 29.29999982 0.95000064 0 P 0
L 29.29999982 6.1500004 29.29999982 6.4499998 0 P 0
L 30.64999204 3.2000063 30.94999144 3.2000063 0 P 0
L 30.64999204 7.70000492 30.94999144 7.70000492 0 P 0
L 30.64999204 9.20000446 30.94999144 9.20000446 0 P 0
L 30.64999204 10.700004 30.94999144 10.700004 0 P 0
L 30.64999204 12.20000354 30.94999144 12.20000354 0 P 0
L 30.64999204 13.70000308 30.94999144 13.70000308 0 P 0
L 30.64999204 16.70000216 30.94999144 16.70000216 0 P 0
L 30.64999204 18.2000017 30.94999144 18.2000017 0 P 0
L 30.64999204 19.70000124 30.94999144 19.70000124 0 P 0
L 30.64999204 21.20000078 30.94999144 21.20000078 0 P 0
L 30.64999966 6.3999999 30.94999906 6.3999999 0 P 0
L 30.79999174 3.0500066 30.79999174 3.350006 0 P 0
L 30.79999174 7.55000522 30.79999174 7.85000462 0 P 0
L 30.79999174 9.05000476 30.79999174 9.35000416 0 P 0
L 30.79999174 10.5500043 30.79999174 10.8500037 0 P 0
L 30.79999174 12.05000384 30.79999174 12.35000324 0 P 0
L 30.79999174 13.55000338 30.79999174 13.85000278 0 P 0
L 30.79999174 16.55000246 30.79999174 16.85000186 0 P 0
L 30.79999174 18.050002 30.79999174 18.3500014 0 P 0
L 30.79999174 19.55000154 30.79999174 19.85000094 0 P 0
L 30.79999174 21.05000108 30.79999174 21.35000048 0 P 0
L 30.79999936 6.2500002 30.79999936 6.5499996 0 P 0
L 32.14999158 3.2000063 32.44999098 3.2000063 0 P 0
L 32.14999158 4.70000584 32.44999098 4.70000584 0 P 0
L 32.14999158 7.70000492 32.44999098 7.70000492 0 P 0
L 32.14999158 9.20000446 32.44999098 9.20000446 0 P 0
L 32.14999158 10.700004 32.44999098 10.700004 0 P 0
L 32.14999158 12.20000354 32.44999098 12.20000354 0 P 0
L 32.14999158 13.70000308 32.44999098 13.70000308 0 P 0
L 32.14999158 16.70000216 32.44999098 16.70000216 0 P 0
L 32.14999158 18.2000017 32.44999098 18.2000017 0 P 0
L 32.14999158 19.70000124 32.44999098 19.70000124 0 P 0
L 32.14999158 21.20000078 32.44999098 21.20000078 0 P 0
L 32.29999128 3.0500066 32.29999128 3.350006 0 P 0
L 32.29999128 4.55000614 32.29999128 4.85000554 0 P 0
L 32.29999128 7.55000522 32.29999128 7.85000462 0 P 0
L 32.29999128 9.05000476 32.29999128 9.35000416 0 P 0
L 32.29999128 10.5500043 32.29999128 10.8500037 0 P 0
L 32.29999128 12.05000384 32.29999128 12.35000324 0 P 0
L 32.29999128 13.55000338 32.29999128 13.85000278 0 P 0
L 32.29999128 16.55000246 32.29999128 16.85000186 0 P 0
L 32.29999128 18.050002 32.29999128 18.3500014 0 P 0
L 32.29999128 19.55000154 32.29999128 19.85000094 0 P 0
L 32.29999128 21.05000108 32.29999128 21.35000048 0 P 0
L 33.64999112 3.2000063 33.94999052 3.2000063 0 P 0
L 33.64999112 4.70000584 33.94999052 4.70000584 0 P 0
L 33.64999112 9.20000446 33.94999052 9.20000446 0 P 0
L 33.64999112 10.700004 33.94999052 10.700004 0 P 0
L 33.64999112 12.20000354 33.94999052 12.20000354 0 P 0
L 33.64999112 13.70000308 33.94999052 13.70000308 0 P 0
L 33.64999112 16.70000216 33.94999052 16.70000216 0 P 0
L 33.64999112 18.2000017 33.94999052 18.2000017 0 P 0
L 33.64999112 19.70000124 33.94999052 19.70000124 0 P 0
L 33.64999112 21.20000078 33.94999052 21.20000078 0 P 0
L 33.79999082 3.0500066 33.79999082 3.350006 0 P 0
L 33.79999082 4.55000614 33.79999082 4.85000554 0 P 0
L 33.79999082 9.05000476 33.79999082 9.35000416 0 P 0
L 33.79999082 10.5500043 33.79999082 10.8500037 0 P 0
L 33.79999082 12.05000384 33.79999082 12.35000324 0 P 0
L 33.79999082 13.55000338 33.79999082 13.85000278 0 P 0
L 33.79999082 16.55000246 33.79999082 16.85000186 0 P 0
L 33.79999082 18.050002 33.79999082 18.3500014 0 P 0
L 33.79999082 19.55000154 33.79999082 19.85000094 0 P 0
L 33.79999082 21.05000108 33.79999082 21.35000048 0 P 0
L 35.14999066 3.2000063 35.44999006 3.2000063 0 P 0
L 35.14999066 4.70000584 35.44999006 4.70000584 0 P 0
L 35.14999066 6.20000538 35.44999006 6.20000538 0 P 0
L 35.14999066 12.20000354 35.44999006 12.20000354 0 P 0
L 35.14999066 13.70000308 35.44999006 13.70000308 0 P 0
L 35.14999066 16.70000216 35.44999006 16.70000216 0 P 0
L 35.14999066 18.2000017 35.44999006 18.2000017 0 P 0
L 35.14999066 19.70000124 35.44999006 19.70000124 0 P 0
L 35.14999066 21.20000078 35.44999006 21.20000078 0 P 0
L 35.15000082 0.80000094 35.45000022 0.80000094 0 P 0
L 35.15000082 2.00000108 35.45000022 2.00000108 0 P 0
L 35.29999036 3.0500066 35.29999036 3.350006 0 P 0
L 35.29999036 4.55000614 35.29999036 4.85000554 0 P 0
L 35.29999036 6.05000568 35.29999036 6.35000508 0 P 0
L 35.29999036 12.05000384 35.29999036 12.35000324 0 P 0
L 35.29999036 13.55000338 35.29999036 13.85000278 0 P 0
L 35.29999036 16.55000246 35.29999036 16.85000186 0 P 0
L 35.29999036 18.050002 35.29999036 18.3500014 0 P 0
L 35.29999036 19.55000154 35.29999036 19.85000094 0 P 0
L 35.29999036 21.05000108 35.29999036 21.35000048 0 P 0
L 35.30000052 0.65000124 35.30000052 0.95000064 0 P 0
L 35.30000052 1.85000138 35.30000052 2.15000078 0 P 0
L 35.8164003 10.2362 36.1163997 10.2362 0 P 0
L 35.9664 10.0862003 35.9664 10.3861997 0 P 0
L 35.98650156 6.41999478 36.98150084 6.41999478 0 P 0
L 36.4840012 5.92249514 36.4840012 6.91749442 0 P 0
L 36.600003 2.50000008 38.3999994 2.50000008 0 P 0
L 36.6499902 4.70000584 36.9499896 4.70000584 0 P 0
L 36.6499902 12.20000354 36.9499896 12.20000354 0 P 0
L 36.6499902 16.70000216 36.9499896 16.70000216 0 P 0
L 36.6499902 18.2000017 36.9499896 18.2000017 0 P 0
L 36.6499902 19.70000124 36.9499896 19.70000124 0 P 0
L 36.6499902 21.20000078 36.9499896 21.20000078 0 P 0
L 36.7999899 4.55000614 36.7999899 4.85000554 0 P 0
L 36.7999899 12.05000384 36.7999899 12.35000324 0 P 0
L 36.7999899 16.55000246 36.7999899 16.85000186 0 P 0
L 36.7999899 18.050002 36.7999899 18.3500014 0 P 0
L 36.7999899 19.55000154 36.7999899 19.85000094 0 P 0
L 36.7999899 21.05000108 36.7999899 21.35000048 0 P 0
L 37.00250156 11.49999478 37.99750084 11.49999478 0 P 0
L 37.5000012 1.60000188 37.5000012 3.39999828 0 P 0
L 37.5000012 11.00249514 37.5000012 11.99749442 0 P 0
L 38.01850156 6.41999478 39.01350084 6.41999478 0 P 0
L 38.14998974 4.70000584 38.44998914 4.70000584 0 P 0
L 38.14998974 15.20000262 38.44998914 15.20000262 0 P 0
L 38.14998974 16.70000216 38.44998914 16.70000216 0 P 0
L 38.14998974 18.2000017 38.44998914 18.2000017 0 P 0
L 38.14998974 19.70000124 38.44998914 19.70000124 0 P 0
L 38.14998974 21.20000078 38.44998914 21.20000078 0 P 0
L 38.29998944 4.55000614 38.29998944 4.85000554 0 P 0
L 38.29998944 15.05000292 38.29998944 15.35000232 0 P 0
L 38.29998944 16.55000246 38.29998944 16.85000186 0 P 0
L 38.29998944 18.050002 38.29998944 18.3500014 0 P 0
L 38.29998944 19.55000154 38.29998944 19.85000094 0 P 0
L 38.29998944 21.05000108 38.29998944 21.35000048 0 P 0
L 38.5160012 5.92249514 38.5160012 6.91749442 0 P 0
L 38.5342003 11.2014 38.8341997 11.2014 0 P 0
L 38.6842 11.0514003 38.6842 11.3513997 0 P 0
L 39.05000064 13.70000054 39.35000004 13.70000054 0 P 0
L 39.05000064 15.20000008 39.35000004 15.20000008 0 P 0
L 39.05000064 16.69999962 39.35000004 16.69999962 0 P 0
L 39.05000064 18.19999916 39.35000004 18.19999916 0 P 0
L 39.05000064 19.70000124 39.35000004 19.70000124 0 P 0
L 39.05000064 21.20000078 39.35000004 21.20000078 0 P 0
L 39.0930003 8.9662 39.3929997 8.9662 0 P 0
L 39.20000034 13.55000084 39.20000034 13.85000024 0 P 0
L 39.20000034 15.05000038 39.20000034 15.34999978 0 P 0
L 39.20000034 16.54999992 39.20000034 16.84999932 0 P 0
L 39.20000034 18.04999946 39.20000034 18.34999886 0 P 0
L 39.20000034 19.55000154 39.20000034 19.85000094 0 P 0
L 39.20000034 21.05000108 39.20000034 21.35000048 0 P 0
L 39.243 8.8162003 39.243 9.1161997 0 P 0
