UNITS=MM
#Layer_Color=16711935
#
#Feature symbol names
#
$0 r49.9999
$1 r99.9998

#
#Feature attribute names
#

#
#Layer features
#
A 3.38900008 2.50000008 3.38900008 2.50000008 2.50000008 2.50000008 0 P 0 N
A 38.3890012 2.50000008 38.3890012 2.50000008 37.5000012 2.50000008 0 P 0 N
L 0.0999998 7.89999944 0.0999998 21.90000192 1 P 0
L 0.0999998 7.89999944 10.10000012 7.89999944 1 P 0
L 0.0999998 21.90000192 10.10000012 21.90000192 1 P 0
L 9.84000064 0.12999974 9.84000064 2.66999974 1 P 0
L 9.84000064 0.12999974 30.16000064 0.12999974 1 P 0
L 9.84000064 2.66999974 30.16000064 2.66999974 1 P 0
L 10.10000012 7.89999944 10.10000012 21.90000192 1 P 0
L 11.14999802 17.50000056 11.14999802 18.1000019 1 P 0
L 11.14999802 17.50000056 12.24999836 17.50000056 1 P 0
L 11.14999802 18.1000019 12.24999836 18.1000019 1 P 0
L 11.15000056 16.29999788 11.15000056 16.89999922 1 P 0
L 11.15000056 16.29999788 12.2500009 16.29999788 1 P 0
L 11.15000056 16.89999922 12.2500009 16.89999922 1 P 0
L 12.24999836 17.50000056 12.24999836 18.1000019 1 P 0
L 12.2500009 16.29999788 12.2500009 16.89999922 1 P 0
L 17.84999732 13.20000408 17.84999732 13.80000288 0 P 0
L 17.84999732 13.20000408 18.94999766 13.20000408 0 P 0
L 17.84999732 13.80000288 18.94999766 13.80000288 0 P 0
L 17.84999986 11.9000016 17.84999986 12.5000004 0 P 0
L 17.84999986 11.9000016 18.9500002 11.9000016 0 P 0
L 17.84999986 12.5000004 18.9500002 12.5000004 0 P 0
L 18.94999766 13.20000408 18.94999766 13.80000288 0 P 0
L 18.9500002 11.9000016 18.9500002 12.5000004 0 P 0
L 19.8499984 11.64999956 19.8499984 13.75000044 0 P 0
L 19.8499984 11.64999956 21.94999928 11.64999956 0 P 0
L 19.8499984 13.75000044 21.94999928 13.75000044 0 P 0
L 21.94999928 11.64999956 21.94999928 13.75000044 0 P 0
L 23.30000166 12.54999776 23.30000166 13.6499981 0 P 0
L 23.30000166 12.54999776 23.90000046 12.54999776 0 P 0
L 23.30000166 13.6499981 23.90000046 13.6499981 0 P 0
L 23.90000046 12.54999776 23.90000046 13.6499981 0 P 0
L 26.2999982 10.59992038 26.2999982 11.39992132 0 P 0
L 26.2999982 10.59992038 26.89998938 10.59992038 0 P 0
L 26.2999982 11.39992132 26.89998938 11.39992132 0 P 0
L 26.30001598 14.40007788 26.30001598 15.20007882 0 P 0
L 26.30001598 14.40007788 26.90000716 14.40007788 0 P 0
L 26.30001598 15.20007882 26.90000716 15.20007882 0 P 0
L 26.89998938 10.59992038 26.89998938 11.39992132 0 P 0
L 26.90000716 14.40007788 26.90000716 15.20007882 0 P 0
L 27.65000312 7.69999984 27.65000312 11.700002 0 P 0
L 27.65000312 7.69999984 30.1500032 7.69999984 0 P 0
L 27.65000312 11.700002 30.1500032 11.700002 0 P 0
L 27.65000312 14.0999972 27.65000312 15.24999744 0 P 0
L 27.65000312 14.0999972 30.1500032 14.0999972 0 P 0
L 27.65000312 15.24999744 27.65008948 15.25017016 0 P 0
L 27.65000312 16.94999912 27.65000312 18.09999936 0 P 0
L 27.65000312 16.94999912 27.65008948 15.25017016 0 P 0
L 27.65000312 18.09999936 30.1500032 18.09999936 0 P 0
L 30.14991684 10.54982904 30.1500032 8.85000008 0 P 0
L 30.14991684 10.54982904 30.1500032 10.55000176 0 P 0
L 30.1500032 7.69999984 30.1500032 8.85000008 0 P 0
L 30.1500032 10.55000176 30.1500032 11.700002 0 P 0
L 30.1500032 14.0999972 30.1500032 18.09999936 0 P 0
L 30.16000064 0.12999974 30.16000064 2.66999974 1 P 0
