UNITS=MM
#Layer_Color=32768
#
#Feature symbol names
#
$0 r49.9999
$1 r99.9998

#
#Feature attribute names
#
@0 .nomenclature
@1 .string
@2 .string_angle

#
#Feature attribute text strings
#
&0 U1

#
#Layer features
#
L 0.49000156 -6.02000066 0.49000156 5.2449984 0 P 0
L 0.49000156 -6.02000066 21.51000016 -6.02000066 0 P 0
L 0.49000156 5.2449984 21.51000016 5.2449984 0 P 0
L 1.20000014 13.62499942 1.20000014 16.40000022 0 P 0
L 1.20000014 13.62499942 5.8000011 13.62499942 0 P 0
L 1.20000014 16.40000022 5.8000011 16.40000022 0 P 0
L 2.00000108 19.1999997 2.00000108 20.80000158 0 P 0
L 2.00000108 19.1999997 2.80000202 19.1999997 0 P 0
L 2.00000108 20.80000158 2.80000202 20.80000158 0 P 0
L 2.10000088 20.00000064 2.69999968 20.00000064 0 P 0
L 2.40000028 19.70000124 2.40000028 20.30000004 0 P 0
L 2.74999958 16.59999982 2.74999958 17.39999822 0 P 0
L 2.74999958 16.59999982 4.20000176 16.59999982 0 P 0
L 2.74999958 17.39999822 4.20000176 17.39999822 0 P 0
L 2.80000202 19.1999997 2.80000202 20.80000158 0 P 0
L 2.80000202 19.1999997 2.80000202 20.80000158 0 P 0
L 2.80000202 19.1999997 3.60000296 19.1999997 0 P 0
L 2.80000202 20.80000158 3.60000296 20.80000158 0 P 0
L 2.90000182 20.00000064 3.50000062 20.00000064 0 P 0
L 3.00000162 15.00000048 3.99999962 15.00000048 0 P 0
L 3.20000122 16.99999902 3.82500124 16.99999902 0 P 0
L 3.20000122 19.70000124 3.20000122 20.30000004 0 P 0
L 3.50000062 14.50000148 3.50000062 15.49999948 0 P 0
L 3.50000062 16.67504158 3.50000062 17.27504038 0 P 0
L 3.60000042 19.1999997 3.60000042 20.80000158 0 P 0
L 3.60000042 19.1999997 4.40000136 19.1999997 0 P 0
L 3.60000042 20.80000158 4.40000136 20.80000158 0 P 0
L 3.60000296 19.1999997 3.60000296 20.80000158 0 P 0
L 3.70000022 20.00000064 4.29999902 20.00000064 0 P 0
L 3.99999962 19.70000124 3.99999962 20.30000004 0 P 0
L 4.20000176 16.59999982 4.20000176 17.39999822 0 P 0
L 4.39999882 19.1999997 4.39999882 20.80000158 0 P 0
L 4.39999882 19.1999997 5.19999976 19.1999997 0 P 0
L 4.39999882 20.80000158 5.19999976 20.80000158 0 P 0
L 4.40000136 19.1999997 4.40000136 20.80000158 0 P 0
L 4.50000116 20.00000064 5.09999996 20.00000064 0 P 0
L 4.80000056 19.70000124 4.80000056 20.30000004 0 P 0
L 5.19999722 19.1999997 5.19999722 20.80000158 0 P 0
L 5.19999722 19.1999997 5.99999816 19.1999997 0 P 0
L 5.19999722 20.80000158 5.99999816 20.80000158 0 P 0
L 5.19999976 19.1999997 5.19999976 20.80000158 0 P 0
L 5.29999956 20.00000064 5.89999836 20.00000064 0 P 0
L 5.59999896 19.70000124 5.59999896 20.30000004 0 P 0
L 5.8000011 13.62499942 5.8000011 16.40000022 0 P 0
L 5.99999816 19.1999997 5.99999816 20.80000158 0 P 0
L 6.0000007 19.1999997 6.0000007 20.80000158 0 P 0
L 6.0000007 19.1999997 6.80000164 19.1999997 0 P 0
L 6.0000007 20.80000158 6.80000164 20.80000158 0 P 0
L 6.1000005 20.00000064 6.6999993 20.00000064 0 P 0
L 6.3999999 19.70000124 6.3999999 20.30000004 0 P 0
L 6.80000164 19.1999997 6.80000164 20.80000158 0 P 0
L 7.05000114 18.90000284 7.05000114 21.10000352 0 P 0
L 7.05000114 18.90000284 8.35000108 18.90000284 0 P 0
L 7.05000114 21.10000352 8.35000108 21.10000352 0 P 0
L 7.20000084 20.00000318 8.20000138 20.00000318 1 P 0
L 7.5499849 30.92500546 7.5499849 40.0250025 0 P 0
L 7.5499849 30.92500546 14.45000158 30.92500546 0 P 0
L 7.5499849 40.02500758 14.45000158 40.02500758 0 P 0
L 7.69999984 19.50000418 7.69999984 20.50000218 1 P 0
L 8.35000108 18.90000284 8.35000108 21.10000352 0 P 0
L 8.60000058 19.1999997 8.60000058 20.80000158 0 P 0
L 8.60000058 19.1999997 9.40000152 19.1999997 0 P 0
L 8.60000058 20.80000158 9.40000152 20.80000158 0 P 0
L 8.70000038 20.00000064 9.29999918 20.00000064 0 P 0
L 8.99999978 19.70000124 8.99999978 20.30000004 0 P 0
L 9.39999898 19.1999997 9.39999898 20.80000158 0 P 0
L 9.39999898 19.1999997 10.19999992 19.1999997 0 P 0
L 9.39999898 20.80000158 10.19999992 20.80000158 0 P 0
L 9.40000152 19.1999997 9.40000152 20.80000158 0 P 0
L 9.50000132 13.2999988 9.50000132 15.69999908 0 P 0
L 9.50000132 13.2999988 12.5000004 13.2999988 0 P 0
L 9.50000132 15.69999908 12.5000004 15.69999908 0 P 0
L 9.50000132 20.00000064 10.10000012 20.00000064 0 P 0
L 9.80000072 19.70000124 9.80000072 20.30000004 0 P 0
L 10.19999738 19.1999997 10.19999738 20.80000158 0 P 0
L 10.19999738 19.1999997 10.99999832 19.1999997 0 P 0
L 10.19999738 20.80000158 10.99999832 20.80000158 0 P 0
L 10.19999992 19.1999997 10.19999992 20.80000158 0 P 0
L 10.29999972 20.00000064 10.89999852 20.00000064 0 P 0
L 10.50000186 1.44999964 11.49999986 1.44999964 0 P 0
L 10.50000186 14.49999894 11.49999986 14.49999894 0 P 0
L 10.50000186 35.50000266 11.49999986 35.50000266 0 P 0
L 10.59999912 19.70000124 10.59999912 20.30000004 0 P 0
L 10.99999578 19.1999997 10.99999578 20.80000158 0 P 0
L 10.99999578 19.1999997 11.79999672 19.1999997 0 P 0
L 10.99999578 20.80000158 11.79999672 20.80000158 0 P 0
L 10.99999832 19.1999997 10.99999832 20.80000158 0 P 0
L 11.00000086 0.95000064 11.00000086 1.94999864 0 P 0
L 11.00000086 13.99999994 11.00000086 14.99999794 0 P 0
L 11.00000086 35.00000366 11.00000086 36.00000166 0 P 0
L 11.09999812 20.00000064 11.69999692 20.00000064 0 P 0
L 11.10000066 35.7666163 11.2666145 35.60000246 1 P 0 ;0,1=0,2=0.000000
L 11.10000066 36.59968042 11.10000066 35.7666163 1 P 0 ;0,1=0,2=0.000000
L 11.2666145 35.60000246 11.59983964 35.60000246 1 P 0 ;0,1=0,2=0.000000
L 11.39999752 19.70000124 11.39999752 20.30000004 0 P 0
L 11.57499844 28.7249997 11.57499844 30.59999976 0 P 0
L 11.57499844 28.7249997 15.5750006 28.7249997 0 P 0
L 11.57499844 30.59999976 15.5750006 30.59999976 0 P 0
L 11.59983964 35.60000246 11.76645094 35.7666163 1 P 0 ;0,1=0,2=0.000000
L 11.76645094 35.7666163 11.76645094 36.59968042 1 P 0 ;0,1=0,2=0.000000
L 11.77500058 26.79999974 11.77500058 28.69999848 0 P 0
L 11.77500058 26.79999974 12.77499858 26.79999974 0 P 0
L 11.77500058 28.69999848 12.77499858 28.69999848 0 P 0
L 11.79999672 19.19999716 11.79999672 20.79999904 0 P 0
L 11.79999672 19.19999716 12.59999766 19.19999716 0 P 0
L 11.79999672 19.1999997 11.79999672 20.80000158 0 P 0
L 11.79999672 20.79999904 12.59999766 20.79999904 0 P 0
L 11.89999906 19.9999981 12.49999786 19.9999981 0 P 0
L 11.97500018 27.75000038 12.57499898 27.75000038 0 P 0
L 12.09967862 35.60000246 12.43290376 35.60000246 1 P 0 ;0,1=0,2=0.000000
L 12.19999846 19.6999987 12.19999846 20.2999975 0 P 0
L 12.26629246 35.60000246 12.26629246 36.59968042 1 P 0 ;0,1=0,2=0.000000
L 12.26629246 36.59968042 12.09967862 36.43306658 1 P 0 ;0,1=0,2=0.000000
L 12.27499958 27.44999844 12.27499958 28.04999978 0 P 0
L 12.43290376 35.60000246 12.26629246 35.60000246 1 P 0 ;0,1=0,2=0.000000
L 12.5000004 13.2999988 12.5000004 15.69999908 0 P 0
L 12.59999766 19.19999716 12.59999766 20.79999904 0 P 0
L 12.59999766 19.1999997 12.59999766 20.80000158 0 P 0
L 12.59999766 19.1999997 13.3999986 19.1999997 0 P 0
L 12.59999766 20.80000158 13.3999986 20.80000158 0 P 0
L 12.7 20.00000064 13.2999988 20.00000064 0 P 0
L 12.77499858 26.79999974 12.77499858 28.69999848 0 P 0
L 12.9999994 19.70000124 12.9999994 20.30000004 0 P 0
L 13.07499798 29.67500034 14.07499852 29.67500034 0 P 0
L 13.3999986 19.1999997 13.3999986 20.80000158 0 P 0
L 13.57499952 29.17500134 13.57499952 30.17500188 0 P 0
L 13.65000064 18.90000284 13.65000064 21.10000352 0 P 0
L 13.65000064 18.90000284 14.95000058 18.90000284 0 P 0
L 13.65000064 21.10000352 14.95000058 21.10000352 0 P 0
L 13.80000034 20.00000318 14.80000088 20.00000318 1 P 0
L 14.29999934 19.50000418 14.29999934 20.50000218 1 P 0
L 14.37500046 26.79999974 14.37500046 28.69999848 0 P 0
L 14.37500046 26.79999974 15.37499846 26.79999974 0 P 0
L 14.37500046 28.69999848 15.37499846 28.69999848 0 P 0
L 14.4499838 30.92500546 14.4499838 40.02500758 0 P 0
L 14.57500006 27.75000038 15.17499886 27.75000038 0 P 0
L 14.85000078 31.72500132 14.85000078 32.72499932 0 P 0
L 14.85000078 31.72500132 16.74999952 31.72500132 0 P 0
L 14.85000078 32.72499932 16.74999952 32.72499932 0 P 0
L 14.87499946 27.44999844 14.87499946 28.04999978 0 P 0
L 14.95000058 18.90000284 14.95000058 21.10000352 0 P 0
L 15.19999754 19.1999997 15.19999754 20.80000158 0 P 0
L 15.19999754 19.1999997 15.99999848 19.1999997 0 P 0
L 15.19999754 20.80000158 15.99999848 20.80000158 0 P 0
L 15.29999988 20.00000064 15.89999868 20.00000064 0 P 0
L 15.37499846 26.79999974 15.37499846 28.69999848 0 P 0
L 15.49999948 32.22500032 16.10000082 32.22500032 0 P 0
L 15.5750006 28.7249997 15.5750006 30.59999976 0 P 0
L 15.59999928 19.70000124 15.59999928 20.30000004 0 P 0
L 15.79999888 31.92500092 15.79999888 32.52499972 0 P 0
L 15.99999848 19.1999997 15.99999848 20.80000158 0 P 0
L 15.99999848 19.1999997 15.99999848 20.80000158 0 P 0
L 15.99999848 19.1999997 16.79999942 19.1999997 0 P 0
L 15.99999848 20.80000158 16.79999942 20.80000158 0 P 0
L 16.10000082 20.00000064 16.69999962 20.00000064 0 P 0
L 16.20000062 13.60000074 16.20000062 16.37500154 0 P 0
L 16.20000062 13.60000074 20.80000158 13.60000074 0 P 0
L 16.20000062 16.37500154 20.80000158 16.37500154 0 P 0
L 16.40000022 19.70000124 16.40000022 20.30000004 0 P 0
L 16.74999952 31.72500132 16.74999952 32.72499932 0 P 0
L 16.79999942 19.1999997 16.79999942 20.80000158 0 P 0
L 17.79999996 16.59999982 17.79999996 17.39999822 0 P 0
L 17.79999996 16.59999982 19.25000214 16.59999982 0 P 0
L 17.79999996 17.39999822 19.25000214 17.39999822 0 P 0
L 18.0000021 15.00000048 19.0000001 15.00000048 0 P 0
L 18.17500048 16.99999902 18.8000005 16.99999902 0 P 0
L 18.5000011 14.50000148 18.5000011 15.49999948 0 P 0
L 18.5000011 16.72495766 18.5000011 17.32495646 0 P 0
L 19.25000214 16.59999982 19.25000214 17.39999822 0 P 0
L 20.80000158 13.60000074 20.80000158 16.37500154 0 P 0
L 21.51000016 -6.02000066 21.51000016 5.2449984 0 P 0
