UNITS=MM
#Layer_Color=32768
#
#Feature symbol names
#
$0 r49.9999
$1 r9.99998
$2 r5.00126
$3 r99.9998

#
#Feature attribute names
#
@0 .nomenclature
@1 .string
@2 .string_angle

#
#Feature attribute text strings
#
&0 U1

#
#Layer features
#
L 0.3149981 10.10000012 0.3149981 10.89999852 2 P 0
L 0.3149981 10.10000012 1.83500014 10.10000012 2 P 0
L 0.3149981 10.89999852 1.83500014 10.89999852 2 P 0
L 0.77499972 10.49999932 1.37500106 10.49999932 1 P 0
L 0.81500218 11.25200188 0.81500218 18.25200058 0 P 0
L 0.81500218 11.25200188 7.81500088 11.25200188 0 P 0
L 0.81500218 18.25200058 7.81500088 18.25200058 0 P 0
L 1.07499912 10.19999992 1.07499912 10.79999872 1 P 0
L 1.36499854 7.07499728 1.36499854 9.27499542 0 P 0
L 1.36499854 7.07499728 2.56499868 7.07499728 0 P 0
L 1.36499854 9.27499542 2.56499868 9.27499542 0 P 0
L 1.68999916 8.17499762 2.23999806 8.17499762 3 P 0
L 1.83500014 10.10000012 1.83500014 10.89999852 2 P 0
L 1.96499988 7.8999969 1.96499988 8.4499958 3 P 0
L 2.56499868 7.07499728 2.56499868 9.27499542 0 P 0
L 2.66499594 7.69999984 2.66499594 9.5749999 0 P 0
L 2.66499594 7.69999984 6.6649981 7.69999984 0 P 0
L 2.66499594 9.5749999 6.6649981 9.5749999 0 P 0
L 3.8150038 14.75199996 4.8150018 14.75199996 0 P 0
L 4.16499802 8.62499926 5.16499856 8.62499926 0 P 0
L 4.3150028 14.25200096 4.3150028 15.25199896 0 P 0
L 4.4150026 15.0186136 4.58161644 14.85199976 3 P 0 ;0,1=0,2=0.000000
L 4.4150026 15.85167772 4.4150026 15.0186136 3 P 0 ;0,1=0,2=0.000000
L 4.58161644 14.85199976 4.91484158 14.85199976 3 P 0 ;0,1=0,2=0.000000
L 4.66499702 8.12499772 4.66499702 9.12499826 0 P 0
L 4.91484158 14.85199976 5.08145288 15.0186136 3 P 0 ;0,1=0,2=0.000000
L 5.08145288 15.0186136 5.08145288 15.85167772 3 P 0 ;0,1=0,2=0.000000
L 5.41468056 14.85199976 5.7479057 14.85199976 3 P 0 ;0,1=0,2=0.000000
L 5.5812944 14.85199976 5.5812944 15.85167772 3 P 0 ;0,1=0,2=0.000000
L 5.5812944 15.85167772 5.41468056 15.68506388 3 P 0 ;0,1=0,2=0.000000
L 5.7479057 14.85199976 5.5812944 14.85199976 3 P 0 ;0,1=0,2=0.000000
L 6.6649981 7.69999984 6.6649981 9.5749999 0 P 0
L 6.7649979 7.07499728 6.7649979 9.27499542 0 P 0
L 6.7649979 7.07499728 7.96499804 7.07499728 0 P 0
L 6.7649979 9.27499542 7.96499804 9.27499542 0 P 0
L 7.08999852 8.17499762 7.63999742 8.17499762 3 P 0
L 7.36499924 7.8999969 7.36499924 8.4499958 3 P 0
L 7.81500088 11.25200188 7.81500088 18.25200058 0 P 0
L 7.96499804 7.07499728 7.96499804 9.27499542 0 P 0
L 9.49000134 -6.07000056 9.49000134 5.1949985 0 P 0
L 9.49000134 -6.07000056 30.50999994 -6.07000056 0 P 0
L 9.49000134 5.1949985 30.50999994 5.1949985 0 P 0
L 12.200001 18.39999876 12.200001 20.00000064 0 P 0
L 12.200001 18.39999876 13.00000194 18.39999876 0 P 0
L 12.200001 20.00000064 13.00000194 20.00000064 0 P 0
L 12.3000008 19.1999997 12.8999996 19.1999997 0 P 0
L 12.6000002 18.9000003 12.6000002 19.4999991 0 P 0
L 13.00000194 18.39999876 13.00000194 20.00000064 0 P 0
L 13.3999986 17.40000076 13.3999986 20.39999984 0 P 0
L 13.3999986 17.40000076 15.79999888 17.40000076 0 P 0
L 13.3999986 20.39999984 15.79999888 20.39999984 0 P 0
L 14.09999974 18.9000003 15.09999774 18.9000003 0 P 0
L 14.59999874 18.4000013 14.59999874 19.3999993 0 P 0
L 15.1750014 13.77499912 15.1750014 15.2250013 0 P 0
L 15.1750014 13.77499912 15.9749998 13.77499912 0 P 0
L 15.1750014 15.2250013 15.9749998 15.2250013 0 P 0
L 15.29995924 14.52500016 15.89995804 14.52500016 0 P 0
L 15.5750006 14.22500076 15.5750006 14.85000078 0 P 0
L 15.79999888 17.40000076 15.79999888 20.39999984 0 P 0
L 15.9749998 13.77499912 15.9749998 15.2250013 0 P 0
L 16.20000062 18.09999936 16.20000062 19.70000124 0 P 0
L 16.20000062 18.09999936 17.00000156 18.09999936 0 P 0
L 16.20000062 19.70000124 17.00000156 19.70000124 0 P 0
L 16.30000042 18.9000003 16.89999922 18.9000003 0 P 0
L 16.59999982 18.6000009 16.59999982 19.1999997 0 P 0
L 16.6749984 12.72499868 16.6749984 15.49999948 0 P 0
L 16.6749984 12.72499868 21.27499936 12.72499868 0 P 0
L 16.6749984 15.49999948 21.27499936 15.49999948 0 P 0
L 17.00000156 18.09999936 17.00000156 19.70000124 0 P 0
L 17.19999862 18.09999936 17.19999862 19.70000124 0 P 0
L 17.19999862 18.09999936 17.99999956 18.09999936 0 P 0
L 17.19999862 19.70000124 17.99999956 19.70000124 0 P 0
L 17.30000096 18.9000003 17.89999976 18.9000003 0 P 0
L 17.60000036 18.6000009 17.60000036 19.1999997 0 P 0
L 17.99999956 18.09999936 17.99999956 19.70000124 0 P 0
L 18.47499988 14.09999974 19.47499788 14.09999974 0 P 0
L 18.97499888 13.60000074 18.97499888 14.59999874 0 P 0
L 19.50000164 1.39999974 20.49999964 1.39999974 0 P 0
L 19.90000084 9.27499796 19.90000084 10.72500014 0 P 0
L 19.90000084 9.27499796 20.69999924 9.27499796 0 P 0
L 19.90000084 10.72500014 20.69999924 10.72500014 0 P 0
L 20.00000064 0.90000074 20.00000064 1.89999874 0 P 0
L 20.02495868 10.024999 20.62495748 10.024999 0 P 0
L 20.30000004 9.7249996 20.30000004 10.34999962 0 P 0
L 20.69999924 9.27499796 20.69999924 10.72500014 0 P 0
L 21.22499946 8.22500006 21.22499946 11.00000086 0 P 0
L 21.22499946 8.22500006 25.82500042 8.22500006 0 P 0
L 21.22499946 11.00000086 25.82500042 11.00000086 0 P 0
L 21.27499936 12.72499868 21.27499936 15.49999948 0 P 0
L 23.02500094 9.60000112 24.02499894 9.60000112 0 P 0
L 23.52499994 9.10000212 23.52499994 10.10000012 0 P 0
L 25.82500042 8.22500006 25.82500042 11.00000086 0 P 0
L 30.50999994 -6.07000056 30.50999994 5.1949985 0 P 0
