UNITS=MM
#Layer_Color=9474304
#
#Feature symbol names
#
$0 r127

#
#Feature attribute names
#

#
#Layer features
#
L 0.60000134 22.75000022 0.90000074 22.75000022 0 P 0
L 0.60000134 24.24999976 0.90000074 24.24999976 0 P 0
L 0.60000134 25.7499993 0.90000074 25.7499993 0 P 0
L 0.60000134 27.25000138 0.90000074 27.25000138 0 P 0
L 0.60000134 28.75000092 0.90000074 28.75000092 0 P 0
L 0.60000134 30.25000046 0.90000074 30.25000046 0 P 0
L 0.60000134 31.75 0.90000074 31.75 0 P 0
L 0.60000134 33.24999954 0.90000074 33.24999954 0 P 0
L 0.60000134 34.74999908 0.90000074 34.74999908 0 P 0
L 0.60000134 36.25000116 0.90000074 36.25000116 0 P 0
L 0.60000134 37.7500007 0.90000074 37.7500007 0 P 0
L 0.60000134 39.25000024 0.90000074 39.25000024 0 P 0
L 0.75000104 22.60000052 0.75000104 22.89999992 0 P 0
L 0.75000104 24.10000006 0.75000104 24.39999946 0 P 0
L 0.75000104 25.5999996 0.75000104 25.899999 0 P 0
L 0.75000104 27.10000168 0.75000104 27.40000108 0 P 0
L 0.75000104 28.60000122 0.75000104 28.90000062 0 P 0
L 0.75000104 30.10000076 0.75000104 30.40000016 0 P 0
L 0.75000104 31.6000003 0.75000104 31.8999997 0 P 0
L 0.75000104 33.09999984 0.75000104 33.39999924 0 P 0
L 0.75000104 34.59999938 0.75000104 34.89999878 0 P 0
L 0.75000104 36.10000146 0.75000104 36.40000086 0 P 0
L 0.75000104 37.600001 0.75000104 37.9000004 0 P 0
L 0.75000104 39.10000054 0.75000104 39.39999994 0 P 0
L 1.22500136 21.50000018 1.52500076 21.50000018 0 P 0
L 1.37500106 21.35000048 1.37500106 21.64999988 0 P 0
L 1.44999964 19.0000001 1.74999904 19.0000001 0 P 0
L 1.56000196 4.21999918 2.65999976 4.21999918 0 P 0
L 1.59999934 18.8500004 1.59999934 19.1499998 0 P 0
L 1.85000392 22.75000022 2.15000332 22.75000022 0 P 0
L 1.85000392 24.24999976 2.15000332 24.24999976 0 P 0
L 1.85000392 25.7499993 2.15000332 25.7499993 0 P 0
L 1.85000392 28.74999838 2.15000332 28.74999838 0 P 0
L 1.85000392 30.24999792 2.15000332 30.24999792 0 P 0
L 1.85000392 31.74999746 2.15000332 31.74999746 0 P 0
L 1.85000392 33.249997 2.15000332 33.249997 0 P 0
L 1.85000392 34.74999654 2.15000332 34.74999654 0 P 0
L 1.85000392 36.24999608 2.15000332 36.24999608 0 P 0
L 1.85000392 37.74999562 2.15000332 37.74999562 0 P 0
L 1.85000392 39.24999516 2.15000332 39.24999516 0 P 0
L 1.86817508 27.23182514 2.16817448 27.23182514 0 P 0
L 2.00000362 22.60000052 2.00000362 22.89999992 0 P 0
L 2.00000362 24.10000006 2.00000362 24.39999946 0 P 0
L 2.00000362 25.5999996 2.00000362 25.899999 0 P 0
L 2.00000362 28.59999868 2.00000362 28.89999808 0 P 0
L 2.00000362 30.09999822 2.00000362 30.39999762 0 P 0
L 2.00000362 31.59999776 2.00000362 31.89999716 0 P 0
L 2.00000362 33.0999973 2.00000362 33.3999967 0 P 0
L 2.00000362 34.59999684 2.00000362 34.89999624 0 P 0
L 2.00000362 36.09999638 2.00000362 36.39999578 0 P 0
L 2.00000362 37.59999592 2.00000362 37.89999532 0 P 0
L 2.00000362 39.09999546 2.00000362 39.39999486 0 P 0
L 2.01817478 27.08182544 2.01817478 27.38182484 0 P 0
L 2.11000086 3.67000028 2.11000086 4.76999808 0 P 0
L 2.25000058 17.12500004 2.54999998 17.12500004 0 P 0
L 2.40000028 16.97500034 2.40000028 17.27499974 0 P 0
L 2.60000242 10.00000032 4.39999882 10.00000032 0 P 0
L 2.9250005 17.75000006 3.2249999 17.75000006 0 P 0
L 3.0750002 17.60000036 3.0750002 17.89999976 0 P 0
L 3.35000346 24.24999976 3.65000286 24.24999976 0 P 0
L 3.35000346 25.7499993 3.65000286 25.7499993 0 P 0
L 3.35000346 27.24999884 3.65000286 27.24999884 0 P 0
L 3.35000346 30.24999792 3.65000286 30.24999792 0 P 0
L 3.35000346 31.74999746 3.65000286 31.74999746 0 P 0
L 3.35000346 33.249997 3.65000286 33.249997 0 P 0
L 3.35000346 34.74999654 3.65000286 34.74999654 0 P 0
L 3.35000346 36.24999608 3.65000286 36.24999608 0 P 0
L 3.35000346 37.74999562 3.65000286 37.74999562 0 P 0
L 3.35000346 39.24999516 3.65000286 39.24999516 0 P 0
L 3.36817462 28.73182468 3.66817402 28.73182468 0 P 0
L 3.50000062 9.10000212 3.50000062 10.89999852 0 P 0
L 3.50000316 24.10000006 3.50000316 24.39999946 0 P 0
L 3.50000316 25.5999996 3.50000316 25.899999 0 P 0
L 3.50000316 27.09999914 3.50000316 27.39999854 0 P 0
L 3.50000316 30.09999822 3.50000316 30.39999762 0 P 0
L 3.50000316 31.59999776 3.50000316 31.89999716 0 P 0
L 3.50000316 33.0999973 3.50000316 33.3999967 0 P 0
L 3.50000316 34.59999684 3.50000316 34.89999624 0 P 0
L 3.50000316 36.09999638 3.50000316 36.39999578 0 P 0
L 3.50000316 37.59999592 3.50000316 37.89999532 0 P 0
L 3.50000316 39.09999546 3.50000316 39.39999486 0 P 0
L 3.51817432 28.58182498 3.51817432 28.88182438 0 P 0
L 3.80000002 18.42499998 4.09999942 18.42499998 0 P 0
L 3.94999972 18.27500028 3.94999972 18.57499968 0 P 0
L 4.10000196 4.21999918 5.19999976 4.21999918 0 P 0
L 4.57499974 18.47499988 4.87499914 18.47499988 0 P 0
L 4.65000086 3.67000028 4.65000086 4.76999808 0 P 0
L 4.72499944 18.32500018 4.72499944 18.62499958 0 P 0
L 4.850003 34.74999654 5.1500024 34.74999654 0 P 0
L 4.850003 36.24999608 5.1500024 36.24999608 0 P 0
L 4.850003 37.74999562 5.1500024 37.74999562 0 P 0
L 4.850003 39.24999516 5.1500024 39.24999516 0 P 0
L 5.0000027 34.59999684 5.0000027 34.89999624 0 P 0
L 5.0000027 36.09999638 5.0000027 36.39999578 0 P 0
L 5.0000027 37.59999592 5.0000027 37.89999532 0 P 0
L 5.0000027 39.09999546 5.0000027 39.39999486 0 P 0
L 5.850001 8.75000028 6.1500004 8.75000028 0 P 0
L 6.0000007 8.60000058 6.0000007 8.89999998 0 P 0
L 6.2500002 18.87499908 6.5499996 18.87499908 0 P 0
L 6.35000254 36.24999608 6.65000194 36.24999608 0 P 0
L 6.35000254 37.74999562 6.65000194 37.74999562 0 P 0
L 6.35000254 39.24999516 6.65000194 39.24999516 0 P 0
L 6.3999999 18.72499938 6.3999999 19.02499878 0 P 0
L 6.50000224 36.09999638 6.50000224 36.39999578 0 P 0
L 6.50000224 37.59999592 6.50000224 37.89999532 0 P 0
L 6.50000224 39.09999546 6.50000224 39.39999486 0 P 0
L 6.64000196 4.21999918 7.73999976 4.21999918 0 P 0
L 6.90000144 21.45000028 7.20000084 21.45000028 0 P 0
L 7.05000114 21.30000058 7.05000114 21.59999998 0 P 0
L 7.05000114 36.89999986 7.35000054 36.89999986 0 P 0
L 7.19000086 3.67000028 7.19000086 4.76999808 0 P 0
L 7.20000084 36.75000016 7.20000084 37.04999956 0 P 0
L 7.55000014 13.12500042 7.84999954 13.12500042 0 P 0
L 7.55000014 18.24999906 7.84999954 18.24999906 0 P 0
L 7.55000014 21.45000028 7.84999954 21.45000028 0 P 0
L 7.64999994 37.47499744 7.94999934 37.47499744 0 P 0
L 7.64999994 38.72499748 7.94999934 38.72499748 0 P 0
L 7.69999984 12.97500072 7.69999984 13.27500012 0 P 0
L 7.69999984 18.09999936 7.69999984 18.39999876 0 P 0
L 7.69999984 21.30000058 7.69999984 21.59999998 0 P 0
L 7.69999984 30.04999832 7.99999924 30.04999832 0 P 0
L 7.79999964 37.32499774 7.79999964 37.62499714 0 P 0
L 7.79999964 38.57499778 7.79999964 38.87499718 0 P 0
L 7.84999954 29.89999862 7.84999954 30.19999802 0 P 0
L 7.85000208 22.75000022 8.15000148 22.75000022 0 P 0
L 7.85000208 24.24999976 8.15000148 24.24999976 0 P 0
L 7.85000208 25.7499993 8.15000148 25.7499993 0 P 0
L 7.96250122 10.0100003 8.9575005 10.0100003 0 P 0
L 8.00000178 22.60000052 8.00000178 22.89999992 0 P 0
L 8.00000178 24.10000006 8.00000178 24.39999946 0 P 0
L 8.00000178 25.5999996 8.00000178 25.899999 0 P 0
L 8.17500016 39.27499892 8.47499956 39.27499892 0 P 0
L 8.20000138 21.45000028 8.50000078 21.45000028 0 P 0
L 8.22500006 38.09999746 8.52499946 38.09999746 0 P 0
L 8.32499986 39.12499922 8.32499986 39.42499862 0 P 0
L 8.35000108 21.30000058 8.35000108 21.59999998 0 P 0
L 8.37499976 37.94999776 8.37499976 38.24999716 0 P 0
L 8.46000086 9.51250066 8.46000086 10.50749994 0 P 0
L 8.72499906 28.6749998 9.02499846 28.6749998 0 P 0
L 8.87499876 28.5250001 8.87499876 28.8249995 0 P 0
L 9.18000196 4.21999918 10.27999976 4.21999918 0 P 0
L 9.35000162 22.75000022 9.65000102 22.75000022 0 P 0
L 9.35000162 24.24999976 9.65000102 24.24999976 0 P 0
L 9.35000162 25.7499993 9.65000102 25.7499993 0 P 0
L 9.35000162 27.24999884 9.65000102 27.24999884 0 P 0
L 9.50000132 22.60000052 9.50000132 22.89999992 0 P 0
L 9.50000132 24.10000006 9.50000132 24.39999946 0 P 0
L 9.50000132 25.5999996 9.50000132 25.899999 0 P 0
L 9.50000132 27.09999914 9.50000132 27.39999854 0 P 0
L 9.5749999 7.37499922 9.8749993 7.37499922 0 P 0
L 9.5749999 11.37499884 9.8749993 11.37499884 0 P 0
L 9.5749999 16.374999 9.8749993 16.374999 0 P 0
L 9.7249996 7.22499952 9.7249996 7.52499892 0 P 0
L 9.7249996 11.22499914 9.7249996 11.52499854 0 P 0
L 9.7249996 16.2249993 9.7249996 16.5249987 0 P 0
L 9.73000086 3.67000028 9.73000086 4.76999808 0 P 0
L 9.7749995 36.37499964 10.0749989 36.37499964 0 P 0
L 9.9249992 36.22499994 9.9249992 36.52499934 0 P 0
L 9.9749991 32.27500022 10.2749985 32.27500022 0 P 0
L 10.05000022 17.75000006 10.34999962 17.75000006 0 P 0
L 10.1249988 32.12500052 10.1249988 32.42499992 0 P 0
L 10.12776486 16.87498784 10.42776426 16.87498784 0 P 0
L 10.19999992 17.60000036 10.19999992 17.89999976 0 P 0
L 10.27776456 16.72498814 10.27776456 17.02498754 0 P 0
L 10.42500074 33.87199982 10.72500014 33.87199982 0 P 0
L 10.42500074 35.59999738 10.72500014 35.59999738 0 P 0
L 10.57500044 33.72200012 10.57500044 34.02199952 0 P 0
L 10.57500044 35.44999768 10.57500044 35.74999708 0 P 0
L 10.65000156 36.37499964 10.95000096 36.37499964 0 P 0
L 10.80000126 36.22499994 10.80000126 36.52499934 0 P 0
L 10.85000116 8.37499976 11.15000056 8.37499976 0 P 0
L 10.85000116 11.37499884 11.15000056 11.37499884 0 P 0
L 10.85000116 17.22499984 11.15000056 17.22499984 0 P 0
L 11.00000086 8.22500006 11.00000086 8.52499946 0 P 0
L 11.00000086 11.22499914 11.00000086 11.52499854 0 P 0
L 11.00000086 17.07500014 11.00000086 17.37499954 0 P 0
L 11.27499904 33.0499974 11.57499844 33.0499974 0 P 0
L 11.27499904 34.74999654 11.57499844 34.74999654 0 P 0
L 11.42499874 32.8999977 11.42499874 33.1999971 0 P 0
L 11.42499874 34.59999684 11.42499874 34.89999624 0 P 0
L 11.64999956 18.37500008 11.94999896 18.37500008 0 P 0
L 11.72000196 4.21999918 12.81999976 4.21999918 0 P 0
L 11.79999926 18.22500038 11.79999926 18.52499978 0 P 0
L 11.89999906 36.37499964 12.19999846 36.37499964 0 P 0
L 12.04999876 36.22499994 12.04999876 36.52499934 0 P 0
L 12.27000086 3.67000028 12.27000086 4.76999808 0 P 0
L 12.4500005 18.87499908 12.7499999 18.87499908 0 P 0
L 12.52499908 15.00000048 12.82499848 15.00000048 0 P 0
L 12.52499908 29.05000032 12.82499848 29.05000032 0 P 0
L 12.6000002 18.72499938 12.6000002 19.02499878 0 P 0
L 12.67499878 14.85000078 12.67499878 15.15000018 0 P 0
L 12.67499878 28.90000062 12.67499878 29.20000002 0 P 0
L 13.04250122 8.9940003 14.0375005 8.9940003 0 P 0
L 13.04250122 11.0260003 14.0375005 11.0260003 0 P 0
L 13.52499962 21.45000028 13.82499902 21.45000028 0 P 0
L 13.54000086 8.49650066 13.54000086 9.49149994 0 P 0
L 13.54000086 10.52850066 13.54000086 11.52349994 0 P 0
L 13.67499932 21.30000058 13.67499932 21.59999998 0 P 0
L 13.85000024 22.75000022 14.14999964 22.75000022 0 P 0
L 13.85000024 24.24999976 14.14999964 24.24999976 0 P 0
L 13.85000024 25.7499993 14.14999964 25.7499993 0 P 0
L 13.85000024 27.24999884 14.14999964 27.24999884 0 P 0
L 13.99999994 22.60000052 13.99999994 22.89999992 0 P 0
L 13.99999994 24.10000006 13.99999994 24.39999946 0 P 0
L 13.99999994 25.5999996 13.99999994 25.899999 0 P 0
L 13.99999994 27.09999914 13.99999994 27.39999854 0 P 0
L 14.04999984 37.49999866 14.34999924 37.49999866 0 P 0
L 14.04999984 38.72499748 14.34999924 38.72499748 0 P 0
L 14.08316462 30.06741764 14.38316402 30.06741764 0 P 0
L 14.14999964 10.00000032 14.44999904 10.00000032 0 P 0
L 14.14999964 21.45000028 14.44999904 21.45000028 0 P 0
L 14.19999954 37.34999896 14.19999954 37.64999836 0 P 0
L 14.19999954 38.57499778 14.19999954 38.87499718 0 P 0
L 14.23316432 29.91741794 14.23316432 30.21741734 0 P 0
L 14.26000196 4.21999918 15.35999976 4.21999918 0 P 0
L 14.29999934 9.85000062 14.29999934 10.15000002 0 P 0
L 14.29999934 21.30000058 14.29999934 21.59999998 0 P 0
L 14.65000118 36.87499864 14.95000058 36.87499864 0 P 0
L 14.65000118 38.1 14.95000058 38.1 0 P 0
L 14.65000118 39.27499892 14.95000058 39.27499892 0 P 0
L 14.77499966 21.45000028 15.07499906 21.45000028 0 P 0
L 14.80000088 36.72499894 14.80000088 37.02499834 0 P 0
L 14.80000088 37.9500003 14.80000088 38.2499997 0 P 0
L 14.80000088 39.12499922 14.80000088 39.42499862 0 P 0
L 14.81000086 3.67000028 14.81000086 4.76999808 0 P 0
L 14.85000078 34.3750011 15.15000018 34.3750011 0 P 0
L 14.92499936 21.30000058 14.92499936 21.59999998 0 P 0
L 15.00000048 34.2250014 15.00000048 34.5250008 0 P 0
L 15.34999978 22.75000022 15.64999918 22.75000022 0 P 0
L 15.34999978 24.24999976 15.64999918 24.24999976 0 P 0
L 15.34999978 25.7499993 15.64999918 25.7499993 0 P 0
L 15.34999978 27.24999884 15.64999918 27.24999884 0 P 0
L 15.34999978 31.74999746 15.64999918 31.74999746 0 P 0
L 15.34999978 36.24999608 15.64999918 36.24999608 0 P 0
L 15.34999978 37.74999562 15.64999918 37.74999562 0 P 0
L 15.44999958 21.8750007 15.74999898 21.8750007 0 P 0
L 15.49999948 22.60000052 15.49999948 22.89999992 0 P 0
L 15.49999948 24.10000006 15.49999948 24.39999946 0 P 0
L 15.49999948 25.5999996 15.49999948 25.899999 0 P 0
L 15.49999948 27.09999914 15.49999948 27.39999854 0 P 0
L 15.49999948 31.59999776 15.49999948 31.89999716 0 P 0
L 15.49999948 36.09999638 15.49999948 36.39999578 0 P 0
L 15.49999948 37.59999592 15.49999948 37.89999532 0 P 0
L 15.59999928 21.725001 15.59999928 22.0250004 0 P 0
L 16.80000196 4.21999918 17.89999976 4.21999918 0 P 0
L 16.84999932 20.34999994 17.14999872 20.34999994 0 P 0
L 16.84999932 21.35000048 17.14999872 21.35000048 0 P 0
L 16.84999932 22.75000022 17.14999872 22.75000022 0 P 0
L 16.84999932 24.24999976 17.14999872 24.24999976 0 P 0
L 16.84999932 25.7499993 17.14999872 25.7499993 0 P 0
L 16.84999932 27.24999884 17.14999872 27.24999884 0 P 0
L 16.84999932 31.74999746 17.14999872 31.74999746 0 P 0
L 16.84999932 36.24999608 17.14999872 36.24999608 0 P 0
L 16.84999932 37.74999562 17.14999872 37.74999562 0 P 0
L 16.84999932 39.24999516 17.14999872 39.24999516 0 P 0
L 16.99999902 20.20000024 16.99999902 20.49999964 0 P 0
L 16.99999902 21.20000078 16.99999902 21.50000018 0 P 0
L 16.99999902 22.60000052 16.99999902 22.89999992 0 P 0
L 16.99999902 24.10000006 16.99999902 24.39999946 0 P 0
L 16.99999902 25.5999996 16.99999902 25.899999 0 P 0
L 16.99999902 27.09999914 16.99999902 27.39999854 0 P 0
L 16.99999902 31.59999776 16.99999902 31.89999716 0 P 0
L 16.99999902 36.09999638 16.99999902 36.39999578 0 P 0
L 16.99999902 37.59999592 16.99999902 37.89999532 0 P 0
L 16.99999902 39.09999546 16.99999902 39.39999486 0 P 0
L 17.35000086 3.67000028 17.35000086 4.76999808 0 P 0
L 17.6000029 10.00000032 19.3999993 10.00000032 0 P 0
L 18.34999886 20.34999994 18.64999826 20.34999994 0 P 0
L 18.34999886 21.35000048 18.64999826 21.35000048 0 P 0
L 18.34999886 22.75000022 18.64999826 22.75000022 0 P 0
L 18.34999886 24.24999976 18.64999826 24.24999976 0 P 0
L 18.34999886 25.7499993 18.64999826 25.7499993 0 P 0
L 18.34999886 27.24999884 18.64999826 27.24999884 0 P 0
L 18.34999886 28.74999838 18.64999826 28.74999838 0 P 0
L 18.34999886 30.24999792 18.64999826 30.24999792 0 P 0
L 18.34999886 31.74999746 18.64999826 31.74999746 0 P 0
L 18.34999886 33.249997 18.64999826 33.249997 0 P 0
L 18.34999886 34.74999654 18.64999826 34.74999654 0 P 0
L 18.34999886 36.24999608 18.64999826 36.24999608 0 P 0
L 18.34999886 37.74999562 18.64999826 37.74999562 0 P 0
L 18.34999886 39.24999516 18.64999826 39.24999516 0 P 0
L 18.49999856 20.20000024 18.49999856 20.49999964 0 P 0
L 18.49999856 21.20000078 18.49999856 21.50000018 0 P 0
L 18.49999856 22.60000052 18.49999856 22.89999992 0 P 0
L 18.49999856 24.10000006 18.49999856 24.39999946 0 P 0
L 18.49999856 25.5999996 18.49999856 25.899999 0 P 0
L 18.49999856 27.09999914 18.49999856 27.39999854 0 P 0
L 18.49999856 28.59999868 18.49999856 28.89999808 0 P 0
L 18.49999856 30.09999822 18.49999856 30.39999762 0 P 0
L 18.49999856 31.59999776 18.49999856 31.89999716 0 P 0
L 18.49999856 33.0999973 18.49999856 33.3999967 0 P 0
L 18.49999856 34.59999684 18.49999856 34.89999624 0 P 0
L 18.49999856 36.09999638 18.49999856 36.39999578 0 P 0
L 18.49999856 37.59999592 18.49999856 37.89999532 0 P 0
L 18.49999856 39.09999546 18.49999856 39.39999486 0 P 0
L 18.5000011 9.10000212 18.5000011 10.89999852 0 P 0
L 19.34000196 4.21999918 20.43999976 4.21999918 0 P 0
L 19.8499984 20.34999994 20.1499978 20.34999994 0 P 0
L 19.8499984 21.35000048 20.1499978 21.35000048 0 P 0
L 19.8499984 22.75000022 20.1499978 22.75000022 0 P 0
L 19.8499984 24.24999976 20.1499978 24.24999976 0 P 0
L 19.8499984 25.7499993 20.1499978 25.7499993 0 P 0
L 19.8499984 27.24999884 20.1499978 27.24999884 0 P 0
L 19.8499984 28.74999838 20.1499978 28.74999838 0 P 0
L 19.8499984 30.24999792 20.1499978 30.24999792 0 P 0
L 19.8499984 31.74999746 20.1499978 31.74999746 0 P 0
L 19.8499984 33.249997 20.1499978 33.249997 0 P 0
L 19.8499984 34.74999654 20.1499978 34.74999654 0 P 0
L 19.8499984 36.24999608 20.1499978 36.24999608 0 P 0
L 19.8499984 37.74999562 20.1499978 37.74999562 0 P 0
L 19.8499984 39.24999516 20.1499978 39.24999516 0 P 0
L 19.89000086 3.67000028 19.89000086 4.76999808 0 P 0
L 19.9999981 20.20000024 19.9999981 20.49999964 0 P 0
L 19.9999981 21.20000078 19.9999981 21.50000018 0 P 0
L 19.9999981 22.60000052 19.9999981 22.89999992 0 P 0
L 19.9999981 24.10000006 19.9999981 24.39999946 0 P 0
L 19.9999981 25.5999996 19.9999981 25.899999 0 P 0
L 19.9999981 27.09999914 19.9999981 27.39999854 0 P 0
L 19.9999981 28.59999868 19.9999981 28.89999808 0 P 0
L 19.9999981 30.09999822 19.9999981 30.39999762 0 P 0
L 19.9999981 31.59999776 19.9999981 31.89999716 0 P 0
L 19.9999981 33.0999973 19.9999981 33.3999967 0 P 0
L 19.9999981 34.59999684 19.9999981 34.89999624 0 P 0
L 19.9999981 36.09999638 19.9999981 36.39999578 0 P 0
L 19.9999981 37.59999592 19.9999981 37.89999532 0 P 0
L 19.9999981 39.09999546 19.9999981 39.39999486 0 P 0
L 21.10000098 20.34999994 21.40000038 20.34999994 0 P 0
L 21.10000098 21.35000048 21.40000038 21.35000048 0 P 0
L 21.10000098 22.75000022 21.40000038 22.75000022 0 P 0
L 21.10000098 24.24999976 21.40000038 24.24999976 0 P 0
L 21.10000098 25.7499993 21.40000038 25.7499993 0 P 0
L 21.10000098 27.25000138 21.40000038 27.25000138 0 P 0
L 21.10000098 28.75000092 21.40000038 28.75000092 0 P 0
L 21.10000098 30.25000046 21.40000038 30.25000046 0 P 0
L 21.10000098 31.75 21.40000038 31.75 0 P 0
L 21.10000098 33.24999954 21.40000038 33.24999954 0 P 0
L 21.10000098 34.74999908 21.40000038 34.74999908 0 P 0
L 21.10000098 36.25000116 21.40000038 36.25000116 0 P 0
L 21.10000098 37.7500007 21.40000038 37.7500007 0 P 0
L 21.10000098 39.25000024 21.40000038 39.25000024 0 P 0
L 21.25000068 20.20000024 21.25000068 20.49999964 0 P 0
L 21.25000068 21.20000078 21.25000068 21.50000018 0 P 0
L 21.25000068 22.60000052 21.25000068 22.89999992 0 P 0
L 21.25000068 24.10000006 21.25000068 24.39999946 0 P 0
L 21.25000068 25.5999996 21.25000068 25.899999 0 P 0
L 21.25000068 27.10000168 21.25000068 27.40000108 0 P 0
L 21.25000068 28.60000122 21.25000068 28.90000062 0 P 0
L 21.25000068 30.10000076 21.25000068 30.40000016 0 P 0
L 21.25000068 31.6000003 21.25000068 31.8999997 0 P 0
L 21.25000068 33.09999984 21.25000068 33.39999924 0 P 0
L 21.25000068 34.59999938 21.25000068 34.89999878 0 P 0
L 21.25000068 36.10000146 21.25000068 36.40000086 0 P 0
L 21.25000068 37.600001 21.25000068 37.9000004 0 P 0
L 21.25000068 39.10000054 21.25000068 39.39999994 0 P 0
