UNITS=MM
#Layer_Color=9474304
#
#Feature symbol names
#
$0 r127

#
#Feature attribute names
#

#
#Layer features
#
L 0.60000134 20.34999994 0.90000074 20.34999994 0 P 0
L 0.60000134 21.64999988 0.90000074 21.64999988 0 P 0
L 0.60000134 23.14999942 0.90000074 23.14999942 0 P 0
L 0.60000134 24.64999896 0.90000074 24.64999896 0 P 0
L 0.60000134 26.15000104 0.90000074 26.15000104 0 P 0
L 0.60000134 27.65000058 0.90000074 27.65000058 0 P 0
L 0.60000134 29.15000012 0.90000074 29.15000012 0 P 0
L 0.60000134 30.64999966 0.90000074 30.64999966 0 P 0
L 0.60000134 32.1499992 0.90000074 32.1499992 0 P 0
L 0.60000134 33.65000128 0.90000074 33.65000128 0 P 0
L 0.60000134 35.15000082 0.90000074 35.15000082 0 P 0
L 0.75000104 20.20000024 0.75000104 20.49999964 0 P 0
L 0.75000104 21.50000018 0.75000104 21.79999958 0 P 0
L 0.75000104 22.99999972 0.75000104 23.29999912 0 P 0
L 0.75000104 24.49999926 0.75000104 24.79999866 0 P 0
L 0.75000104 26.00000134 0.75000104 26.30000074 0 P 0
L 0.75000104 27.50000088 0.75000104 27.80000028 0 P 0
L 0.75000104 29.00000042 0.75000104 29.29999982 0 P 0
L 0.75000104 30.49999996 0.75000104 30.79999936 0 P 0
L 0.75000104 31.9999995 0.75000104 32.2999989 0 P 0
L 0.75000104 33.50000158 0.75000104 33.80000098 0 P 0
L 0.75000104 35.00000112 0.75000104 35.30000052 0 P 0
L 1.56000196 4.21999918 2.65999976 4.21999918 0 P 0
L 1.85000138 20.34999994 2.15000078 20.34999994 0 P 0
L 1.85000392 21.64999988 2.15000332 21.64999988 0 P 0
L 1.85000392 23.1500045 2.15000332 23.1500045 0 P 0
L 1.85000392 24.65000404 2.15000332 24.65000404 0 P 0
L 1.85000392 26.15000358 2.15000332 26.15000358 0 P 0
L 1.85000392 27.65000312 2.15000332 27.65000312 0 P 0
L 1.85000392 29.15000266 2.15000332 29.15000266 0 P 0
L 1.85000392 30.6500022 2.15000332 30.6500022 0 P 0
L 1.85000392 32.15000174 2.15000332 32.15000174 0 P 0
L 1.85000392 33.65000128 2.15000332 33.65000128 0 P 0
L 1.85000392 35.15000082 2.15000332 35.15000082 0 P 0
L 2.00000108 20.20000024 2.00000108 20.49999964 0 P 0
L 2.00000362 21.50000018 2.00000362 21.79999958 0 P 0
L 2.00000362 23.0000048 2.00000362 23.3000042 0 P 0
L 2.00000362 24.50000434 2.00000362 24.80000374 0 P 0
L 2.00000362 26.00000388 2.00000362 26.30000328 0 P 0
L 2.00000362 27.50000342 2.00000362 27.80000282 0 P 0
L 2.00000362 29.00000296 2.00000362 29.30000236 0 P 0
L 2.00000362 30.5000025 2.00000362 30.8000019 0 P 0
L 2.00000362 32.00000204 2.00000362 32.30000144 0 P 0
L 2.00000362 33.50000158 2.00000362 33.80000098 0 P 0
L 2.00000362 35.00000112 2.00000362 35.30000052 0 P 0
L 2.11000086 3.67000028 2.11000086 4.76999808 0 P 0
L 2.60000242 10.00000032 4.39999882 10.00000032 0 P 0
L 2.9250005 19.4999991 3.2249999 19.4999991 0 P 0
L 3.0750002 19.3499994 3.0750002 19.6499988 0 P 0
L 3.35000092 20.34999994 3.65000032 20.34999994 0 P 0
L 3.35000092 28.19999948 3.65000032 28.19999948 0 P 0
L 3.35000346 21.64999988 3.65000286 21.64999988 0 P 0
L 3.35000346 23.1500045 3.65000286 23.1500045 0 P 0
L 3.35000346 24.65000404 3.65000286 24.65000404 0 P 0
L 3.35000346 32.15000174 3.65000286 32.15000174 0 P 0
L 3.35000346 33.65000128 3.65000286 33.65000128 0 P 0
L 3.35000346 35.15000082 3.65000286 35.15000082 0 P 0
L 3.50000062 9.10000212 3.50000062 10.89999852 0 P 0
L 3.50000062 20.20000024 3.50000062 20.49999964 0 P 0
L 3.50000062 28.04999978 3.50000062 28.34999918 0 P 0
L 3.50000316 21.50000018 3.50000316 21.79999958 0 P 0
L 3.50000316 23.0000048 3.50000316 23.3000042 0 P 0
L 3.50000316 24.50000434 3.50000316 24.80000374 0 P 0
L 3.50000316 32.00000204 3.50000316 32.30000144 0 P 0
L 3.50000316 33.50000158 3.50000316 33.80000098 0 P 0
L 3.50000316 35.00000112 3.50000316 35.30000052 0 P 0
L 4.10000196 4.21999918 5.19999976 4.21999918 0 P 0
L 4.65000086 3.67000028 4.65000086 4.76999808 0 P 0
L 4.85000046 20.34999994 5.14999986 20.34999994 0 P 0
L 4.85000046 28.19999948 5.14999986 28.19999948 0 P 0
L 4.850003 21.64999988 5.1500024 21.64999988 0 P 0
L 4.850003 23.1500045 5.1500024 23.1500045 0 P 0
L 4.850003 24.65000404 5.1500024 24.65000404 0 P 0
L 4.850003 32.15000174 5.1500024 32.15000174 0 P 0
L 4.850003 33.65000128 5.1500024 33.65000128 0 P 0
L 4.850003 35.15000082 5.1500024 35.15000082 0 P 0
L 5.00000016 20.20000024 5.00000016 20.49999964 0 P 0
L 5.00000016 28.04999978 5.00000016 28.34999918 0 P 0
L 5.0000027 21.50000018 5.0000027 21.79999958 0 P 0
L 5.0000027 23.0000048 5.0000027 23.3000042 0 P 0
L 5.0000027 24.50000434 5.0000027 24.80000374 0 P 0
L 5.0000027 32.00000204 5.0000027 32.30000144 0 P 0
L 5.0000027 33.50000158 5.0000027 33.80000098 0 P 0
L 5.0000027 35.00000112 5.0000027 35.30000052 0 P 0
L 5.44999926 30.87500048 5.74999866 30.87500048 0 P 0
L 5.59999896 30.72500078 5.59999896 31.02500018 0 P 0
L 5.67500008 29.44999952 5.97499948 29.44999952 0 P 0
L 5.72499998 26.45000044 6.02499938 26.45000044 0 P 0
L 5.7500012 34.15000028 6.0500006 34.15000028 0 P 0
L 5.7500012 35.15000082 6.0500006 35.15000082 0 P 0
L 5.77499988 33.07500116 6.07499928 33.07500116 0 P 0
L 5.82499978 29.29999982 5.82499978 29.59999922 0 P 0
L 5.87499968 26.30000074 5.87499968 26.60000014 0 P 0
L 5.9000009 34.00000058 5.9000009 34.29999998 0 P 0
L 5.9000009 35.00000112 5.9000009 35.30000052 0 P 0
L 5.92499958 32.92500146 5.92499958 33.22500086 0 P 0
L 6.22500152 25.6999994 6.52500092 25.6999994 0 P 0
L 6.35 20.34999994 6.6499994 20.34999994 0 P 0
L 6.35000254 23.1500045 6.65000194 23.1500045 0 P 0
L 6.37500122 25.5499997 6.37500122 25.8499991 0 P 0
L 6.4999997 20.20000024 6.4999997 20.49999964 0 P 0
L 6.50000224 23.0000048 6.50000224 23.3000042 0 P 0
L 6.64000196 4.21999918 7.73999976 4.21999918 0 P 0
L 6.90000144 21.45000028 7.20000084 21.45000028 0 P 0
L 7.05000114 21.30000058 7.05000114 21.59999998 0 P 0
L 7.19000086 3.67000028 7.19000086 4.76999808 0 P 0
L 7.27499942 27.27500006 7.57499882 27.27500006 0 P 0
L 7.42499912 27.12500036 7.42499912 27.42499976 0 P 0
L 7.55000014 21.45000028 7.84999954 21.45000028 0 P 0
L 7.55000014 23.29999912 7.84999954 23.29999912 0 P 0
L 7.69999984 21.30000058 7.69999984 21.59999998 0 P 0
L 7.69999984 23.14999942 7.69999984 23.44999882 0 P 0
L 7.96250122 10.0100003 8.9575005 10.0100003 0 P 0
L 8.02500046 34.84999888 8.32499986 34.84999888 0 P 0
L 8.12500026 28.04999978 8.42499966 28.04999978 0 P 0
L 8.17500016 34.69999918 8.17500016 34.99999858 0 P 0
L 8.20000138 21.45000028 8.50000078 21.45000028 0 P 0
L 8.27499996 27.90000008 8.27499996 28.19999948 0 P 0
L 8.35000108 21.30000058 8.35000108 21.59999998 0 P 0
L 8.46000086 9.51250066 8.46000086 10.50749994 0 P 0
L 8.52499946 35.15000082 8.82499886 35.15000082 0 P 0
L 8.67499916 35.00000112 8.67499916 35.30000052 0 P 0
L 8.85000008 18.87499908 9.14999948 18.87499908 0 P 0
L 8.99999978 18.72499938 8.99999978 19.02499878 0 P 0
L 9.18000196 4.21999918 10.27999976 4.21999918 0 P 0
L 9.19999938 29.00000042 9.49999878 29.00000042 0 P 0
L 9.34999908 28.85000072 9.34999908 29.15000012 0 P 0
L 9.35000162 30.6500022 9.65000102 30.6500022 0 P 0
L 9.35000162 32.15000174 9.65000102 32.15000174 0 P 0
L 9.35000162 33.65000128 9.65000102 33.65000128 0 P 0
L 9.50000132 30.5000025 9.50000132 30.8000019 0 P 0
L 9.50000132 32.00000204 9.50000132 32.30000144 0 P 0
L 9.50000132 33.50000158 9.50000132 33.80000098 0 P 0
L 9.60000112 8.50000078 9.90000052 8.50000078 0 P 0
L 9.65000102 18.87499908 9.95000042 18.87499908 0 P 0
L 9.65000102 21.12499966 9.95000042 21.12499966 0 P 0
L 9.73000086 3.67000028 9.73000086 4.76999808 0 P 0
L 9.75000082 8.35000108 9.75000082 8.65000048 0 P 0
L 9.75000082 22.25000122 10.05000022 22.25000122 0 P 0
L 9.75000082 24.07499884 10.05000022 24.07499884 0 P 0
L 9.80000072 18.72499938 9.80000072 19.02499878 0 P 0
L 9.80000072 20.97499996 9.80000072 21.27499936 0 P 0
L 9.8749993 35.15000082 10.1749987 35.15000082 0 P 0
L 9.90000052 22.10000152 9.90000052 22.40000092 0 P 0
L 9.90000052 23.92499914 9.90000052 24.22499854 0 P 0
L 10.024999 35.00000112 10.024999 35.30000052 0 P 0
L 10.29999972 29.00000042 10.59999912 29.00000042 0 P 0
L 10.44999942 18.87499908 10.74999882 18.87499908 0 P 0
L 10.44999942 28.85000072 10.44999942 29.15000012 0 P 0
L 10.59999912 18.72499938 10.59999912 19.02499878 0 P 0
L 10.85000116 8.50000078 11.15000056 8.50000078 0 P 0
L 10.85000116 30.6500022 11.15000056 30.6500022 0 P 0
L 10.85000116 32.15000174 11.15000056 32.15000174 0 P 0
L 10.85000116 33.65000128 11.15000056 33.65000128 0 P 0
L 10.85000116 35.15000082 11.15000056 35.15000082 0 P 0
L 11.00000086 8.35000108 11.00000086 8.65000048 0 P 0
L 11.00000086 30.5000025 11.00000086 30.8000019 0 P 0
L 11.00000086 32.00000204 11.00000086 32.30000144 0 P 0
L 11.00000086 33.50000158 11.00000086 33.80000098 0 P 0
L 11.00000086 35.00000112 11.00000086 35.30000052 0 P 0
L 11.25000036 18.87499908 11.54999976 18.87499908 0 P 0
L 11.25000036 21.12499966 11.54999976 21.12499966 0 P 0
L 11.40000006 18.72499938 11.40000006 19.02499878 0 P 0
L 11.40000006 20.97499996 11.40000006 21.27499936 0 P 0
L 11.40000006 23.29999912 11.69999946 23.29999912 0 P 0
L 11.40000006 29.00000042 11.69999946 29.00000042 0 P 0
L 11.54999976 23.14999942 11.54999976 23.44999882 0 P 0
L 11.54999976 28.85000072 11.54999976 29.15000012 0 P 0
L 11.72000196 4.21999918 12.81999976 4.21999918 0 P 0
L 11.82500048 35.15000082 12.12499988 35.15000082 0 P 0
L 11.97500018 35.00000112 11.97500018 35.30000052 0 P 0
L 12.0500013 18.87499908 12.3500007 18.87499908 0 P 0
L 12.200001 18.72499938 12.200001 19.02499878 0 P 0
L 12.27000086 3.67000028 12.27000086 4.76999808 0 P 0
L 12.3500007 29.15000266 12.6500001 29.15000266 0 P 0
L 12.3500007 30.6500022 12.6500001 30.6500022 0 P 0
L 12.3500007 32.15000174 12.6500001 32.15000174 0 P 0
L 12.3500007 33.65000128 12.6500001 33.65000128 0 P 0
L 12.5000004 29.00000296 12.5000004 29.30000236 0 P 0
L 12.5000004 30.5000025 12.5000004 30.8000019 0 P 0
L 12.5000004 32.00000204 12.5000004 32.30000144 0 P 0
L 12.5000004 33.50000158 12.5000004 33.80000098 0 P 0
L 12.82500102 13.95000004 13.12500042 13.95000004 0 P 0
L 12.8499997 18.87499908 13.1499991 18.87499908 0 P 0
L 12.8499997 21.12499966 13.1499991 21.12499966 0 P 0
L 12.87500092 28.24999938 13.17500032 28.24999938 0 P 0
L 12.97500072 13.80000034 12.97500072 14.09999974 0 P 0
L 12.9999994 18.72499938 12.9999994 19.02499878 0 P 0
L 12.9999994 20.97499996 12.9999994 21.27499936 0 P 0
L 13.02500062 28.09999968 13.02500062 28.39999908 0 P 0
L 13.04250122 8.9940003 14.0375005 8.9940003 0 P 0
L 13.04250122 11.0260003 14.0375005 11.0260003 0 P 0
L 13.17500032 35.15000082 13.47499972 35.15000082 0 P 0
L 13.32500002 35.00000112 13.32500002 35.30000052 0 P 0
L 13.52499962 21.45000028 13.82499902 21.45000028 0 P 0
L 13.54000086 8.49650066 13.54000086 9.49149994 0 P 0
L 13.54000086 10.52850066 13.54000086 11.52349994 0 P 0
L 13.67499932 21.30000058 13.67499932 21.59999998 0 P 0
L 13.85000024 23.1500045 14.14999964 23.1500045 0 P 0
L 13.85000024 24.65000404 14.14999964 24.65000404 0 P 0
L 13.99999994 23.0000048 13.99999994 23.3000042 0 P 0
L 13.99999994 24.50000434 13.99999994 24.80000374 0 P 0
L 14.14999964 18.39999876 14.44999904 18.39999876 0 P 0
L 14.14999964 21.45000028 14.44999904 21.45000028 0 P 0
L 14.26000196 4.21999918 15.35999976 4.21999918 0 P 0
L 14.29999934 18.24999906 14.29999934 18.54999846 0 P 0
L 14.29999934 21.30000058 14.29999934 21.59999998 0 P 0
L 14.42500036 27.32499996 14.72499976 27.32499996 0 P 0
L 14.57500006 27.17500026 14.57500006 27.47499966 0 P 0
L 14.77499966 21.45000028 15.07499906 21.45000028 0 P 0
L 14.81000086 3.67000028 14.81000086 4.76999808 0 P 0
L 14.92499936 21.30000058 14.92499936 21.59999998 0 P 0
L 14.93252538 14.5674715 15.23252478 14.5674715 0 P 0
L 15.08252508 14.4174718 15.08252508 14.7174712 0 P 0
L 15.34999978 18.87499908 15.64999918 18.87499908 0 P 0
L 15.34999978 21.64999988 15.64999918 21.64999988 0 P 0
L 15.34999978 23.1500045 15.64999918 23.1500045 0 P 0
L 15.34999978 24.65000404 15.64999918 24.65000404 0 P 0
L 15.39999968 25.72500062 15.69999908 25.72500062 0 P 0
L 15.49999948 18.72499938 15.49999948 19.02499878 0 P 0
L 15.49999948 21.50000018 15.49999948 21.79999958 0 P 0
L 15.49999948 23.0000048 15.49999948 23.3000042 0 P 0
L 15.49999948 24.50000434 15.49999948 24.80000374 0 P 0
L 15.54999938 25.57500092 15.54999938 25.87500032 0 P 0
L 15.75000152 15.20000008 16.05000092 15.20000008 0 P 0
L 15.90000122 15.05000038 15.90000122 15.34999978 0 P 0
L 15.9249999 35.15000082 16.2249993 35.15000082 0 P 0
L 15.95000112 26.47499912 16.25000052 26.47499912 0 P 0
L 16.0749996 35.00000112 16.0749996 35.30000052 0 P 0
L 16.10000082 26.32499942 16.10000082 26.62499882 0 P 0
L 16.15000072 18.87499908 16.45000012 18.87499908 0 P 0
L 16.30000042 18.72499938 16.30000042 19.02499878 0 P 0
L 16.80000196 4.21999918 17.89999976 4.21999918 0 P 0
L 16.84999932 32.15000174 17.14999872 32.15000174 0 P 0
L 16.84999932 33.65000128 17.14999872 33.65000128 0 P 0
L 16.84999932 35.15000082 17.14999872 35.15000082 0 P 0
L 16.99999902 32.00000204 16.99999902 32.30000144 0 P 0
L 16.99999902 33.50000158 16.99999902 33.80000098 0 P 0
L 16.99999902 35.00000112 16.99999902 35.30000052 0 P 0
L 17.35000086 3.67000028 17.35000086 4.76999808 0 P 0
L 17.6000029 10.00000032 19.3999993 10.00000032 0 P 0
L 17.75000006 18.87499908 18.04999946 18.87499908 0 P 0
L 17.89999976 18.72499938 17.89999976 19.02499878 0 P 0
L 18.34999886 29.15000266 18.64999826 29.15000266 0 P 0
L 18.34999886 30.6500022 18.64999826 30.6500022 0 P 0
L 18.34999886 32.15000174 18.64999826 32.15000174 0 P 0
L 18.34999886 33.65000128 18.64999826 33.65000128 0 P 0
L 18.34999886 35.15000082 18.64999826 35.15000082 0 P 0
L 18.49999856 29.00000296 18.49999856 29.30000236 0 P 0
L 18.49999856 30.5000025 18.49999856 30.8000019 0 P 0
L 18.49999856 32.00000204 18.49999856 32.30000144 0 P 0
L 18.49999856 33.50000158 18.49999856 33.80000098 0 P 0
L 18.49999856 35.00000112 18.49999856 35.30000052 0 P 0
L 18.5000011 9.10000212 18.5000011 10.89999852 0 P 0
L 18.77499928 17.87500108 19.07499868 17.87500108 0 P 0
L 18.92499898 17.72500138 18.92499898 18.02500078 0 P 0
L 19.34000196 4.21999918 20.43999976 4.21999918 0 P 0
L 19.34418534 18.86434124 19.64418474 18.86434124 0 P 0
L 19.49418504 18.71434154 19.49418504 19.01434094 0 P 0
L 19.8499984 23.1500045 20.1499978 23.1500045 0 P 0
L 19.8499984 24.65000404 20.1499978 24.65000404 0 P 0
L 19.8499984 26.15000358 20.1499978 26.15000358 0 P 0
L 19.8499984 27.65000312 20.1499978 27.65000312 0 P 0
L 19.8499984 29.15000266 20.1499978 29.15000266 0 P 0
L 19.8499984 30.6500022 20.1499978 30.6500022 0 P 0
L 19.8499984 32.15000174 20.1499978 32.15000174 0 P 0
L 19.8499984 33.65000128 20.1499978 33.65000128 0 P 0
L 19.8499984 35.15000082 20.1499978 35.15000082 0 P 0
L 19.89000086 3.67000028 19.89000086 4.76999808 0 P 0
L 19.9999981 23.0000048 19.9999981 23.3000042 0 P 0
L 19.9999981 24.50000434 19.9999981 24.80000374 0 P 0
L 19.9999981 26.00000388 19.9999981 26.30000328 0 P 0
L 19.9999981 27.50000342 19.9999981 27.80000282 0 P 0
L 19.9999981 29.00000296 19.9999981 29.30000236 0 P 0
L 19.9999981 30.5000025 19.9999981 30.8000019 0 P 0
L 19.9999981 32.00000204 19.9999981 32.30000144 0 P 0
L 19.9999981 33.50000158 19.9999981 33.80000098 0 P 0
L 19.9999981 35.00000112 19.9999981 35.30000052 0 P 0
L 20.15000034 18.87499908 20.44999974 18.87499908 0 P 0
L 20.30000004 18.72499938 20.30000004 19.02499878 0 P 0
L 20.95000128 18.87499908 21.25000068 18.87499908 0 P 0
L 21.10000098 18.72499938 21.10000098 19.02499878 0 P 0
L 21.10000098 21.64999988 21.40000038 21.64999988 0 P 0
L 21.10000098 23.14999942 21.40000038 23.14999942 0 P 0
L 21.10000098 24.64999896 21.40000038 24.64999896 0 P 0
L 21.10000098 26.15000104 21.40000038 26.15000104 0 P 0
L 21.10000098 27.65000058 21.40000038 27.65000058 0 P 0
L 21.10000098 29.15000012 21.40000038 29.15000012 0 P 0
L 21.10000098 30.64999966 21.40000038 30.64999966 0 P 0
L 21.10000098 32.1499992 21.40000038 32.1499992 0 P 0
L 21.10000098 33.65000128 21.40000038 33.65000128 0 P 0
L 21.10000098 35.15000082 21.40000038 35.15000082 0 P 0
L 21.25000068 21.50000018 21.25000068 21.79999958 0 P 0
L 21.25000068 22.99999972 21.25000068 23.29999912 0 P 0
L 21.25000068 24.49999926 21.25000068 24.79999866 0 P 0
L 21.25000068 26.00000134 21.25000068 26.30000074 0 P 0
L 21.25000068 27.50000088 21.25000068 27.80000028 0 P 0
L 21.25000068 29.00000042 21.25000068 29.29999982 0 P 0
L 21.25000068 30.49999996 21.25000068 30.79999936 0 P 0
L 21.25000068 31.9999995 21.25000068 32.2999989 0 P 0
L 21.25000068 33.50000158 21.25000068 33.80000098 0 P 0
L 21.25000068 35.00000112 21.25000068 35.30000052 0 P 0
