UNITS=MM
#Layer_Color=16711935
#
#Feature symbol names
#
$0 r49.9999
$1 r99.9998

#
#Feature attribute names
#

#
#Layer features
#
A 4.38900062 10.00000032 4.38900062 10.00000032 3.50000062 10.00000032 0 P 0 N
A 19.3890011 10.00000032 19.3890011 10.00000032 18.5000011 10.00000032 0 P 0 N
L 0.84000086 0.17999964 0.84000086 2.71999964 1 P 0
L 0.84000086 0.17999964 21.16000086 0.17999964 1 P 0
L 0.84000086 2.71999964 21.16000086 2.71999964 1 P 0
L 1.49999954 13.75000044 1.49999954 16.25000052 0 P 0
L 1.49999954 13.75000044 5.5000017 13.75000044 0 P 0
L 1.49999954 16.25000052 2.64999978 16.25000052 0 P 0
L 2.64999978 16.25000052 2.6501725 16.24991416 0 P 0
L 2.6501725 16.24991416 4.35000146 16.25000052 0 P 0
L 3.10008016 16.69999454 3.10008016 17.29998572 0 P 0
L 3.10008016 16.69999454 3.9000811 16.69999454 0 P 0
L 3.10008016 17.29998572 3.9000811 17.29998572 0 P 0
L 3.49999808 25.32500142 3.49999808 25.92500022 0 P 0
L 3.49999808 25.32500142 4.59999842 25.32500142 0 P 0
L 3.49999808 25.92500022 4.59999842 25.92500022 0 P 0
L 3.49999808 30.45000006 3.49999808 31.04999886 0 P 0
L 3.49999808 30.45000006 4.59999842 30.45000006 0 P 0
L 3.49999808 31.04999886 4.59999842 31.04999886 0 P 0
L 3.70000022 26.5499977 3.70000022 29.84999872 0 P 0
L 3.70000022 26.5499977 5.29999956 26.5499977 0 P 0
L 3.70000022 29.84999872 5.29999956 29.84999872 0 P 0
L 3.9000811 16.69999454 3.9000811 17.29998572 0 P 0
L 4.35000146 16.25000052 5.5000017 16.25000052 0 P 0
L 4.59999842 25.32500142 4.59999842 25.92500022 0 P 0
L 4.59999842 30.45000006 4.59999842 31.04999886 0 P 0
L 5.29999956 26.5499977 5.29999956 29.84999872 0 P 0
L 5.5000017 13.75000044 5.5000017 16.25000052 0 P 0
L 5.9000009 24.900001 5.9000009 39.90000148 0 P 0
L 5.9000009 24.900001 16.10000082 24.900001 0 P 0
L 5.9000009 39.90000148 16.10000082 39.90000148 0 P 0
L 6.6999993 23.70000086 6.6999993 24.29999966 0 P 0
L 6.6999993 23.70000086 7.79999964 23.70000086 0 P 0
L 6.6999993 24.29999966 7.79999964 24.29999966 0 P 0
L 7.15000094 19.10000244 7.15000094 20.90000392 1 P 0
L 7.15000094 19.10000244 8.25000128 19.10000244 1 P 0
L 7.15000094 20.90000392 8.25000128 20.90000392 1 P 0
L 7.79999964 23.70000086 7.79999964 24.29999966 0 P 0
L 8.25000128 19.10000244 8.25000128 20.90000392 1 P 0
L 8.70000038 19.4499992 8.70000038 20.54999954 0 P 0
L 8.70000038 19.4499992 9.29999918 19.4499992 0 P 0
L 8.70000038 20.54999954 9.29999918 20.54999954 0 P 0
L 9.29999918 19.4499992 9.29999918 20.54999954 0 P 0
L 9.50000132 19.4499992 9.50000132 20.54999954 0 P 0
L 9.50000132 19.4499992 10.10000012 19.4499992 0 P 0
L 9.50000132 20.54999954 10.10000012 20.54999954 0 P 0
L 9.95000042 13.4499985 9.95000042 15.54999938 0 P 0
L 9.95000042 13.4499985 12.0500013 13.4499985 0 P 0
L 9.95000042 15.54999938 12.0500013 15.54999938 0 P 0
L 10.10000012 19.4499992 10.10000012 20.54999954 0 P 0
L 10.29999972 19.4499992 10.29999972 20.54999954 0 P 0
L 10.29999972 19.4499992 10.89999852 19.4499992 0 P 0
L 10.29999972 20.54999954 10.89999852 20.54999954 0 P 0
L 10.89999852 19.4499992 10.89999852 20.54999954 0 P 0
L 11.10000066 19.4499992 11.10000066 20.54999954 0 P 0
L 11.10000066 19.4499992 11.69999946 19.4499992 0 P 0
L 11.10000066 20.54999954 11.69999946 20.54999954 0 P 0
L 11.44999996 23.70000086 11.44999996 24.29999966 0 P 0
L 11.44999996 23.70000086 12.5500003 23.70000086 0 P 0
L 11.44999996 24.29999966 12.5500003 24.29999966 0 P 0
L 11.69999946 19.4499992 11.69999946 20.54999954 0 P 0
L 11.9000016 19.4499992 11.9000016 20.54999954 0 P 0
L 11.9000016 19.4499992 12.5000004 19.4499992 0 P 0
L 11.9000016 20.54999954 12.5000004 20.54999954 0 P 0
L 12.0500013 13.4499985 12.0500013 15.54999938 0 P 0
L 12.5000004 19.4499992 12.5000004 20.54999954 0 P 0
L 12.5500003 23.70000086 12.5500003 24.29999966 0 P 0
L 12.7 19.4499992 12.7 20.54999954 0 P 0
L 12.7 19.4499992 13.2999988 19.4499992 0 P 0
L 12.7 20.54999954 13.2999988 20.54999954 0 P 0
L 13.2999988 19.4499992 13.2999988 20.54999954 0 P 0
L 13.75000044 19.10000244 13.75000044 20.90000392 1 P 0
L 13.75000044 19.10000244 14.85000078 19.10000244 1 P 0
L 13.75000044 20.90000392 14.85000078 20.90000392 1 P 0
L 14.85000078 19.10000244 14.85000078 20.90000392 1 P 0
L 15.20000008 19.45000174 15.20000008 20.55000208 0 P 0
L 15.20000008 19.45000174 15.79999888 19.45000174 0 P 0
L 15.20000008 20.55000208 15.79999888 20.55000208 0 P 0
L 15.79999888 19.45000174 15.79999888 20.55000208 0 P 0
L 16.00000102 19.45000174 16.00000102 20.55000208 0 P 0
L 16.00000102 19.45000174 16.59999982 19.45000174 0 P 0
L 16.00000102 20.55000208 16.59999982 20.55000208 0 P 0
L 16.10000082 24.900001 16.10000082 39.90000148 0 P 0
L 16.50000002 13.75000044 16.50000002 16.25000052 0 P 0
L 16.50000002 13.75000044 17.65000026 13.75000044 0 P 0
L 16.50000002 16.25000052 20.50000218 16.25000052 0 P 0
L 16.59999982 19.45000174 16.59999982 20.55000208 0 P 0
L 16.79999942 19.45000174 16.79999942 20.55000208 0 P 0
L 16.79999942 19.45000174 17.39999822 19.45000174 0 P 0
L 16.79999942 20.55000208 17.39999822 20.55000208 0 P 0
L 17.39999822 19.45000174 17.39999822 20.55000208 0 P 0
L 17.60000036 19.4499992 17.60000036 20.54999954 0 P 0
L 17.60000036 19.4499992 18.19999916 19.4499992 0 P 0
L 17.60000036 20.54999954 18.19999916 20.54999954 0 P 0
L 17.65000026 13.75000044 19.34982922 13.7500868 0 P 0
L 18.09992062 16.70001232 18.09992062 17.3000035 0 P 0
L 18.09992062 16.70001232 18.89992156 16.70001232 0 P 0
L 18.09992062 17.3000035 18.89992156 17.3000035 0 P 0
L 18.19999916 19.4499992 18.19999916 20.54999954 0 P 0
L 18.4000013 19.4499992 18.4000013 20.54999954 0 P 0
L 18.4000013 19.4499992 19.0000001 19.4499992 0 P 0
L 18.4000013 20.54999954 19.0000001 20.54999954 0 P 0
L 18.89992156 16.70001232 18.89992156 17.3000035 0 P 0
L 19.0000001 19.4499992 19.0000001 20.54999954 0 P 0
L 19.1999997 19.45000174 19.1999997 20.55000208 0 P 0
L 19.1999997 19.45000174 19.7999985 19.45000174 0 P 0
L 19.1999997 20.55000208 19.7999985 20.55000208 0 P 0
L 19.34982922 13.7500868 19.35000194 13.75000044 0 P 0
L 19.35000194 13.75000044 20.50000218 13.75000044 0 P 0
L 19.7999985 19.45000174 19.7999985 20.55000208 0 P 0
L 20.00000064 19.45000174 20.00000064 20.55000208 0 P 0
L 20.00000064 19.45000174 20.59999944 19.45000174 0 P 0
L 20.00000064 20.55000208 20.59999944 20.55000208 0 P 0
L 20.50000218 13.75000044 20.50000218 16.25000052 0 P 0
L 20.59999944 19.45000174 20.59999944 20.55000208 0 P 0
L 20.80000158 19.45000174 20.80000158 20.55000208 0 P 0
L 20.80000158 19.45000174 21.40000038 19.45000174 0 P 0
L 20.80000158 20.55000208 21.40000038 20.55000208 0 P 0
L 21.16000086 0.17999964 21.16000086 2.71999964 1 P 0
L 21.40000038 19.45000174 21.40000038 20.55000208 0 P 0
