UNITS=MM
#Layer_Color=32768
#
#Feature symbol names
#
$0 r49.9999
$1 r99.9998

#
#Feature attribute names
#
@0 .nomenclature
@1 .string
@2 .string_angle

#
#Feature attribute text strings
#
&0 U1

#
#Layer features
#
L 5.69999876 8.15000148 5.69999876 10.92500228 0 P 0
L 5.69999876 8.15000148 10.29999972 8.15000148 0 P 0
L 5.69999876 10.92500228 10.29999972 10.92500228 0 P 0
L 7.50000024 9.55000122 8.49999824 9.55000122 0 P 0
L 7.64999994 16.44999758 7.64999994 17.24999852 0 P 0
L 7.64999994 16.44999758 9.25000182 16.44999758 0 P 0
L 7.64999994 17.24999852 9.25000182 17.24999852 0 P 0
L 7.99999924 9.05000222 7.99999924 10.05000022 0 P 0
L 8.15000148 16.84999932 8.75000028 16.84999932 0 P 0
L 8.45000088 16.54999992 8.45000088 17.14999872 0 P 0
L 9.24999928 16.20000062 9.24999928 18.6000009 0 P 0
L 9.24999928 16.20000062 12.24999836 16.20000062 0 P 0
L 9.24999928 18.6000009 12.24999836 18.6000009 0 P 0
L 9.25000182 16.44999758 9.25000182 17.24999852 0 P 0
L 9.49000134 -6.07000056 9.49000134 5.1949985 0 P 0
L 9.49000134 -6.07000056 30.50999994 -6.07000056 0 P 0
L 9.49000134 5.1949985 30.50999994 5.1949985 0 P 0
L 10.24999982 17.40000076 11.24999782 17.40000076 0 P 0
L 10.29999972 8.15000148 10.29999972 10.92500228 0 P 0
L 10.65000156 9.22499806 10.65000156 10.67500024 0 P 0
L 10.65000156 9.22499806 11.44999996 9.22499806 0 P 0
L 10.65000156 10.67500024 11.44999996 10.67500024 0 P 0
L 10.74999882 16.90000176 10.74999882 17.89999976 0 P 0
L 10.7749594 9.9749991 11.3749582 9.9749991 0 P 0
L 11.05000076 9.6749997 11.05000076 10.29999972 0 P 0
L 11.44999996 9.22499806 11.44999996 10.67500024 0 P 0
L 12.24999836 16.20000062 12.24999836 18.6000009 0 P 0
L 12.24999836 16.45000012 12.24999836 17.25000106 0 P 0
L 12.24999836 16.45000012 13.85000024 16.45000012 0 P 0
L 12.24999836 17.25000106 13.85000024 17.25000106 0 P 0
L 12.24999836 17.55000046 12.24999836 18.3500014 0 P 0
L 12.24999836 17.55000046 13.85000024 17.55000046 0 P 0
L 12.24999836 18.3500014 13.85000024 18.3500014 0 P 0
L 12.7499999 16.84999932 13.3499987 16.84999932 0 P 0
L 12.7499999 17.94999966 13.3499987 17.94999966 0 P 0
L 13.0499993 16.54999992 13.0499993 17.14999872 0 P 0
L 13.0499993 17.65000026 13.0499993 18.24999906 0 P 0
L 13.85000024 16.45000012 13.85000024 17.25000106 0 P 0
L 13.85000024 17.55000046 13.85000024 18.3500014 0 P 0
L 16.00000102 11.99999886 16.00000102 21.99999918 0 P 0
L 16.00000102 11.99999886 24.00000026 11.99999886 0 P 0
L 16.00000102 21.99999918 24.00000026 21.99999918 0 P 0
L 16.4749988 11.00000086 16.4749988 11.99999886 0 P 0
L 16.4749988 11.00000086 18.37499754 11.00000086 0 P 0
L 16.4749988 11.99999886 18.37499754 11.99999886 0 P 0
L 17.1249975 11.49999986 17.72499884 11.49999986 0 P 0
L 17.42499944 11.20000046 17.42499944 11.79999926 0 P 0
L 18.37499754 11.00000086 18.37499754 11.99999886 0 P 0
L 19.50000164 1.39999974 20.49999964 1.39999974 0 P 0
L 19.50000164 16.99999902 20.49999964 16.99999902 0 P 0
L 20.00000064 0.90000074 20.00000064 1.89999874 0 P 0
L 20.00000064 16.50000002 20.00000064 17.49999802 0 P 0
L 20.10000044 17.26661266 20.26661428 17.09999882 1 P 0 ;0,1=0,2=0.000000
L 20.10000044 18.09967678 20.10000044 17.26661266 1 P 0 ;0,1=0,2=0.000000
L 20.26661428 17.09999882 20.59983942 17.09999882 1 P 0 ;0,1=0,2=0.000000
L 20.59983942 17.09999882 20.76645072 17.26661266 1 P 0 ;0,1=0,2=0.000000
L 20.76645072 17.26661266 20.76645072 18.09967678 1 P 0 ;0,1=0,2=0.000000
L 21.0996784 17.09999882 21.43290354 17.09999882 1 P 0 ;0,1=0,2=0.000000
L 21.26629224 17.09999882 21.26629224 18.09967678 1 P 0 ;0,1=0,2=0.000000
L 21.26629224 18.09967678 21.0996784 17.93306294 1 P 0 ;0,1=0,2=0.000000
L 21.43290354 17.09999882 21.26629224 17.09999882 1 P 0 ;0,1=0,2=0.000000
L 24.00000026 11.99999886 24.00000026 21.99999918 0 P 0
L 24.02499894 11.7249956 24.02499894 15.72499776 0 P 0
L 24.02499894 11.7249956 25.899999 11.7249956 0 P 0
L 24.02499894 15.72499776 25.899999 15.72499776 0 P 0
L 24.44999682 13.72499668 25.44999736 13.72499668 0 P 0
L 24.4500019 10.59999912 24.4500019 11.59999712 0 P 0
L 24.4500019 10.59999912 26.35000064 10.59999912 0 P 0
L 24.4500019 11.59999712 26.35000064 11.59999712 0 P 0
L 24.4500019 15.82499756 24.4500019 16.82499556 0 P 0
L 24.4500019 15.82499756 26.35000064 15.82499756 0 P 0
L 24.4500019 16.82499556 26.35000064 16.82499556 0 P 0
L 24.94999836 13.22499514 24.94999836 14.22499568 0 P 0
L 25.1000006 11.09999812 25.70000194 11.09999812 0 P 0
L 25.1000006 16.32499656 25.70000194 16.32499656 0 P 0
L 25.4 10.79999872 25.4 11.39999752 0 P 0
L 25.4 16.02499716 25.4 16.62499596 0 P 0
L 25.899999 11.7249956 25.899999 15.72499776 0 P 0
L 26.35000064 10.59999912 26.35000064 11.59999712 0 P 0
L 26.35000064 15.82499756 26.35000064 16.82499556 0 P 0
L 28.3250005 9.22499806 28.3250005 10.67500024 0 P 0
L 28.3250005 9.22499806 29.1249989 9.22499806 0 P 0
L 28.3250005 10.67500024 29.1249989 10.67500024 0 P 0
L 28.44995834 9.9749991 29.04995714 9.9749991 0 P 0
L 28.7249997 9.6749997 28.7249997 10.29999972 0 P 0
L 29.1249989 9.22499806 29.1249989 10.67500024 0 P 0
L 29.69999902 8.17500016 29.69999902 10.95000096 0 P 0
L 29.69999902 8.17500016 34.29999998 8.17500016 0 P 0
L 29.69999902 10.95000096 34.29999998 10.95000096 0 P 0
L 30.50999994 -6.07000056 30.50999994 5.1949985 0 P 0
L 31.5000005 9.55000122 32.4999985 9.55000122 0 P 0
L 31.9999995 9.05000222 31.9999995 10.05000022 0 P 0
L 34.29999998 8.17500016 34.29999998 10.95000096 0 P 0
