UNITS=MM
#Layer_Color=32768
#
#Feature symbol names
#
$0 r49.9999
$1 r99.9998

#
#Feature attribute names
#
@0 .nomenclature
@1 .string
@2 .string_angle

#
#Feature attribute text strings
#
&0 U1

#
#Layer features
#
L 0.2499995 17.69999762 0.2499995 19.8999983 0 P 0
L 0.2499995 17.69999762 1.54999944 17.69999762 0 P 0
L 0.2499995 19.8999983 1.54999944 19.8999983 0 P 0
L 0.3999992 18.79999796 1.39999974 18.79999796 1 P 0
L 0.49000156 -6.02000066 0.49000156 5.2449984 0 P 0
L 0.49000156 -6.02000066 21.51000016 -6.02000066 0 P 0
L 0.49000156 5.2449984 21.51000016 5.2449984 0 P 0
L 0.90000074 18.29999896 0.90000074 19.29999696 1 P 0
L 1.20000014 13.62499942 1.20000014 16.40000022 0 P 0
L 1.20000014 13.62499942 5.8000011 13.62499942 0 P 0
L 1.20000014 16.40000022 5.8000011 16.40000022 0 P 0
L 1.44999964 16.59999982 1.44999964 17.39999822 0 P 0
L 1.44999964 16.59999982 2.90000182 16.59999982 0 P 0
L 1.44999964 17.39999822 2.90000182 17.39999822 0 P 0
L 1.54999944 17.69999762 1.54999944 19.8999983 0 P 0
L 1.79999894 18.29999896 1.79999894 19.90000084 0 P 0
L 1.79999894 18.29999896 2.59999988 18.29999896 0 P 0
L 1.79999894 19.90000084 2.59999988 19.90000084 0 P 0
L 1.90000128 16.99999902 2.5250013 16.99999902 0 P 0
L 1.90000128 19.0999999 2.50000008 19.0999999 0 P 0
L 2.20000068 16.67504158 2.20000068 17.27504038 0 P 0
L 2.20000068 18.8000005 2.20000068 19.3999993 0 P 0
L 2.57499612 31.13099946 2.57499612 32.3309996 0 P 0
L 2.57499612 31.13099946 4.77499426 31.13099946 0 P 0
L 2.57499612 32.3309996 4.77499426 32.3309996 0 P 0
L 2.57499612 36.53099882 2.57499612 37.73099896 0 P 0
L 2.57499612 36.53099882 4.77499426 36.53099882 0 P 0
L 2.57499612 37.73099896 4.77499426 37.73099896 0 P 0
L 2.59999988 18.29999896 2.59999988 19.90000084 0 P 0
L 2.79999948 18.29999896 2.79999948 19.90000084 0 P 0
L 2.79999948 18.29999896 3.60000042 18.29999896 0 P 0
L 2.79999948 19.90000084 3.60000042 19.90000084 0 P 0
L 2.90000182 16.59999982 2.90000182 17.39999822 0 P 0
L 2.90000182 19.0999999 3.50000062 19.0999999 0 P 0
L 3.00000162 15.00000048 3.99999962 15.00000048 0 P 0
L 3.19999868 32.4309994 3.19999868 36.43100156 0 P 0
L 3.19999868 32.4309994 5.07499874 32.4309994 0 P 0
L 3.19999868 36.43100156 5.07499874 36.43100156 0 P 0
L 3.20000122 18.8000005 3.20000122 19.3999993 0 P 0
L 3.39999574 31.73099826 3.94999464 31.73099826 1 P 0
L 3.39999574 37.13099762 3.94999464 37.13099762 1 P 0
L 3.50000062 14.50000148 3.50000062 15.49999948 0 P 0
L 3.60000042 18.29999896 3.60000042 19.90000084 0 P 0
L 3.62499656 34.43100048 4.6249971 34.43100048 0 P 0
L 3.67499646 31.45600008 3.67499646 32.00599898 1 P 0
L 3.67499646 36.85599944 3.67499646 37.40599834 1 P 0
L 3.80000002 18.29999896 3.80000002 19.90000084 0 P 0
L 3.80000002 18.29999896 4.60000096 18.29999896 0 P 0
L 3.80000002 19.90000084 4.60000096 19.90000084 0 P 0
L 3.89999982 19.0999999 4.49999862 19.0999999 0 P 0
L 4.1249981 33.93099894 4.1249981 34.93099948 0 P 0
L 4.19999922 18.8000005 4.19999922 19.3999993 0 P 0
L 4.60000096 18.29999896 4.60000096 19.90000084 0 P 0
L 4.77499426 31.13099946 4.77499426 32.3309996 0 P 0
L 4.77499426 36.53099882 4.77499426 37.73099896 0 P 0
L 5.07499874 32.4309994 5.07499874 36.43100156 0 P 0
L 5.19999722 18.29999896 5.19999722 19.90000084 0 P 0
L 5.19999722 18.29999896 5.99999816 18.29999896 0 P 0
L 5.19999722 19.90000084 5.99999816 19.90000084 0 P 0
L 5.29999956 19.0999999 5.89999836 19.0999999 0 P 0
L 5.59999896 18.8000005 5.59999896 19.3999993 0 P 0
L 5.8000011 13.62499942 5.8000011 16.40000022 0 P 0
L 5.99999816 18.29999896 5.99999816 19.90000084 0 P 0
L 6.19999776 18.29999896 6.19999776 19.90000084 0 P 0
L 6.19999776 18.29999896 6.9999987 18.29999896 0 P 0
L 6.19999776 19.90000084 6.9999987 19.90000084 0 P 0
L 6.3000001 19.0999999 6.8999989 19.0999999 0 P 0
L 6.50000224 31.29599786 6.50000224 38.29599656 0 P 0
L 6.50000224 31.29599786 13.50000094 31.29599786 0 P 0
L 6.50000224 38.29599656 13.50000094 38.29599656 0 P 0
L 6.5999995 18.8000005 6.5999995 19.3999993 0 P 0
L 6.9999987 18.29999896 6.9999987 19.90000084 0 P 0
L 7.1999983 18.29999896 7.1999983 19.90000084 0 P 0
L 7.1999983 18.29999896 7.99999924 18.29999896 0 P 0
L 7.1999983 19.90000084 7.99999924 19.90000084 0 P 0
L 7.30000064 19.0999999 7.89999944 19.0999999 0 P 0
L 7.60000004 18.8000005 7.60000004 19.3999993 0 P 0
L 7.99999924 18.29999896 7.99999924 19.90000084 0 P 0
L 8.20000138 18.29999896 8.20000138 19.90000084 0 P 0
L 8.20000138 18.29999896 9.00000232 18.29999896 0 P 0
L 8.20000138 19.90000084 9.00000232 19.90000084 0 P 0
L 8.30000372 19.0999999 8.90000252 19.0999999 0 P 0
L 8.60000312 18.8000005 8.60000312 19.3999993 0 P 0
L 8.88860046 13.37959986 8.88860046 15.77960014 0 P 0
L 8.88860046 13.37959986 11.88859954 13.37959986 0 P 0
L 8.88860046 15.77960014 11.88859954 15.77960014 0 P 0
L 9.00000232 18.29999896 9.00000232 19.90000084 0 P 0
L 9.19999938 18.29999896 9.19999938 19.90000084 0 P 0
L 9.19999938 18.29999896 10.00000032 18.29999896 0 P 0
L 9.19999938 19.90000084 10.00000032 19.90000084 0 P 0
L 9.30000172 19.0999999 9.90000052 19.0999999 0 P 0
L 9.50000132 34.79599594 10.49999932 34.79599594 0 P 0
L 9.60000112 18.8000005 9.60000112 19.3999993 0 P 0
L 9.888601 14.5796 10.888599 14.5796 0 P 0
L 10.00000032 18.29999896 10.00000032 19.90000084 0 P 0
L 10.00000032 34.29599694 10.00000032 35.29599494 0 P 0
L 10.10000266 33.3630905 10.10000266 33.5297018 1 P 0 ;0,1=0,2=270.000000
L 10.10000266 33.5297018 11.09968062 33.5297018 1 P 0 ;0,1=0,2=270.000000
L 10.10000266 33.69631564 10.10000266 33.3630905 1 P 0 ;0,1=0,2=270.000000
L 10.10000266 34.19615462 10.2666165 34.02954332 1 P 0 ;0,1=0,2=270.000000
L 10.10000266 34.52937976 10.10000266 34.19615462 1 P 0 ;0,1=0,2=270.000000
L 10.19999992 18.29999896 10.19999992 19.90000084 0 P 0
L 10.19999992 18.29999896 11.00000086 18.29999896 0 P 0
L 10.19999992 19.90000084 11.00000086 19.90000084 0 P 0
L 10.2666165 34.02954332 11.09968062 34.02954332 1 P 0 ;0,1=0,2=270.000000
L 10.2666165 34.6959936 10.10000266 34.52937976 1 P 0 ;0,1=0,2=270.000000
L 10.30000226 19.0999999 10.90000106 19.0999999 0 P 0
L 10.3886 14.079601 10.3886 15.079599 0 P 0
L 10.50000186 1.44999964 11.49999986 1.44999964 0 P 0
L 10.60000166 18.8000005 10.60000166 19.3999993 0 P 0
L 11.00000086 0.95000064 11.00000086 1.94999864 0 P 0
L 11.00000086 18.29999896 11.00000086 19.90000084 0 P 0
L 11.09968062 33.5297018 10.93306678 33.69631564 1 P 0 ;0,1=0,2=270.000000
L 11.09968062 34.6959936 10.2666165 34.6959936 1 P 0 ;0,1=0,2=270.000000
L 11.88859954 13.37959986 11.88859954 15.77960014 0 P 0
L 11.89999906 18.29999896 11.89999906 19.90000084 0 P 0
L 11.89999906 18.29999896 12.7 18.29999896 0 P 0
L 11.89999906 19.90000084 12.7 19.90000084 0 P 0
L 12.0000014 19.0999999 12.6000002 19.0999999 0 P 0
L 12.3000008 18.8000005 12.3000008 19.3999993 0 P 0
L 12.7 18.29999896 12.7 19.90000084 0 P 0
L 12.92499828 18.29999896 12.92499828 19.90000084 0 P 0
L 12.92499828 18.29999896 13.72499922 18.29999896 0 P 0
L 12.92499828 19.90000084 13.72499922 19.90000084 0 P 0
L 13.02500062 19.0999999 13.62499942 19.0999999 0 P 0
L 13.32500002 18.8000005 13.32500002 19.3999993 0 P 0
L 13.50000094 31.29599786 13.50000094 38.29599656 0 P 0
L 13.72499922 18.29999896 13.72499922 19.90000084 0 P 0
L 13.9499975 18.29999896 13.9499975 19.90000084 0 P 0
L 13.9499975 18.29999896 14.74999844 18.29999896 0 P 0
L 13.9499975 19.90000084 14.74999844 19.90000084 0 P 0
L 14.04999984 19.0999999 14.64999864 19.0999999 0 P 0
L 14.34999924 18.8000005 14.34999924 19.3999993 0 P 0
L 14.74999844 18.29999896 14.74999844 19.90000084 0 P 0
L 15.90000122 18.29999896 15.90000122 19.90000084 0 P 0
L 15.90000122 18.29999896 16.70000216 18.29999896 0 P 0
L 15.90000122 19.90000084 16.70000216 19.90000084 0 P 0
L 16.00000102 19.0999999 16.59999982 19.0999999 0 P 0
L 16.20000062 13.62499942 16.20000062 16.40000022 0 P 0
L 16.20000062 13.62499942 20.80000158 13.62499942 0 P 0
L 16.20000062 16.40000022 20.80000158 16.40000022 0 P 0
L 16.30000042 18.8000005 16.30000042 19.3999993 0 P 0
L 16.45000012 16.59999982 16.45000012 17.39999822 0 P 0
L 16.45000012 16.59999982 17.9000023 16.59999982 0 P 0
L 16.45000012 17.39999822 17.9000023 17.39999822 0 P 0
L 16.70000216 18.29999896 16.70000216 19.90000084 0 P 0
L 16.89999922 18.29999642 16.89999922 19.8999983 0 P 0
L 16.89999922 18.29999642 17.70000016 18.29999642 0 P 0
L 16.89999922 19.8999983 17.70000016 19.8999983 0 P 0
L 16.90000176 16.99999902 17.52500178 16.99999902 0 P 0
L 16.99999902 19.09999736 17.59999782 19.09999736 0 P 0
L 17.20000116 16.67504158 17.20000116 17.27504038 0 P 0
L 17.29999842 18.79999796 17.29999842 19.39999676 0 P 0
L 17.70000016 18.29999642 17.70000016 19.8999983 0 P 0
L 17.9000023 16.59999982 17.9000023 17.39999822 0 P 0
L 18.0000021 15.00000048 19.0000001 15.00000048 0 P 0
L 18.5000011 14.50000148 18.5000011 15.49999948 0 P 0
L 18.9500002 17.7000027 18.9500002 19.90000338 0 P 0
L 18.9500002 17.7000027 20.25000014 17.7000027 0 P 0
L 18.9500002 19.90000338 20.25000014 19.90000338 0 P 0
L 19.0999999 18.80000304 20.10000044 18.80000304 1 P 0
L 19.5999989 18.30000404 19.5999989 19.30000204 1 P 0
L 20.25000014 17.7000027 20.25000014 19.90000338 0 P 0
L 20.80000158 13.62499942 20.80000158 16.40000022 0 P 0
L 21.51000016 -6.02000066 21.51000016 5.2449984 0 P 0
