UNITS=MM
#Layer_Color=16711935
#
#Feature symbol names
#
$0 r49.9999
$1 r99.9998

#
#Feature attribute names
#

#
#Layer features
#
A 3.38900008 2.50000008 3.38900008 2.50000008 2.50000008 2.50000008 0 P 0 N
A 38.3890012 2.50000008 38.3890012 2.50000008 37.5000012 2.50000008 0 P 0 N
L 5.99999816 8.30000118 5.99999816 10.80000126 0 P 0
L 5.99999816 8.30000118 7.1499984 8.30000118 0 P 0
L 5.99999816 10.80000126 10.00000032 10.80000126 0 P 0
L 7.1499984 8.30000118 8.84982736 8.30008754 0 P 0
L 7.89999944 16.54999992 7.89999944 17.14999872 0 P 0
L 7.89999944 16.54999992 8.99999978 16.54999992 0 P 0
L 7.89999944 17.14999872 8.99999978 17.14999872 0 P 0
L 8.84982736 8.30008754 8.85000008 8.30000118 0 P 0
L 8.85000008 8.30000118 10.00000032 8.30000118 0 P 0
L 8.99999978 16.54999992 8.99999978 17.14999872 0 P 0
L 9.69999838 16.35000032 9.69999838 18.4500012 0 P 0
L 9.69999838 16.35000032 11.79999926 16.35000032 0 P 0
L 9.69999838 18.4500012 11.79999926 18.4500012 0 P 0
L 9.84000064 0.12999974 9.84000064 2.66999974 1 P 0
L 9.84000064 0.12999974 30.16000064 0.12999974 1 P 0
L 9.84000064 2.66999974 30.16000064 2.66999974 1 P 0
L 10.00000032 8.30000118 10.00000032 10.80000126 0 P 0
L 10.75001406 9.57507864 10.75001406 10.37507958 0 P 0
L 10.75001406 9.57507864 11.35000524 9.57507864 0 P 0
L 10.75001406 10.37507958 11.35000524 10.37507958 0 P 0
L 11.35000524 9.57507864 11.35000524 10.37507958 0 P 0
L 11.79999926 16.35000032 11.79999926 18.4500012 0 P 0
L 12.5000004 16.54999992 12.5000004 17.14999872 0 P 0
L 12.5000004 16.54999992 13.60000074 16.54999992 0 P 0
L 12.5000004 17.14999872 13.60000074 17.14999872 0 P 0
L 12.5000004 17.65000026 12.5000004 18.24999906 0 P 0
L 12.5000004 17.65000026 13.60000074 17.65000026 0 P 0
L 12.5000004 18.24999906 13.60000074 18.24999906 0 P 0
L 13.60000074 16.54999992 13.60000074 17.14999872 0 P 0
L 13.60000074 17.65000026 13.60000074 18.24999906 0 P 0
L 16.2498151 12.24984596 16.2498151 21.74984474 0 P 0
L 16.2498151 12.24984596 23.74981534 12.24984596 0 P 0
L 16.2498151 21.74999714 23.75000076 21.74999714 0 P 0
L 16.874998 11.20000046 16.874998 11.79999926 0 P 0
L 16.874998 11.20000046 17.97499834 11.20000046 0 P 0
L 16.874998 11.79999926 17.97499834 11.79999926 0 P 0
L 17.97499834 11.20000046 17.97499834 11.79999926 0 P 0
L 23.75000076 12.24984596 23.75000076 21.74999714 0 P 0
L 24.14999742 12.0749949 24.14999742 15.37499592 0 P 0
L 24.14999742 12.0749949 25.74999676 12.0749949 0 P 0
L 24.14999742 15.37499592 25.74999676 15.37499592 0 P 0
L 24.8500011 10.79999872 24.8500011 11.39999752 0 P 0
L 24.8500011 10.79999872 25.95000144 10.79999872 0 P 0
L 24.8500011 11.39999752 25.95000144 11.39999752 0 P 0
L 24.8500011 16.02499716 24.8500011 16.62499596 0 P 0
L 24.8500011 16.02499716 25.95000144 16.02499716 0 P 0
L 24.8500011 16.62499596 25.95000144 16.62499596 0 P 0
L 25.74999676 12.0749949 25.74999676 15.37499592 0 P 0
L 25.95000144 10.79999872 25.95000144 11.39999752 0 P 0
L 25.95000144 16.02499716 25.95000144 16.62499596 0 P 0
L 28.425013 9.57507864 28.425013 10.37507958 0 P 0
L 28.425013 9.57507864 29.02500418 9.57507864 0 P 0
L 28.425013 10.37507958 29.02500418 10.37507958 0 P 0
L 29.02500418 9.57507864 29.02500418 10.37507958 0 P 0
L 29.99999842 8.30000118 29.99999842 10.80000126 0 P 0
L 29.99999842 8.30000118 34.00000058 8.30000118 0 P 0
L 29.99999842 10.80000126 31.14999866 10.80000126 0 P 0
L 30.16000064 0.12999974 30.16000064 2.66999974 1 P 0
L 31.14999866 10.80000126 31.15017138 10.7999149 0 P 0
L 31.15017138 10.7999149 32.85000034 10.80000126 0 P 0
L 32.85000034 10.80000126 34.00000058 10.80000126 0 P 0
L 34.00000058 8.30000118 34.00000058 10.80000126 0 P 0
