UNITS=MM
#Layer_Color=9474304
#
#Feature symbol names
#
$0 r127
$1 r169.33164

#
#Feature attribute names
#

#
#Layer features
#
A 2.61800086 4.21999918 2.61800086 4.21999918 2.11000086 4.21999918 1 P 0 N
A 5.15800086 4.21999918 5.15800086 4.21999918 4.65000086 4.21999918 1 P 0 N
A 7.69800086 4.21999918 7.69800086 4.21999918 7.19000086 4.21999918 1 P 0 N
A 10.23800086 4.21999918 10.23800086 4.21999918 9.73000086 4.21999918 1 P 0 N
A 12.77800086 4.21999918 12.77800086 4.21999918 12.27000086 4.21999918 1 P 0 N
A 15.31800086 4.21999918 15.31800086 4.21999918 14.81000086 4.21999918 1 P 0 N
A 17.85800086 4.21999918 17.85800086 4.21999918 17.35000086 4.21999918 1 P 0 N
A 20.39800086 4.21999918 20.39800086 4.21999918 19.89000086 4.21999918 1 P 0 N
L 0.1524 16.8148 0.4064 17.3228 0 P 0
L 0.1524 16.8148 0.6604 17.0688 0 P 0
L 0.1524 17.8308 0.4064 17.3228 0 P 0
L 0.1524 17.8308 0.6604 17.5768 0 P 0
L 0.24200104 38.64200044 0.49600104 39.15000044 0 P 0
L 0.24200104 38.64200044 0.75000104 38.89600044 0 P 0
L 0.24200104 39.65800044 0.49600104 39.15000044 0 P 0
L 0.24200104 39.65800044 0.75000104 39.40400044 0 P 0
L 0.6604 17.0688 1.1684 16.8148 0 P 0
L 0.6604 17.5768 1.1684 17.8308 0 P 0
L 0.75000104 38.89600044 1.25800104 38.64200044 0 P 0
L 0.75000104 39.40400044 1.25800104 39.65800044 0 P 0
L 0.9144 17.3228 1.1684 16.8148 0 P 0
L 0.9144 17.3228 1.1684 17.8308 0 P 0
L 1.00400104 39.15000044 1.25800104 38.64200044 0 P 0
L 1.00400104 39.15000044 1.25800104 39.65800044 0 P 0
L 2.01699876 32.56700116 2.27099876 33.07500116 0 P 0
L 2.01699876 32.56700116 2.52499876 32.82100116 0 P 0
L 2.01699876 33.58300116 2.27099876 33.07500116 0 P 0
L 2.01699876 33.58300116 2.52499876 33.32900116 0 P 0
L 2.01699876 35.16700104 2.27099876 35.67500104 0 P 0
L 2.01699876 35.16700104 2.52499876 35.42100104 0 P 0
L 2.01699876 36.18300104 2.27099876 35.67500104 0 P 0
L 2.01699876 36.18300104 2.52499876 35.92900104 0 P 0
L 2.1170011 21.99200072 2.3710011 22.50000072 0 P 0
L 2.1170011 21.99200072 2.6250011 22.24600072 0 P 0
L 2.1170011 23.00800072 2.3710011 22.50000072 0 P 0
L 2.1170011 23.00800072 2.6250011 22.75400072 0 P 0
L 2.52499876 32.82100116 3.03299876 32.56700116 0 P 0
L 2.52499876 33.32900116 3.03299876 33.58300116 0 P 0
L 2.52499876 35.42100104 3.03299876 35.16700104 0 P 0
L 2.52499876 35.92900104 3.03299876 36.18300104 0 P 0
L 2.6250011 22.24600072 3.1330011 21.99200072 0 P 0
L 2.6250011 22.75400072 3.1330011 23.00800072 0 P 0
L 2.69200122 17.39199976 2.94600122 17.89999976 0 P 0
L 2.69200122 17.39199976 3.20000122 17.64599976 0 P 0
L 2.69200122 18.40799976 2.94600122 17.89999976 0 P 0
L 2.69200122 18.40799976 3.20000122 18.15399976 0 P 0
L 2.77899876 33.07500116 3.03299876 32.56700116 0 P 0
L 2.77899876 33.07500116 3.03299876 33.58300116 0 P 0
L 2.77899876 35.67500104 3.03299876 35.16700104 0 P 0
L 2.77899876 35.67500104 3.03299876 36.18300104 0 P 0
L 2.8790011 22.50000072 3.1330011 21.99200072 0 P 0
L 2.8790011 22.50000072 3.1330011 23.00800072 0 P 0
L 2.99200062 10.50800032 3.50000062 9.49200032 0 P 0
L 2.99200062 10.50800032 4.00800062 10.50800032 0 P 0
L 3.09200042 22.1420055 3.34600042 22.6500055 0 P 0
L 3.09200042 22.1420055 3.60000042 22.3960055 0 P 0
L 3.09200042 23.1580055 3.34600042 22.6500055 0 P 0
L 3.09200042 23.1580055 3.60000042 22.9040055 0 P 0
L 3.09200042 23.64200504 3.34600042 24.15000504 0 P 0
L 3.09200042 23.64200504 3.60000042 23.89600504 0 P 0
L 3.09200042 24.65800504 3.34600042 24.15000504 0 P 0
L 3.09200042 24.65800504 3.60000042 24.40400504 0 P 0
L 3.09200042 25.14200458 3.34600042 25.65000458 0 P 0
L 3.09200042 25.14200458 3.60000042 25.39600458 0 P 0
L 3.09200042 26.15800458 3.34600042 25.65000458 0 P 0
L 3.09200042 26.15800458 3.60000042 25.90400458 0 P 0
L 3.09200042 26.64200412 3.34600042 27.15000412 0 P 0
L 3.09200042 26.64200412 3.60000042 26.89600412 0 P 0
L 3.09200042 27.65800412 3.34600042 27.15000412 0 P 0
L 3.09200042 27.65800412 3.60000042 27.40400412 0 P 0
L 3.09200042 28.14200366 3.34600042 28.65000366 0 P 0
L 3.09200042 28.14200366 3.60000042 28.39600366 0 P 0
L 3.09200042 29.15800366 3.34600042 28.65000366 0 P 0
L 3.09200042 29.15800366 3.60000042 28.90400366 0 P 0
L 3.09200042 29.6420032 3.34600042 30.1500032 0 P 0
L 3.09200042 29.6420032 3.60000042 29.8960032 0 P 0
L 3.09200042 30.6580032 3.34600042 30.1500032 0 P 0
L 3.09200042 30.6580032 3.60000042 30.4040032 0 P 0
L 3.09200042 34.14200182 3.34600042 34.65000182 0 P 0
L 3.09200042 34.14200182 3.60000042 34.39600182 0 P 0
L 3.09200042 35.15800182 3.34600042 34.65000182 0 P 0
L 3.09200042 35.15800182 3.60000042 34.90400182 0 P 0
L 3.20000122 17.64599976 3.70800122 17.39199976 0 P 0
L 3.20000122 18.15399976 3.70800122 18.40799976 0 P 0
L 3.45400122 17.89999976 3.70800122 17.39199976 0 P 0
L 3.45400122 17.89999976 3.70800122 18.40799976 0 P 0
L 3.50000062 9.49200032 4.00800062 10.50800032 0 P 0
L 3.5052 19.8374 3.7592 20.3454 0 P 0
L 3.5052 19.8374 4.0132 20.0914 0 P 0
L 3.5052 20.8534 3.7592 20.3454 0 P 0
L 3.5052 20.8534 4.0132 20.5994 0 P 0
L 3.60000042 22.3960055 4.10800042 22.1420055 0 P 0
L 3.60000042 22.9040055 4.10800042 23.1580055 0 P 0
L 3.60000042 23.89600504 4.10800042 23.64200504 0 P 0
L 3.60000042 24.40400504 4.10800042 24.65800504 0 P 0
L 3.60000042 25.39600458 4.10800042 25.14200458 0 P 0
L 3.60000042 25.90400458 4.10800042 26.15800458 0 P 0
L 3.60000042 26.89600412 4.10800042 26.64200412 0 P 0
L 3.60000042 27.40400412 4.10800042 27.65800412 0 P 0
L 3.60000042 28.39600366 4.10800042 28.14200366 0 P 0
L 3.60000042 28.90400366 4.10800042 29.15800366 0 P 0
L 3.60000042 29.8960032 4.10800042 29.6420032 0 P 0
L 3.60000042 30.4040032 4.10800042 30.6580032 0 P 0
L 3.60000042 34.39600182 4.10800042 34.14200182 0 P 0
L 3.60000042 34.90400182 4.10800042 35.15800182 0 P 0
L 3.85400042 22.6500055 4.10800042 22.1420055 0 P 0
L 3.85400042 22.6500055 4.10800042 23.1580055 0 P 0
L 3.85400042 24.15000504 4.10800042 23.64200504 0 P 0
L 3.85400042 24.15000504 4.10800042 24.65800504 0 P 0
L 3.85400042 25.65000458 4.10800042 25.14200458 0 P 0
L 3.85400042 25.65000458 4.10800042 26.15800458 0 P 0
L 3.85400042 27.15000412 4.10800042 26.64200412 0 P 0
L 3.85400042 27.15000412 4.10800042 27.65800412 0 P 0
L 3.85400042 28.65000366 4.10800042 28.14200366 0 P 0
L 3.85400042 28.65000366 4.10800042 29.15800366 0 P 0
L 3.85400042 30.1500032 4.10800042 29.6420032 0 P 0
L 3.85400042 30.1500032 4.10800042 30.6580032 0 P 0
L 3.85400042 34.65000182 4.10800042 34.14200182 0 P 0
L 3.85400042 34.65000182 4.10800042 35.15800182 0 P 0
L 4.0132 20.0914 4.5212 19.8374 0 P 0
L 4.0132 20.5994 4.5212 20.8534 0 P 0
L 4.2672 20.3454 4.5212 19.8374 0 P 0
L 4.2672 20.3454 4.5212 20.8534 0 P 0
L 4.5212 16.7132 4.7752 17.2212 0 P 0
L 4.5212 16.7132 5.0292 16.9672 0 P 0
L 4.5212 17.7292 4.7752 17.2212 0 P 0
L 4.5212 17.7292 5.0292 17.4752 0 P 0
L 4.59199996 22.1420055 4.84599996 22.6500055 0 P 0
L 4.59199996 22.1420055 5.09999996 22.3960055 0 P 0
L 4.59199996 23.1580055 4.84599996 22.6500055 0 P 0
L 4.59199996 23.1580055 5.09999996 22.9040055 0 P 0
L 4.59199996 23.64200504 4.84599996 24.15000504 0 P 0
L 4.59199996 23.64200504 5.09999996 23.89600504 0 P 0
L 4.59199996 24.65800504 4.84599996 24.15000504 0 P 0
L 4.59199996 24.65800504 5.09999996 24.40400504 0 P 0
L 4.59199996 25.14200458 4.84599996 25.65000458 0 P 0
L 4.59199996 25.14200458 5.09999996 25.39600458 0 P 0
L 4.59199996 26.15800458 4.84599996 25.65000458 0 P 0
L 4.59199996 26.15800458 5.09999996 25.90400458 0 P 0
L 4.59199996 26.64200412 4.84599996 27.15000412 0 P 0
L 4.59199996 26.64200412 5.09999996 26.89600412 0 P 0
L 4.59199996 27.65800412 4.84599996 27.15000412 0 P 0
L 4.59199996 27.65800412 5.09999996 27.40400412 0 P 0
L 4.59199996 28.14200366 4.84599996 28.65000366 0 P 0
L 4.59199996 28.14200366 5.09999996 28.39600366 0 P 0
L 4.59199996 29.15800366 4.84599996 28.65000366 0 P 0
L 4.59199996 29.15800366 5.09999996 28.90400366 0 P 0
L 4.59199996 29.6420032 4.84599996 30.1500032 0 P 0
L 4.59199996 29.6420032 5.09999996 29.8960032 0 P 0
L 4.59199996 30.6580032 4.84599996 30.1500032 0 P 0
L 4.59199996 30.6580032 5.09999996 30.4040032 0 P 0
L 4.59199996 31.14200274 4.84599996 31.65000274 0 P 0
L 4.59199996 31.14200274 5.09999996 31.39600274 0 P 0
L 4.59199996 32.15800274 4.84599996 31.65000274 0 P 0
L 4.59199996 32.15800274 5.09999996 31.90400274 0 P 0
L 5.01700038 32.41699892 5.27100038 32.92499892 0 P 0
L 5.01700038 32.41699892 5.52500038 32.67099892 0 P 0
L 5.01700038 33.43299892 5.27100038 32.92499892 0 P 0
L 5.01700038 33.43299892 5.52500038 33.17899892 0 P 0
L 5.0292 16.9672 5.5372 16.7132 0 P 0
L 5.0292 17.4752 5.5372 17.7292 0 P 0
L 5.09199896 19.79200004 5.34599896 20.30000004 0 P 0
L 5.09199896 19.79200004 5.59999896 20.04600004 0 P 0
L 5.09199896 20.80800004 5.34599896 20.30000004 0 P 0
L 5.09199896 20.80800004 5.59999896 20.55400004 0 P 0
L 5.09999996 22.3960055 5.60799996 22.1420055 0 P 0
L 5.09999996 22.9040055 5.60799996 23.1580055 0 P 0
L 5.09999996 23.89600504 5.60799996 23.64200504 0 P 0
L 5.09999996 24.40400504 5.60799996 24.65800504 0 P 0
L 5.09999996 25.39600458 5.60799996 25.14200458 0 P 0
L 5.09999996 25.90400458 5.60799996 26.15800458 0 P 0
L 5.09999996 26.89600412 5.60799996 26.64200412 0 P 0
L 5.09999996 27.40400412 5.60799996 27.65800412 0 P 0
L 5.09999996 28.39600366 5.60799996 28.14200366 0 P 0
L 5.09999996 28.90400366 5.60799996 29.15800366 0 P 0
L 5.09999996 29.8960032 5.60799996 29.6420032 0 P 0
L 5.09999996 30.4040032 5.60799996 30.6580032 0 P 0
L 5.09999996 31.39600274 5.60799996 31.14200274 0 P 0
L 5.09999996 31.90400274 5.60799996 32.15800274 0 P 0
L 5.26699988 35.44199922 5.52099988 35.94999922 0 P 0
L 5.26699988 35.44199922 5.77499988 35.69599922 0 P 0
L 5.26699988 36.45799922 5.52099988 35.94999922 0 P 0
L 5.26699988 36.45799922 5.77499988 36.20399922 0 P 0
L 5.2832 17.2212 5.5372 16.7132 0 P 0
L 5.2832 17.2212 5.5372 17.7292 0 P 0
L 5.35399996 22.6500055 5.60799996 22.1420055 0 P 0
L 5.35399996 22.6500055 5.60799996 23.1580055 0 P 0
L 5.35399996 24.15000504 5.60799996 23.64200504 0 P 0
L 5.35399996 24.15000504 5.60799996 24.65800504 0 P 0
L 5.35399996 25.65000458 5.60799996 25.14200458 0 P 0
L 5.35399996 25.65000458 5.60799996 26.15800458 0 P 0
L 5.35399996 27.15000412 5.60799996 26.64200412 0 P 0
L 5.35399996 27.15000412 5.60799996 27.65800412 0 P 0
L 5.35399996 28.65000366 5.60799996 28.14200366 0 P 0
L 5.35399996 28.65000366 5.60799996 29.15800366 0 P 0
L 5.35399996 30.1500032 5.60799996 29.6420032 0 P 0
L 5.35399996 30.1500032 5.60799996 30.6580032 0 P 0
L 5.35399996 31.65000274 5.60799996 31.14200274 0 P 0
L 5.35399996 31.65000274 5.60799996 32.15800274 0 P 0
L 5.52500038 32.67099892 6.03300038 32.41699892 0 P 0
L 5.52500038 33.17899892 6.03300038 33.43299892 0 P 0
L 5.59999896 20.04600004 6.10799896 19.79200004 0 P 0
L 5.59999896 20.55400004 6.10799896 20.80800004 0 P 0
L 5.77499988 35.69599922 6.28299988 35.44199922 0 P 0
L 5.77499988 36.20399922 6.28299988 36.45799922 0 P 0
L 5.77900038 32.92499892 6.03300038 32.41699892 0 P 0
L 5.77900038 32.92499892 6.03300038 33.43299892 0 P 0
L 5.85399896 20.30000004 6.10799896 19.79200004 0 P 0
L 5.85399896 20.30000004 6.10799896 20.80800004 0 P 0
L 5.9419998 38.76699892 6.1959998 39.27499892 0 P 0
L 5.9419998 38.76699892 6.4499998 39.02099892 0 P 0
L 5.9419998 39.78299892 6.1959998 39.27499892 0 P 0
L 5.9419998 39.78299892 6.4499998 39.52899892 0 P 0
L 6.02899988 35.94999922 6.28299988 35.44199922 0 P 0
L 6.02899988 35.94999922 6.28299988 36.45799922 0 P 0
L 6.0919995 19.79200004 6.3459995 20.30000004 0 P 0
L 6.0919995 19.79200004 6.5999995 20.04600004 0 P 0
L 6.0919995 20.80800004 6.3459995 20.30000004 0 P 0
L 6.0919995 20.80800004 6.5999995 20.55400004 0 P 0
L 6.36700022 6.11700072 6.62100022 6.62500072 0 P 0
L 6.36700022 6.11700072 6.87500022 6.37100072 0 P 0
L 6.36700022 7.13300072 6.62100022 6.62500072 0 P 0
L 6.36700022 7.13300072 6.87500022 6.87900072 0 P 0
L 6.4499998 39.02099892 6.9579998 38.76699892 0 P 0
L 6.4499998 39.52899892 6.9579998 39.78299892 0 P 0
L 6.5999995 20.04600004 7.1079995 19.79200004 0 P 0
L 6.5999995 20.55400004 7.1079995 20.80800004 0 P 0
L 6.69200084 38.76699892 6.94600084 39.27499892 0 P 0
L 6.69200084 38.76699892 7.20000084 39.02099892 0 P 0
L 6.69200084 39.78299892 6.94600084 39.27499892 0 P 0
L 6.69200084 39.78299892 7.20000084 39.52899892 0 P 0
L 6.7039998 39.27499892 6.9579998 38.76699892 0 P 0
L 6.7039998 39.27499892 6.9579998 39.78299892 0 P 0
L 6.8539995 20.30000004 7.1079995 19.79200004 0 P 0
L 6.8539995 20.30000004 7.1079995 20.80800004 0 P 0
L 6.87500022 6.37100072 7.38300022 6.11700072 0 P 0
L 6.87500022 6.87900072 7.38300022 7.13300072 0 P 0
L 7.09200004 19.79200004 7.34600004 20.30000004 0 P 0
L 7.09200004 19.79200004 7.60000004 20.04600004 0 P 0
L 7.09200004 20.80800004 7.34600004 20.30000004 0 P 0
L 7.09200004 20.80800004 7.60000004 20.55400004 0 P 0
L 7.12900022 6.62500072 7.38300022 6.11700072 0 P 0
L 7.12900022 6.62500072 7.38300022 7.13300072 0 P 0
L 7.20000084 39.02099892 7.70800084 38.76699892 0 P 0
L 7.20000084 39.52899892 7.70800084 39.78299892 0 P 0
L 7.2898 32.6136 7.5438 33.1216 0 P 0
L 7.2898 32.6136 7.7978 32.8676 0 P 0
L 7.2898 33.6296 7.5438 33.1216 0 P 0
L 7.2898 33.6296 7.7978 33.3756 0 P 0
L 7.29199964 36.03800006 7.54599964 36.54600006 0 P 0
L 7.29199964 36.03800006 7.79999964 36.29200006 0 P 0
L 7.29199964 37.05400006 7.54599964 36.54600006 0 P 0
L 7.29199964 37.05400006 7.79999964 36.80000006 0 P 0
L 7.44199934 38.76699892 7.69599934 39.27499892 0 P 0
L 7.44199934 38.76699892 7.94999934 39.02099892 0 P 0
L 7.44199934 39.78299892 7.69599934 39.27499892 0 P 0
L 7.44199934 39.78299892 7.94999934 39.52899892 0 P 0
L 7.45400084 39.27499892 7.70800084 38.76699892 0 P 0
L 7.45400084 39.27499892 7.70800084 39.78299892 0 P 0
L 7.4676 38.0238 7.7216 38.5318 0 P 0
L 7.4676 38.0238 7.9756 38.2778 0 P 0
L 7.4676 39.0398 7.7216 38.5318 0 P 0
L 7.4676 39.0398 7.9756 38.7858 0 P 0
L 7.59199904 23.64200504 7.84599904 24.15000504 0 P 0
L 7.59199904 23.64200504 8.09999904 23.89600504 0 P 0
L 7.59199904 24.65800504 7.84599904 24.15000504 0 P 0
L 7.59199904 24.65800504 8.09999904 24.40400504 0 P 0
L 7.59199904 25.14200458 7.84599904 25.65000458 0 P 0
L 7.59199904 25.14200458 8.09999904 25.39600458 0 P 0
L 7.59199904 26.15800458 7.84599904 25.65000458 0 P 0
L 7.59199904 26.15800458 8.09999904 25.90400458 0 P 0
L 7.59199904 26.64200412 7.84599904 27.15000412 0 P 0
L 7.59199904 26.64200412 8.09999904 26.89600412 0 P 0
L 7.59199904 27.65800412 7.84599904 27.15000412 0 P 0
L 7.59199904 27.65800412 8.09999904 27.40400412 0 P 0
L 7.59199904 28.14200366 7.84599904 28.65000366 0 P 0
L 7.59199904 28.14200366 8.09999904 28.39600366 0 P 0
L 7.59199904 29.15800366 7.84599904 28.65000366 0 P 0
L 7.59199904 29.15800366 8.09999904 28.90400366 0 P 0
L 7.59199904 29.6420032 7.84599904 30.1500032 0 P 0
L 7.59199904 29.6420032 8.09999904 29.8960032 0 P 0
L 7.59199904 30.6580032 7.84599904 30.1500032 0 P 0
L 7.59199904 30.6580032 8.09999904 30.4040032 0 P 0
L 7.60000004 20.04600004 8.10800004 19.79200004 0 P 0
L 7.60000004 20.55400004 8.10800004 20.80800004 0 P 0
L 7.7978 32.8676 8.3058 32.6136 0 P 0
L 7.7978 33.3756 8.3058 33.6296 0 P 0
L 7.79999964 36.29200006 8.30799964 36.03800006 0 P 0
L 7.79999964 36.80000006 8.30799964 37.05400006 0 P 0
L 7.85400004 20.30000004 8.10800004 19.79200004 0 P 0
L 7.85400004 20.30000004 8.10800004 20.80800004 0 P 0
L 7.94999934 39.02099892 8.45799934 38.76699892 0 P 0
L 7.94999934 39.52899892 8.45799934 39.78299892 0 P 0
L 7.9502 33.0454 8.2042 33.5534 0 P 0
L 7.9502 33.0454 8.4582 33.2994 0 P 0
L 7.9502 34.0614 8.2042 33.5534 0 P 0
L 7.9502 34.0614 8.4582 33.8074 0 P 0
L 7.95200086 35.2479991 8.20600086 35.7559991 0 P 0
L 7.95200086 35.2479991 8.46000086 35.5019991 0 P 0
L 7.95200086 36.2639991 8.20600086 35.7559991 0 P 0
L 7.95200086 36.2639991 8.46000086 36.0099991 0 P 0
L 7.9756 38.2778 8.4836 38.0238 0 P 0
L 7.9756 38.7858 8.4836 39.0398 0 P 0
L 7.9820008 34.28799848 8.2360008 34.79599848 0 P 0
L 7.9820008 34.28799848 8.4900008 34.54199848 0 P 0
L 7.9820008 35.30399848 8.2360008 34.79599848 0 P 0
L 7.9820008 35.30399848 8.4900008 35.04999848 0 P 0
L 8.0518 33.1216 8.3058 32.6136 0 P 0
L 8.0518 33.1216 8.3058 33.6296 0 P 0
L 8.05399964 36.54600006 8.30799964 36.03800006 0 P 0
L 8.05399964 36.54600006 8.30799964 37.05400006 0 P 0
L 8.05699938 9.45700166 8.05699938 10.47300166 0 P 0
L 8.05699938 9.45700166 9.07299938 9.45700166 0 P 0
L 8.05699938 10.47300166 9.07299938 10.47300166 0 P 0
L 8.09999904 23.89600504 8.60799904 23.64200504 0 P 0
L 8.09999904 24.40400504 8.60799904 24.65800504 0 P 0
L 8.09999904 25.39600458 8.60799904 25.14200458 0 P 0
L 8.09999904 25.90400458 8.60799904 26.15800458 0 P 0
L 8.09999904 26.89600412 8.60799904 26.64200412 0 P 0
L 8.09999904 27.40400412 8.60799904 27.65800412 0 P 0
L 8.09999904 28.39600366 8.60799904 28.14200366 0 P 0
L 8.09999904 28.90400366 8.60799904 29.15800366 0 P 0
L 8.09999904 29.8960032 8.60799904 29.6420032 0 P 0
L 8.09999904 30.4040032 8.60799904 30.6580032 0 P 0
L 8.1534 38.0492 8.4074 38.5572 0 P 0
L 8.1534 38.0492 8.6614 38.3032 0 P 0
L 8.1534 39.0652 8.4074 38.5572 0 P 0
L 8.1534 39.0652 8.6614 38.8112 0 P 0
L 8.20399934 39.27499892 8.45799934 38.76699892 0 P 0
L 8.20399934 39.27499892 8.45799934 39.78299892 0 P 0
L 8.2296 38.5318 8.4836 38.0238 0 P 0
L 8.2296 38.5318 8.4836 39.0398 0 P 0
L 8.34200008 38.76699892 8.59600008 39.27499892 0 P 0
L 8.34200008 38.76699892 8.85000008 39.02099892 0 P 0
L 8.34200008 39.78299892 8.59600008 39.27499892 0 P 0
L 8.34200008 39.78299892 8.85000008 39.52899892 0 P 0
L 8.35399904 24.15000504 8.60799904 23.64200504 0 P 0
L 8.35399904 24.15000504 8.60799904 24.65800504 0 P 0
L 8.35399904 25.65000458 8.60799904 25.14200458 0 P 0
L 8.35399904 25.65000458 8.60799904 26.15800458 0 P 0
L 8.35399904 27.15000412 8.60799904 26.64200412 0 P 0
L 8.35399904 27.15000412 8.60799904 27.65800412 0 P 0
L 8.35399904 28.65000366 8.60799904 28.14200366 0 P 0
L 8.35399904 28.65000366 8.60799904 29.15800366 0 P 0
L 8.35399904 30.1500032 8.60799904 29.6420032 0 P 0
L 8.35399904 30.1500032 8.60799904 30.6580032 0 P 0
L 8.4582 33.2994 8.9662 33.0454 0 P 0
L 8.4582 33.8074 8.9662 34.0614 0 P 0
L 8.46000086 35.5019991 8.96800086 35.2479991 0 P 0
L 8.46000086 36.0099991 8.96800086 36.2639991 0 P 0
L 8.4900008 34.54199848 8.9980008 34.28799848 0 P 0
L 8.4900008 35.04999848 8.9980008 35.30399848 0 P 0
L 8.5919818 32.6379332 8.8459818 33.1459332 0 P 0
L 8.5919818 32.6379332 9.0999818 32.8919332 0 P 0
L 8.5919818 33.6539332 8.8459818 33.1459332 0 P 0
L 8.5919818 33.6539332 9.0999818 33.3999332 0 P 0
L 8.6614 38.3032 9.1694 38.0492 0 P 0
L 8.6614 38.8112 9.1694 39.0652 0 P 0
L 8.7122 33.5534 8.9662 33.0454 0 P 0
L 8.7122 33.5534 8.9662 34.0614 0 P 0
L 8.71400086 35.7559991 8.96800086 35.2479991 0 P 0
L 8.71400086 35.7559991 8.96800086 36.2639991 0 P 0
L 8.7440008 34.79599848 8.9980008 34.28799848 0 P 0
L 8.7440008 34.79599848 8.9980008 35.30399848 0 P 0
L 8.79199918 33.36492946 9.04599918 33.87292946 0 P 0
L 8.79199918 33.36492946 9.29999918 33.61892946 0 P 0
L 8.79199918 34.30799844 9.04599918 34.81599844 0 P 0
L 8.79199918 34.30799844 9.29999918 34.56199844 0 P 0
L 8.79199918 34.38092946 9.04599918 33.87292946 0 P 0
L 8.79199918 34.38092946 9.29999918 34.12692946 0 P 0
L 8.79199918 35.32399844 9.04599918 34.81599844 0 P 0
L 8.79199918 35.32399844 9.29999918 35.06999844 0 P 0
L 8.85000008 39.02099892 9.35800008 38.76699892 0 P 0
L 8.85000008 39.52899892 9.35800008 39.78299892 0 P 0
L 8.89 38.0492 9.144 38.5572 0 P 0
L 8.89 38.0492 9.398 38.3032 0 P 0
L 8.89 39.0652 9.144 38.5572 0 P 0
L 8.89 39.0652 9.398 38.8112 0 P 0
L 8.9154 38.5572 9.1694 38.0492 0 P 0
L 8.9154 38.5572 9.1694 39.0652 0 P 0
L 9.06199864 35.43799872 9.31599864 35.94599872 0 P 0
L 9.06199864 35.43799872 9.56999864 35.69199872 0 P 0
L 9.06199864 36.45399872 9.31599864 35.94599872 0 P 0
L 9.06199864 36.45399872 9.56999864 36.19999872 0 P 0
L 9.07299938 9.45700166 9.07299938 10.47300166 0 P 0
L 9.09199858 22.1420055 9.34599858 22.6500055 0 P 0
L 9.09199858 22.1420055 9.59999858 22.3960055 0 P 0
L 9.09199858 23.1580055 9.34599858 22.6500055 0 P 0
L 9.09199858 23.1580055 9.59999858 22.9040055 0 P 0
L 9.09199858 23.64200504 9.34599858 24.15000504 0 P 0
L 9.09199858 23.64200504 9.59999858 23.89600504 0 P 0
L 9.09199858 24.65800504 9.34599858 24.15000504 0 P 0
L 9.09199858 24.65800504 9.59999858 24.40400504 0 P 0
L 9.09199858 25.14200458 9.34599858 25.65000458 0 P 0
L 9.09199858 25.14200458 9.59999858 25.39600458 0 P 0
L 9.09199858 26.15800458 9.34599858 25.65000458 0 P 0
L 9.09199858 26.15800458 9.59999858 25.90400458 0 P 0
L 9.09199858 38.76699892 9.34599858 39.27499892 0 P 0
L 9.09199858 38.76699892 9.59999858 39.02099892 0 P 0
L 9.09199858 39.78299892 9.34599858 39.27499892 0 P 0
L 9.09199858 39.78299892 9.59999858 39.52899892 0 P 0
L 9.0999818 32.8919332 9.6079818 32.6379332 0 P 0
L 9.0999818 33.3999332 9.6079818 33.6539332 0 P 0
L 9.10400008 39.27499892 9.35800008 38.76699892 0 P 0
L 9.10400008 39.27499892 9.35800008 39.78299892 0 P 0
L 9.14200102 15.66980102 9.39600102 16.17780102 0 P 0
L 9.14200102 15.66980102 9.65000102 15.92380102 0 P 0
L 9.14200102 16.68580102 9.39600102 16.17780102 0 P 0
L 9.14200102 16.68580102 9.65000102 16.43180102 0 P 0
L 9.24200082 6.36700022 9.49600082 6.87500022 0 P 0
L 9.24200082 6.36700022 9.75000082 6.62100022 0 P 0
L 9.24200082 7.38300022 9.49600082 6.87500022 0 P 0
L 9.24200082 7.38300022 9.75000082 7.12900022 0 P 0
L 9.29999918 33.61892946 9.80799918 33.36492946 0 P 0
L 9.29999918 34.12692946 9.80799918 34.38092946 0 P 0
L 9.29999918 34.56199844 9.80799918 34.30799844 0 P 0
L 9.29999918 35.06999844 9.80799918 35.32399844 0 P 0
L 9.3539818 33.1459332 9.6079818 32.6379332 0 P 0
L 9.3539818 33.1459332 9.6079818 33.6539332 0 P 0
L 9.398 38.3032 9.906 38.0492 0 P 0
L 9.398 38.8112 9.906 39.0652 0 P 0
L 9.55399918 33.87292946 9.80799918 33.36492946 0 P 0
L 9.55399918 33.87292946 9.80799918 34.38092946 0 P 0
L 9.55399918 34.81599844 9.80799918 34.30799844 0 P 0
L 9.55399918 34.81599844 9.80799918 35.32399844 0 P 0
L 9.56999864 35.69199872 10.07799864 35.43799872 0 P 0
L 9.56999864 36.19999872 10.07799864 36.45399872 0 P 0
L 9.59999858 22.3960055 10.10799858 22.1420055 0 P 0
L 9.59999858 22.9040055 10.10799858 23.1580055 0 P 0
L 9.59999858 23.89600504 10.10799858 23.64200504 0 P 0
L 9.59999858 24.40400504 10.10799858 24.65800504 0 P 0
L 9.59999858 25.39600458 10.10799858 25.14200458 0 P 0
L 9.59999858 25.90400458 10.10799858 26.15800458 0 P 0
L 9.59999858 39.02099892 10.10799858 38.76699892 0 P 0
L 9.59999858 39.52899892 10.10799858 39.78299892 0 P 0
L 9.61200008 35.92799774 9.86600008 36.43599774 0 P 0
L 9.61200008 35.92799774 10.12000008 36.18199774 0 P 0
L 9.61200008 36.94399774 9.86600008 36.43599774 0 P 0
L 9.61200008 36.94399774 10.12000008 36.68999774 0 P 0
L 9.65000102 15.92380102 10.15800102 15.66980102 0 P 0
L 9.65000102 16.43180102 10.15800102 16.68580102 0 P 0
L 9.652 38.5572 9.906 38.0492 0 P 0
L 9.652 38.5572 9.906 39.0652 0 P 0
L 9.7169986 35.28799902 9.9709986 35.79599902 0 P 0
L 9.7169986 35.28799902 10.2249986 35.54199902 0 P 0
L 9.7169986 36.30399902 9.9709986 35.79599902 0 P 0
L 9.7169986 36.30399902 10.2249986 36.04999902 0 P 0
L 9.7282 38.0492 9.9822 38.5572 0 P 0
L 9.7282 38.0492 10.2362 38.3032 0 P 0
L 9.7282 39.0652 9.9822 38.5572 0 P 0
L 9.7282 39.0652 10.2362 38.8112 0 P 0
L 9.74199982 34.28799848 9.99599982 34.79599848 0 P 0
L 9.74199982 34.28799848 10.24999982 34.54199848 0 P 0
L 9.74199982 35.30399848 9.99599982 34.79599848 0 P 0
L 9.74199982 35.30399848 10.24999982 35.04999848 0 P 0
L 9.75000082 6.62100022 10.25800082 6.36700022 0 P 0
L 9.75000082 7.12900022 10.25800082 7.38300022 0 P 0
L 9.82399864 35.94599872 10.07799864 35.43799872 0 P 0
L 9.82399864 35.94599872 10.07799864 36.45399872 0 P 0
L 9.84199962 38.76699892 10.09599962 39.27499892 0 P 0
L 9.84199962 38.76699892 10.34999962 39.02099892 0 P 0
L 9.84199962 39.78299892 10.09599962 39.27499892 0 P 0
L 9.84199962 39.78299892 10.34999962 39.52899892 0 P 0
L 9.85399858 22.6500055 10.10799858 22.1420055 0 P 0
L 9.85399858 22.6500055 10.10799858 23.1580055 0 P 0
L 9.85399858 24.15000504 10.10799858 23.64200504 0 P 0
L 9.85399858 24.15000504 10.10799858 24.65800504 0 P 0
L 9.85399858 25.65000458 10.10799858 25.14200458 0 P 0
L 9.85399858 25.65000458 10.10799858 26.15800458 0 P 0
L 9.85399858 39.27499892 10.10799858 38.76699892 0 P 0
L 9.85399858 39.27499892 10.10799858 39.78299892 0 P 0
L 9.90400102 16.17780102 10.15800102 15.66980102 0 P 0
L 9.90400102 16.17780102 10.15800102 16.68580102 0 P 0
L 10.00400082 6.87500022 10.25800082 6.36700022 0 P 0
L 10.00400082 6.87500022 10.25800082 7.38300022 0 P 0
L 10.12000008 36.18199774 10.62800008 35.92799774 0 P 0
L 10.12000008 36.68999774 10.62800008 36.94399774 0 P 0
L 10.2249986 35.54199902 10.7329986 35.28799902 0 P 0
L 10.2249986 36.04999902 10.7329986 36.30399902 0 P 0
L 10.2362 38.3032 10.7442 38.0492 0 P 0
L 10.2362 38.8112 10.7442 39.0652 0 P 0
L 10.24999982 34.54199848 10.75799982 34.28799848 0 P 0
L 10.24999982 35.04999848 10.75799982 35.30399848 0 P 0
L 10.287 32.6136 10.541 33.1216 0 P 0
L 10.287 32.6136 10.795 32.8676 0 P 0
L 10.287 33.6296 10.541 33.1216 0 P 0
L 10.287 33.6296 10.795 33.3756 0 P 0
L 10.31699994 35.86299914 10.57099994 36.37099914 0 P 0
L 10.31699994 35.86299914 10.82499994 36.11699914 0 P 0
L 10.31699994 36.87899914 10.57099994 36.37099914 0 P 0
L 10.31699994 36.87899914 10.82499994 36.62499914 0 P 0
L 10.34199862 36.51300038 10.59599862 37.02100038 0 P 0
L 10.34199862 36.51300038 10.84999862 36.76700038 0 P 0
L 10.34199862 37.52900038 10.59599862 37.02100038 0 P 0
L 10.34199862 37.52900038 10.84999862 37.27500038 0 P 0
L 10.34999962 39.02099892 10.85799962 38.76699892 0 P 0
L 10.34999962 39.52899892 10.85799962 39.78299892 0 P 0
L 10.37400008 36.43599774 10.62800008 35.92799774 0 P 0
L 10.37400008 36.43599774 10.62800008 36.94399774 0 P 0
L 10.4394 38.0492 10.6934 38.5572 0 P 0
L 10.4394 38.0492 10.9474 38.3032 0 P 0
L 10.4394 39.0652 10.6934 38.5572 0 P 0
L 10.4394 39.0652 10.9474 38.8112 0 P 0
L 10.4789986 35.79599902 10.7329986 35.28799902 0 P 0
L 10.4789986 35.79599902 10.7329986 36.30399902 0 P 0
L 10.4902 38.5572 10.7442 38.0492 0 P 0
L 10.4902 38.5572 10.7442 39.0652 0 P 0
L 10.50399982 34.79599848 10.75799982 34.28799848 0 P 0
L 10.50399982 34.79599848 10.75799982 35.30399848 0 P 0
L 10.5918 8.01379906 10.8458 8.52179906 0 P 0
L 10.5918 8.01379906 11.0998 8.26779906 0 P 0
L 10.5918 9.02979906 10.8458 8.52179906 0 P 0
L 10.5918 9.02979906 11.0998 8.77579906 0 P 0
L 10.59199812 22.1420055 10.84599812 22.6500055 0 P 0
L 10.59199812 22.1420055 11.09999812 22.3960055 0 P 0
L 10.59199812 23.1580055 10.84599812 22.6500055 0 P 0
L 10.59199812 23.1580055 11.09999812 22.9040055 0 P 0
L 10.59199812 23.64200504 10.84599812 24.15000504 0 P 0
L 10.59199812 23.64200504 11.09999812 23.89600504 0 P 0
L 10.59199812 24.65800504 10.84599812 24.15000504 0 P 0
L 10.59199812 24.65800504 11.09999812 24.40400504 0 P 0
L 10.59200066 38.76699892 10.84600066 39.27499892 0 P 0
L 10.59200066 38.76699892 11.10000066 39.02099892 0 P 0
L 10.59200066 39.78299892 10.84600066 39.27499892 0 P 0
L 10.59200066 39.78299892 11.10000066 39.52899892 0 P 0
L 10.60399962 39.27499892 10.85799962 38.76699892 0 P 0
L 10.60399962 39.27499892 10.85799962 39.78299892 0 P 0
L 10.795 32.8676 11.303 32.6136 0 P 0
L 10.795 33.3756 11.303 33.6296 0 P 0
L 10.82499994 36.11699914 11.33299994 35.86299914 0 P 0
L 10.82499994 36.62499914 11.33299994 36.87899914 0 P 0
L 10.84999862 36.76700038 11.35799862 36.51300038 0 P 0
L 10.84999862 37.27500038 11.35799862 37.52900038 0 P 0
L 10.9474 38.3032 11.4554 38.0492 0 P 0
L 10.9474 38.8112 11.4554 39.0652 0 P 0
L 11.049 33.1216 11.303 32.6136 0 P 0
L 11.049 33.1216 11.303 33.6296 0 P 0
L 11.07899994 36.37099914 11.33299994 35.86299914 0 P 0
L 11.07899994 36.37099914 11.33299994 36.87899914 0 P 0
L 11.0998 8.26779906 11.6078 8.01379906 0 P 0
L 11.0998 8.77579906 11.6078 9.02979906 0 P 0
L 11.09999812 22.3960055 11.60799812 22.1420055 0 P 0
L 11.09999812 22.9040055 11.60799812 23.1580055 0 P 0
L 11.09999812 23.89600504 11.60799812 23.64200504 0 P 0
L 11.09999812 24.40400504 11.60799812 24.65800504 0 P 0
L 11.10000066 39.02099892 11.60800066 38.76699892 0 P 0
L 11.10000066 39.52899892 11.60800066 39.78299892 0 P 0
L 11.10399862 37.02100038 11.35799862 36.51300038 0 P 0
L 11.10399862 37.02100038 11.35799862 37.52900038 0 P 0
L 11.2014 38.5572 11.4554 38.0492 0 P 0
L 11.2014 38.5572 11.4554 39.0652 0 P 0
L 11.3538 8.52179906 11.6078 8.01379906 0 P 0
L 11.3538 8.52179906 11.6078 9.02979906 0 P 0
L 11.35399812 22.6500055 11.60799812 22.1420055 0 P 0
L 11.35399812 22.6500055 11.60799812 23.1580055 0 P 0
L 11.35399812 24.15000504 11.60799812 23.64200504 0 P 0
L 11.35399812 24.15000504 11.60799812 24.65800504 0 P 0
L 11.35400066 39.27499892 11.60800066 38.76699892 0 P 0
L 11.35400066 39.27499892 11.60800066 39.78299892 0 P 0
L 11.5920012 32.93800118 11.8460012 33.44600118 0 P 0
L 11.5920012 32.93800118 12.1000012 33.19200118 0 P 0
L 11.5920012 33.95400118 11.8460012 33.44600118 0 P 0
L 11.5920012 33.95400118 12.1000012 33.70000118 0 P 0
L 11.8872 7.8994 12.1412 8.4074 0 P 0
L 11.8872 7.8994 12.3952 8.1534 0 P 0
L 11.8872 8.9154 12.1412 8.4074 0 P 0
L 11.8872 8.9154 12.3952 8.6614 0 P 0
L 12.09199766 26.64200412 12.34599766 27.15000412 0 P 0
L 12.09199766 26.64200412 12.59999766 26.89600412 0 P 0
L 12.09199766 27.65800412 12.34599766 27.15000412 0 P 0
L 12.09199766 27.65800412 12.59999766 27.40400412 0 P 0
L 12.09199766 28.14200366 12.34599766 28.65000366 0 P 0
L 12.09199766 28.14200366 12.59999766 28.39600366 0 P 0
L 12.09199766 29.15800366 12.34599766 28.65000366 0 P 0
L 12.09199766 29.15800366 12.59999766 28.90400366 0 P 0
L 12.09199766 29.6420032 12.34599766 30.1500032 0 P 0
L 12.09199766 29.6420032 12.59999766 29.8960032 0 P 0
L 12.09199766 30.6580032 12.34599766 30.1500032 0 P 0
L 12.09199766 30.6580032 12.59999766 30.4040032 0 P 0
L 12.0920002 34.1170006 12.3460002 34.6250006 0 P 0
L 12.0920002 34.1170006 12.6000002 34.3710006 0 P 0
L 12.0920002 35.1330006 12.3460002 34.6250006 0 P 0
L 12.0920002 35.1330006 12.6000002 34.8790006 0 P 0
L 12.1000012 33.19200118 12.6080012 32.93800118 0 P 0
L 12.1000012 33.70000118 12.6080012 33.95400118 0 P 0
L 12.2919998 15.1670004 12.5459998 15.6750004 0 P 0
L 12.2919998 15.1670004 12.7999998 15.4210004 0 P 0
L 12.2919998 16.1830004 12.5459998 15.6750004 0 P 0
L 12.2919998 16.1830004 12.7999998 15.9290004 0 P 0
L 12.3540012 33.44600118 12.6080012 32.93800118 0 P 0
L 12.3540012 33.44600118 12.6080012 33.95400118 0 P 0
L 12.3952 8.1534 12.9032 7.8994 0 P 0
L 12.3952 8.6614 12.9032 8.9154 0 P 0
L 12.59999766 26.89600412 13.10799766 26.64200412 0 P 0
L 12.59999766 27.40400412 13.10799766 27.65800412 0 P 0
L 12.59999766 28.39600366 13.10799766 28.14200366 0 P 0
L 12.59999766 28.90400366 13.10799766 29.15800366 0 P 0
L 12.59999766 29.8960032 13.10799766 29.6420032 0 P 0
L 12.59999766 30.4040032 13.10799766 30.6580032 0 P 0
L 12.6000002 34.3710006 13.1080002 34.1170006 0 P 0
L 12.6000002 34.8790006 13.1080002 35.1330006 0 P 0
L 12.6492 8.4074 12.9032 7.8994 0 P 0
L 12.6492 8.4074 12.9032 8.9154 0 P 0
L 12.7999998 15.4210004 13.3079998 15.1670004 0 P 0
L 12.7999998 15.9290004 13.3079998 16.1830004 0 P 0
L 12.84200124 34.1170006 13.09600124 34.6250006 0 P 0
L 12.84200124 34.1170006 13.35000124 34.3710006 0 P 0
L 12.84200124 35.1330006 13.09600124 34.6250006 0 P 0
L 12.84200124 35.1330006 13.35000124 34.8790006 0 P 0
L 12.85399766 27.15000412 13.10799766 26.64200412 0 P 0
L 12.85399766 27.15000412 13.10799766 27.65800412 0 P 0
L 12.85399766 28.65000366 13.10799766 28.14200366 0 P 0
L 12.85399766 28.65000366 13.10799766 29.15800366 0 P 0
L 12.85399766 30.1500032 13.10799766 29.6420032 0 P 0
L 12.85399766 30.1500032 13.10799766 30.6580032 0 P 0
L 12.8540002 34.6250006 13.1080002 34.1170006 0 P 0
L 12.8540002 34.6250006 13.1080002 35.1330006 0 P 0
L 13.0539998 15.6750004 13.3079998 15.1670004 0 P 0
L 13.0539998 15.6750004 13.3079998 16.1830004 0 P 0
L 13.13699938 8.44100166 13.13699938 9.45700166 0 P 0
L 13.13699938 8.44100166 14.15299938 8.44100166 0 P 0
L 13.13699938 9.45700166 14.15299938 9.45700166 0 P 0
L 13.13699938 10.47300166 13.13699938 11.48900166 0 P 0
L 13.13699938 10.47300166 14.15299938 10.47300166 0 P 0
L 13.13699938 11.48900166 14.15299938 11.48900166 0 P 0
L 13.35000124 34.3710006 13.85800124 34.1170006 0 P 0
L 13.35000124 34.8790006 13.85800124 35.1330006 0 P 0
L 13.49199994 16.36700054 13.74599994 16.87500054 0 P 0
L 13.49199994 16.36700054 13.99999994 16.62100054 0 P 0
L 13.49199994 17.38300054 13.74599994 16.87500054 0 P 0
L 13.49199994 17.38300054 13.99999994 17.12900054 0 P 0
L 13.5919972 25.14200458 13.8459972 25.65000458 0 P 0
L 13.5919972 25.14200458 14.0999972 25.39600458 0 P 0
L 13.5919972 26.15800458 13.8459972 25.65000458 0 P 0
L 13.5919972 26.15800458 14.0999972 25.90400458 0 P 0
L 13.5919972 26.64200412 13.8459972 27.15000412 0 P 0
L 13.5919972 26.64200412 14.0999972 26.89600412 0 P 0
L 13.5919972 27.65800412 13.8459972 27.15000412 0 P 0
L 13.5919972 27.65800412 14.0999972 27.40400412 0 P 0
L 13.5919972 28.14200366 13.8459972 28.65000366 0 P 0
L 13.5919972 28.14200366 14.0999972 28.39600366 0 P 0
L 13.5919972 29.15800366 13.8459972 28.65000366 0 P 0
L 13.5919972 29.15800366 14.0999972 28.90400366 0 P 0
L 13.5919972 29.6420032 13.8459972 30.1500032 0 P 0
L 13.5919972 29.6420032 14.0999972 29.8960032 0 P 0
L 13.5919972 30.6580032 13.8459972 30.1500032 0 P 0
L 13.5919972 30.6580032 14.0999972 30.4040032 0 P 0
L 13.5919972 31.14200274 13.8459972 31.65000274 0 P 0
L 13.5919972 31.14200274 14.0999972 31.39600274 0 P 0
L 13.5919972 32.15800274 13.8459972 31.65000274 0 P 0
L 13.5919972 32.15800274 14.0999972 31.90400274 0 P 0
L 13.5919972 32.64200228 13.8459972 33.15000228 0 P 0
L 13.5919972 32.64200228 14.0999972 32.89600228 0 P 0
L 13.5919972 33.65800228 13.8459972 33.15000228 0 P 0
L 13.5919972 33.65800228 14.0999972 33.40400228 0 P 0
L 13.59199974 34.1170006 13.84599974 34.6250006 0 P 0
L 13.59199974 34.1170006 14.09999974 34.3710006 0 P 0
L 13.59199974 35.1330006 13.84599974 34.6250006 0 P 0
L 13.59199974 35.1330006 14.09999974 34.8790006 0 P 0
L 13.60400124 34.6250006 13.85800124 34.1170006 0 P 0
L 13.60400124 34.6250006 13.85800124 35.1330006 0 P 0
L 13.99999994 16.62100054 14.50799994 16.36700054 0 P 0
L 13.99999994 17.12900054 14.50799994 17.38300054 0 P 0
L 14.0999972 25.39600458 14.6079972 25.14200458 0 P 0
L 14.0999972 25.90400458 14.6079972 26.15800458 0 P 0
L 14.0999972 26.89600412 14.6079972 26.64200412 0 P 0
L 14.0999972 27.40400412 14.6079972 27.65800412 0 P 0
L 14.0999972 28.39600366 14.6079972 28.14200366 0 P 0
L 14.0999972 28.90400366 14.6079972 29.15800366 0 P 0
L 14.0999972 29.8960032 14.6079972 29.6420032 0 P 0
L 14.0999972 30.4040032 14.6079972 30.6580032 0 P 0
L 14.0999972 31.39600274 14.6079972 31.14200274 0 P 0
L 14.0999972 31.90400274 14.6079972 32.15800274 0 P 0
L 14.0999972 32.89600228 14.6079972 32.64200228 0 P 0
L 14.0999972 33.40400228 14.6079972 33.65800228 0 P 0
L 14.09999974 34.3710006 14.60799974 34.1170006 0 P 0
L 14.09999974 34.8790006 14.60799974 35.1330006 0 P 0
L 14.15299938 8.44100166 14.15299938 9.45700166 0 P 0
L 14.15299938 10.47300166 14.15299938 11.48900166 0 P 0
L 14.25399994 16.87500054 14.50799994 16.36700054 0 P 0
L 14.25399994 16.87500054 14.50799994 17.38300054 0 P 0
L 14.34200078 34.1170006 14.59600078 34.6250006 0 P 0
L 14.34200078 34.1170006 14.85000078 34.3710006 0 P 0
L 14.34200078 35.1330006 14.59600078 34.6250006 0 P 0
L 14.34200078 35.1330006 14.85000078 34.8790006 0 P 0
L 14.3539972 25.65000458 14.6079972 25.14200458 0 P 0
L 14.3539972 25.65000458 14.6079972 26.15800458 0 P 0
L 14.3539972 27.15000412 14.6079972 26.64200412 0 P 0
L 14.3539972 27.15000412 14.6079972 27.65800412 0 P 0
L 14.3539972 28.65000366 14.6079972 28.14200366 0 P 0
L 14.3539972 28.65000366 14.6079972 29.15800366 0 P 0
L 14.3539972 30.1500032 14.6079972 29.6420032 0 P 0
L 14.3539972 30.1500032 14.6079972 30.6580032 0 P 0
L 14.3539972 31.65000274 14.6079972 31.14200274 0 P 0
L 14.3539972 31.65000274 14.6079972 32.15800274 0 P 0
L 14.3539972 33.15000228 14.6079972 32.64200228 0 P 0
L 14.3539972 33.15000228 14.6079972 33.65800228 0 P 0
L 14.35399974 34.6250006 14.60799974 34.1170006 0 P 0
L 14.35399974 34.6250006 14.60799974 35.1330006 0 P 0
L 14.85000078 34.3710006 15.35800078 34.1170006 0 P 0
L 14.85000078 34.8790006 15.35800078 35.1330006 0 P 0
L 15.09199674 23.64200504 15.34599674 24.15000504 0 P 0
L 15.09199674 23.64200504 15.59999674 23.89600504 0 P 0
L 15.09199674 24.65800504 15.34599674 24.15000504 0 P 0
L 15.09199674 24.65800504 15.59999674 24.40400504 0 P 0
L 15.09199674 25.14200458 15.34599674 25.65000458 0 P 0
L 15.09199674 25.14200458 15.59999674 25.39600458 0 P 0
L 15.09199674 26.15800458 15.34599674 25.65000458 0 P 0
L 15.09199674 26.15800458 15.59999674 25.90400458 0 P 0
L 15.09199674 26.64200412 15.34599674 27.15000412 0 P 0
L 15.09199674 26.64200412 15.59999674 26.89600412 0 P 0
L 15.09199674 27.65800412 15.34599674 27.15000412 0 P 0
L 15.09199674 27.65800412 15.59999674 27.40400412 0 P 0
L 15.09199674 28.14200366 15.34599674 28.65000366 0 P 0
L 15.09199674 28.14200366 15.59999674 28.39600366 0 P 0
L 15.09199674 29.15800366 15.34599674 28.65000366 0 P 0
L 15.09199674 29.15800366 15.59999674 28.90400366 0 P 0
L 15.09199674 29.6420032 15.34599674 30.1500032 0 P 0
L 15.09199674 29.6420032 15.59999674 29.8960032 0 P 0
L 15.09199674 30.6580032 15.34599674 30.1500032 0 P 0
L 15.09199674 30.6580032 15.59999674 30.4040032 0 P 0
L 15.09199674 31.14200274 15.34599674 31.65000274 0 P 0
L 15.09199674 31.14200274 15.59999674 31.39600274 0 P 0
L 15.09199674 32.15800274 15.34599674 31.65000274 0 P 0
L 15.09199674 32.15800274 15.59999674 31.90400274 0 P 0
L 15.09199674 32.64200228 15.34599674 33.15000228 0 P 0
L 15.09199674 32.64200228 15.59999674 32.89600228 0 P 0
L 15.09199674 33.65800228 15.34599674 33.15000228 0 P 0
L 15.09199674 33.65800228 15.59999674 33.40400228 0 P 0
L 15.09199928 34.1170006 15.34599928 34.6250006 0 P 0
L 15.09199928 34.1170006 15.59999928 34.3710006 0 P 0
L 15.09199928 35.1330006 15.34599928 34.6250006 0 P 0
L 15.09199928 35.1330006 15.59999928 34.8790006 0 P 0
L 15.10400078 34.6250006 15.35800078 34.1170006 0 P 0
L 15.10400078 34.6250006 15.35800078 35.1330006 0 P 0
L 15.59999674 23.89600504 16.10799674 23.64200504 0 P 0
L 15.59999674 24.40400504 16.10799674 24.65800504 0 P 0
L 15.59999674 25.39600458 16.10799674 25.14200458 0 P 0
L 15.59999674 25.90400458 16.10799674 26.15800458 0 P 0
L 15.59999674 26.89600412 16.10799674 26.64200412 0 P 0
L 15.59999674 27.40400412 16.10799674 27.65800412 0 P 0
L 15.59999674 28.39600366 16.10799674 28.14200366 0 P 0
L 15.59999674 28.90400366 16.10799674 29.15800366 0 P 0
L 15.59999674 29.8960032 16.10799674 29.6420032 0 P 0
L 15.59999674 30.4040032 16.10799674 30.6580032 0 P 0
L 15.59999674 31.39600274 16.10799674 31.14200274 0 P 0
L 15.59999674 31.90400274 16.10799674 32.15800274 0 P 0
L 15.59999674 32.89600228 16.10799674 32.64200228 0 P 0
L 15.59999674 33.40400228 16.10799674 33.65800228 0 P 0
L 15.59999928 34.3710006 16.10799928 34.1170006 0 P 0
L 15.59999928 34.8790006 16.10799928 35.1330006 0 P 0
L 15.79200042 19.79200004 16.04600042 20.30000004 0 P 0
L 15.79200042 19.79200004 16.30000042 20.04600004 0 P 0
L 15.79200042 20.80800004 16.04600042 20.30000004 0 P 0
L 15.79200042 20.80800004 16.30000042 20.55400004 0 P 0
L 15.84200032 34.1170006 16.09600032 34.6250006 0 P 0
L 15.84200032 34.1170006 16.35000032 34.3710006 0 P 0
L 15.84200032 35.1330006 16.09600032 34.6250006 0 P 0
L 15.84200032 35.1330006 16.35000032 34.8790006 0 P 0
L 15.85399674 24.15000504 16.10799674 23.64200504 0 P 0
L 15.85399674 24.15000504 16.10799674 24.65800504 0 P 0
L 15.85399674 25.65000458 16.10799674 25.14200458 0 P 0
L 15.85399674 25.65000458 16.10799674 26.15800458 0 P 0
L 15.85399674 27.15000412 16.10799674 26.64200412 0 P 0
L 15.85399674 27.15000412 16.10799674 27.65800412 0 P 0
L 15.85399674 28.65000366 16.10799674 28.14200366 0 P 0
L 15.85399674 28.65000366 16.10799674 29.15800366 0 P 0
L 15.85399674 30.1500032 16.10799674 29.6420032 0 P 0
L 15.85399674 30.1500032 16.10799674 30.6580032 0 P 0
L 15.85399674 31.65000274 16.10799674 31.14200274 0 P 0
L 15.85399674 31.65000274 16.10799674 32.15800274 0 P 0
L 15.85399674 33.15000228 16.10799674 32.64200228 0 P 0
L 15.85399674 33.15000228 16.10799674 33.65800228 0 P 0
L 15.85399928 34.6250006 16.10799928 34.1170006 0 P 0
L 15.85399928 34.6250006 16.10799928 35.1330006 0 P 0
L 16.30000042 20.04600004 16.80800042 19.79200004 0 P 0
L 16.30000042 20.55400004 16.80800042 20.80800004 0 P 0
L 16.35000032 34.3710006 16.85800032 34.1170006 0 P 0
L 16.35000032 34.8790006 16.85800032 35.1330006 0 P 0
L 16.55400042 20.30000004 16.80800042 19.79200004 0 P 0
L 16.55400042 20.30000004 16.80800042 20.80800004 0 P 0
L 16.5608 17.1704 16.8148 17.6784 0 P 0
L 16.5608 17.1704 17.0688 17.4244 0 P 0
L 16.5608 18.1864 16.8148 17.6784 0 P 0
L 16.5608 18.1864 17.0688 17.9324 0 P 0
L 16.59199628 22.1420055 16.84599628 22.6500055 0 P 0
L 16.59199628 22.1420055 17.09999628 22.3960055 0 P 0
L 16.59199628 23.1580055 16.84599628 22.6500055 0 P 0
L 16.59199628 23.1580055 17.09999628 22.9040055 0 P 0
L 16.59199628 23.64200504 16.84599628 24.15000504 0 P 0
L 16.59199628 23.64200504 17.09999628 23.89600504 0 P 0
L 16.59199628 24.65800504 16.84599628 24.15000504 0 P 0
L 16.59199628 24.65800504 17.09999628 24.40400504 0 P 0
L 16.59199628 25.14200458 16.84599628 25.65000458 0 P 0
L 16.59199628 25.14200458 17.09999628 25.39600458 0 P 0
L 16.59199628 26.15800458 16.84599628 25.65000458 0 P 0
L 16.59199628 26.15800458 17.09999628 25.90400458 0 P 0
L 16.59199628 26.64200412 16.84599628 27.15000412 0 P 0
L 16.59199628 26.64200412 17.09999628 26.89600412 0 P 0
L 16.59199628 27.65800412 16.84599628 27.15000412 0 P 0
L 16.59199628 27.65800412 17.09999628 27.40400412 0 P 0
L 16.59199628 28.14200366 16.84599628 28.65000366 0 P 0
L 16.59199628 28.14200366 17.09999628 28.39600366 0 P 0
L 16.59199628 29.15800366 16.84599628 28.65000366 0 P 0
L 16.59199628 29.15800366 17.09999628 28.90400366 0 P 0
L 16.59199628 29.6420032 16.84599628 30.1500032 0 P 0
L 16.59199628 29.6420032 17.09999628 29.8960032 0 P 0
L 16.59199628 30.6580032 16.84599628 30.1500032 0 P 0
L 16.59199628 30.6580032 17.09999628 30.4040032 0 P 0
L 16.59199628 31.14200274 16.84599628 31.65000274 0 P 0
L 16.59199628 31.14200274 17.09999628 31.39600274 0 P 0
L 16.59199628 32.15800274 16.84599628 31.65000274 0 P 0
L 16.59199628 32.15800274 17.09999628 31.90400274 0 P 0
L 16.59199628 32.64200228 16.84599628 33.15000228 0 P 0
L 16.59199628 32.64200228 17.09999628 32.89600228 0 P 0
L 16.59199628 33.65800228 16.84599628 33.15000228 0 P 0
L 16.59199628 33.65800228 17.09999628 33.40400228 0 P 0
L 16.59199628 34.14200182 16.84599628 34.65000182 0 P 0
L 16.59199628 34.14200182 17.09999628 34.39600182 0 P 0
L 16.59199628 35.15800182 16.84599628 34.65000182 0 P 0
L 16.59199628 35.15800182 17.09999628 34.90400182 0 P 0
L 16.59199628 35.64200136 16.84599628 36.15000136 0 P 0
L 16.59199628 35.64200136 17.09999628 35.89600136 0 P 0
L 16.59199628 36.65800136 16.84599628 36.15000136 0 P 0
L 16.59199628 36.65800136 17.09999628 36.40400136 0 P 0
L 16.59199628 37.1420009 16.84599628 37.6500009 0 P 0
L 16.59199628 37.1420009 17.09999628 37.3960009 0 P 0
L 16.59199628 38.1580009 16.84599628 37.6500009 0 P 0
L 16.59199628 38.1580009 17.09999628 37.9040009 0 P 0
L 16.59199628 38.64200044 16.84599628 39.15000044 0 P 0
L 16.59199628 38.64200044 17.09999628 38.89600044 0 P 0
L 16.59199628 39.65800044 16.84599628 39.15000044 0 P 0
L 16.59199628 39.65800044 17.09999628 39.40400044 0 P 0
L 16.59199882 34.89200032 16.84599882 35.40000032 0 P 0
L 16.59199882 34.89200032 17.09999882 35.14600032 0 P 0
L 16.59199882 35.90800032 16.84599882 35.40000032 0 P 0
L 16.59199882 35.90800032 17.09999882 35.65400032 0 P 0
L 16.59199882 36.39199986 16.84599882 36.89999986 0 P 0
L 16.59199882 36.39199986 17.09999882 36.64599986 0 P 0
L 16.59199882 37.40799986 16.84599882 36.89999986 0 P 0
L 16.59199882 37.40799986 17.09999882 37.15399986 0 P 0
L 16.59199882 37.8919994 16.84599882 38.3999994 0 P 0
L 16.59199882 37.8919994 17.09999882 38.1459994 0 P 0
L 16.59199882 38.9079994 16.84599882 38.3999994 0 P 0
L 16.59199882 38.9079994 17.09999882 38.6539994 0 P 0
L 16.60400032 34.6250006 16.85800032 34.1170006 0 P 0
L 16.60400032 34.6250006 16.85800032 35.1330006 0 P 0
L 16.79199842 19.7919975 17.04599842 20.2999975 0 P 0
L 16.79199842 19.7919975 17.29999842 20.0459975 0 P 0
L 16.79199842 20.8079975 17.04599842 20.2999975 0 P 0
L 16.79199842 20.8079975 17.29999842 20.5539975 0 P 0
L 17.0688 17.4244 17.5768 17.1704 0 P 0
L 17.0688 17.9324 17.5768 18.1864 0 P 0
L 17.09999628 22.3960055 17.60799628 22.1420055 0 P 0
L 17.09999628 22.9040055 17.60799628 23.1580055 0 P 0
L 17.09999628 23.89600504 17.60799628 23.64200504 0 P 0
L 17.09999628 24.40400504 17.60799628 24.65800504 0 P 0
L 17.09999628 25.39600458 17.60799628 25.14200458 0 P 0
L 17.09999628 25.90400458 17.60799628 26.15800458 0 P 0
L 17.09999628 26.89600412 17.60799628 26.64200412 0 P 0
L 17.09999628 27.40400412 17.60799628 27.65800412 0 P 0
L 17.09999628 28.39600366 17.60799628 28.14200366 0 P 0
L 17.09999628 28.90400366 17.60799628 29.15800366 0 P 0
L 17.09999628 29.8960032 17.60799628 29.6420032 0 P 0
L 17.09999628 30.4040032 17.60799628 30.6580032 0 P 0
L 17.09999628 31.39600274 17.60799628 31.14200274 0 P 0
L 17.09999628 31.90400274 17.60799628 32.15800274 0 P 0
L 17.09999628 32.89600228 17.60799628 32.64200228 0 P 0
L 17.09999628 33.40400228 17.60799628 33.65800228 0 P 0
L 17.09999628 34.39600182 17.60799628 34.14200182 0 P 0
L 17.09999628 34.90400182 17.60799628 35.15800182 0 P 0
L 17.09999628 35.89600136 17.60799628 35.64200136 0 P 0
L 17.09999628 36.40400136 17.60799628 36.65800136 0 P 0
L 17.09999628 37.3960009 17.60799628 37.1420009 0 P 0
L 17.09999628 37.9040009 17.60799628 38.1580009 0 P 0
L 17.09999628 38.89600044 17.60799628 38.64200044 0 P 0
L 17.09999628 39.40400044 17.60799628 39.65800044 0 P 0
L 17.09999882 35.14600032 17.60799882 34.89200032 0 P 0
L 17.09999882 35.65400032 17.60799882 35.90800032 0 P 0
L 17.09999882 36.64599986 17.60799882 36.39199986 0 P 0
L 17.09999882 37.15399986 17.60799882 37.40799986 0 P 0
L 17.09999882 38.1459994 17.60799882 37.8919994 0 P 0
L 17.09999882 38.6539994 17.60799882 38.9079994 0 P 0
L 17.29999842 20.0459975 17.80799842 19.7919975 0 P 0
L 17.29999842 20.5539975 17.80799842 20.8079975 0 P 0
L 17.3228 17.6784 17.5768 17.1704 0 P 0
L 17.3228 17.6784 17.5768 18.1864 0 P 0
L 17.35399628 22.6500055 17.60799628 22.1420055 0 P 0
L 17.35399628 22.6500055 17.60799628 23.1580055 0 P 0
L 17.35399628 24.15000504 17.60799628 23.64200504 0 P 0
L 17.35399628 24.15000504 17.60799628 24.65800504 0 P 0
L 17.35399628 25.65000458 17.60799628 25.14200458 0 P 0
L 17.35399628 25.65000458 17.60799628 26.15800458 0 P 0
L 17.35399628 27.15000412 17.60799628 26.64200412 0 P 0
L 17.35399628 27.15000412 17.60799628 27.65800412 0 P 0
L 17.35399628 28.65000366 17.60799628 28.14200366 0 P 0
L 17.35399628 28.65000366 17.60799628 29.15800366 0 P 0
L 17.35399628 30.1500032 17.60799628 29.6420032 0 P 0
L 17.35399628 30.1500032 17.60799628 30.6580032 0 P 0
L 17.35399628 31.65000274 17.60799628 31.14200274 0 P 0
L 17.35399628 31.65000274 17.60799628 32.15800274 0 P 0
L 17.35399628 33.15000228 17.60799628 32.64200228 0 P 0
L 17.35399628 33.15000228 17.60799628 33.65800228 0 P 0
L 17.35399628 34.65000182 17.60799628 34.14200182 0 P 0
L 17.35399628 34.65000182 17.60799628 35.15800182 0 P 0
L 17.35399628 36.15000136 17.60799628 35.64200136 0 P 0
L 17.35399628 36.15000136 17.60799628 36.65800136 0 P 0
L 17.35399628 37.6500009 17.60799628 37.1420009 0 P 0
L 17.35399628 37.6500009 17.60799628 38.1580009 0 P 0
L 17.35399628 39.15000044 17.60799628 38.64200044 0 P 0
L 17.35399628 39.15000044 17.60799628 39.65800044 0 P 0
L 17.35399882 35.40000032 17.60799882 34.89200032 0 P 0
L 17.35399882 35.40000032 17.60799882 35.90800032 0 P 0
L 17.35399882 36.89999986 17.60799882 36.39199986 0 P 0
L 17.35399882 36.89999986 17.60799882 37.40799986 0 P 0
L 17.35399882 38.3999994 17.60799882 37.8919994 0 P 0
L 17.35399882 38.3999994 17.60799882 38.9079994 0 P 0
L 17.55399842 20.2999975 17.80799842 19.7919975 0 P 0
L 17.55399842 20.2999975 17.80799842 20.8079975 0 P 0
L 17.79199896 20.04199954 18.04599896 20.54999954 0 P 0
L 17.79199896 20.04199954 18.29999896 20.29599954 0 P 0
L 17.79199896 21.05799954 18.04599896 20.54999954 0 P 0
L 17.79199896 21.05799954 18.29999896 20.80399954 0 P 0
L 17.9920011 10.50800032 18.5000011 9.49200032 0 P 0
L 17.9920011 10.50800032 19.0080011 10.50800032 0 P 0
L 18.09199582 22.1420055 18.34599582 22.6500055 0 P 0
L 18.09199582 22.1420055 18.59999582 22.3960055 0 P 0
L 18.09199582 23.1580055 18.34599582 22.6500055 0 P 0
L 18.09199582 23.1580055 18.59999582 22.9040055 0 P 0
L 18.09199582 23.64200504 18.34599582 24.15000504 0 P 0
L 18.09199582 23.64200504 18.59999582 23.89600504 0 P 0
L 18.09199582 24.65800504 18.34599582 24.15000504 0 P 0
L 18.09199582 24.65800504 18.59999582 24.40400504 0 P 0
L 18.09199582 25.14200458 18.34599582 25.65000458 0 P 0
L 18.09199582 25.14200458 18.59999582 25.39600458 0 P 0
L 18.09199582 26.15800458 18.34599582 25.65000458 0 P 0
L 18.09199582 26.15800458 18.59999582 25.90400458 0 P 0
L 18.09199582 26.64200412 18.34599582 27.15000412 0 P 0
L 18.09199582 26.64200412 18.59999582 26.89600412 0 P 0
L 18.09199582 27.65800412 18.34599582 27.15000412 0 P 0
L 18.09199582 27.65800412 18.59999582 27.40400412 0 P 0
L 18.09199582 28.14200366 18.34599582 28.65000366 0 P 0
L 18.09199582 28.14200366 18.59999582 28.39600366 0 P 0
L 18.09199582 29.15800366 18.34599582 28.65000366 0 P 0
L 18.09199582 29.15800366 18.59999582 28.90400366 0 P 0
L 18.09199582 29.6420032 18.34599582 30.1500032 0 P 0
L 18.09199582 29.6420032 18.59999582 29.8960032 0 P 0
L 18.09199582 30.6580032 18.34599582 30.1500032 0 P 0
L 18.09199582 30.6580032 18.59999582 30.4040032 0 P 0
L 18.09199582 31.14200274 18.34599582 31.65000274 0 P 0
L 18.09199582 31.14200274 18.59999582 31.39600274 0 P 0
L 18.09199582 32.15800274 18.34599582 31.65000274 0 P 0
L 18.09199582 32.15800274 18.59999582 31.90400274 0 P 0
L 18.09199582 32.64200228 18.34599582 33.15000228 0 P 0
L 18.09199582 32.64200228 18.59999582 32.89600228 0 P 0
L 18.09199582 33.65800228 18.34599582 33.15000228 0 P 0
L 18.09199582 33.65800228 18.59999582 33.40400228 0 P 0
L 18.09199582 34.14200182 18.34599582 34.65000182 0 P 0
L 18.09199582 34.14200182 18.59999582 34.39600182 0 P 0
L 18.09199582 35.15800182 18.34599582 34.65000182 0 P 0
L 18.09199582 35.15800182 18.59999582 34.90400182 0 P 0
L 18.09199582 35.64200136 18.34599582 36.15000136 0 P 0
L 18.09199582 35.64200136 18.59999582 35.89600136 0 P 0
L 18.09199582 36.65800136 18.34599582 36.15000136 0 P 0
L 18.09199582 36.65800136 18.59999582 36.40400136 0 P 0
L 18.09199582 37.1420009 18.34599582 37.6500009 0 P 0
L 18.09199582 37.1420009 18.59999582 37.3960009 0 P 0
L 18.09199582 38.1580009 18.34599582 37.6500009 0 P 0
L 18.09199582 38.1580009 18.59999582 37.9040009 0 P 0
L 18.09199582 38.64200044 18.34599582 39.15000044 0 P 0
L 18.09199582 38.64200044 18.59999582 38.89600044 0 P 0
L 18.09199582 39.65800044 18.34599582 39.15000044 0 P 0
L 18.09199582 39.65800044 18.59999582 39.40400044 0 P 0
L 18.29999896 20.29599954 18.80799896 20.04199954 0 P 0
L 18.29999896 20.80399954 18.80799896 21.05799954 0 P 0
L 18.5000011 9.49200032 19.0080011 10.50800032 0 P 0
L 18.55399896 20.54999954 18.80799896 20.04199954 0 P 0
L 18.55399896 20.54999954 18.80799896 21.05799954 0 P 0
L 18.59999582 22.3960055 19.10799582 22.1420055 0 P 0
L 18.59999582 22.9040055 19.10799582 23.1580055 0 P 0
L 18.59999582 23.89600504 19.10799582 23.64200504 0 P 0
L 18.59999582 24.40400504 19.10799582 24.65800504 0 P 0
L 18.59999582 25.39600458 19.10799582 25.14200458 0 P 0
L 18.59999582 25.90400458 19.10799582 26.15800458 0 P 0
L 18.59999582 26.89600412 19.10799582 26.64200412 0 P 0
L 18.59999582 27.40400412 19.10799582 27.65800412 0 P 0
L 18.59999582 28.39600366 19.10799582 28.14200366 0 P 0
L 18.59999582 28.90400366 19.10799582 29.15800366 0 P 0
L 18.59999582 29.8960032 19.10799582 29.6420032 0 P 0
L 18.59999582 30.4040032 19.10799582 30.6580032 0 P 0
L 18.59999582 31.39600274 19.10799582 31.14200274 0 P 0
L 18.59999582 31.90400274 19.10799582 32.15800274 0 P 0
L 18.59999582 32.89600228 19.10799582 32.64200228 0 P 0
L 18.59999582 33.40400228 19.10799582 33.65800228 0 P 0
L 18.59999582 34.39600182 19.10799582 34.14200182 0 P 0
L 18.59999582 34.90400182 19.10799582 35.15800182 0 P 0
L 18.59999582 35.89600136 19.10799582 35.64200136 0 P 0
L 18.59999582 36.40400136 19.10799582 36.65800136 0 P 0
L 18.59999582 37.3960009 19.10799582 37.1420009 0 P 0
L 18.59999582 37.9040009 19.10799582 38.1580009 0 P 0
L 18.59999582 38.89600044 19.10799582 38.64200044 0 P 0
L 18.59999582 39.40400044 19.10799582 39.65800044 0 P 0
L 18.85399582 22.6500055 19.10799582 22.1420055 0 P 0
L 18.85399582 22.6500055 19.10799582 23.1580055 0 P 0
L 18.85399582 24.15000504 19.10799582 23.64200504 0 P 0
L 18.85399582 24.15000504 19.10799582 24.65800504 0 P 0
L 18.85399582 25.65000458 19.10799582 25.14200458 0 P 0
L 18.85399582 25.65000458 19.10799582 26.15800458 0 P 0
L 18.85399582 27.15000412 19.10799582 26.64200412 0 P 0
L 18.85399582 27.15000412 19.10799582 27.65800412 0 P 0
L 18.85399582 28.65000366 19.10799582 28.14200366 0 P 0
L 18.85399582 28.65000366 19.10799582 29.15800366 0 P 0
L 18.85399582 30.1500032 19.10799582 29.6420032 0 P 0
L 18.85399582 30.1500032 19.10799582 30.6580032 0 P 0
L 18.85399582 31.65000274 19.10799582 31.14200274 0 P 0
L 18.85399582 31.65000274 19.10799582 32.15800274 0 P 0
L 18.85399582 33.15000228 19.10799582 32.64200228 0 P 0
L 18.85399582 33.15000228 19.10799582 33.65800228 0 P 0
L 18.85399582 34.65000182 19.10799582 34.14200182 0 P 0
L 18.85399582 34.65000182 19.10799582 35.15800182 0 P 0
L 18.85399582 36.15000136 19.10799582 35.64200136 0 P 0
L 18.85399582 36.15000136 19.10799582 36.65800136 0 P 0
L 18.85399582 37.6500009 19.10799582 37.1420009 0 P 0
L 18.85399582 37.6500009 19.10799582 38.1580009 0 P 0
L 18.85399582 39.15000044 19.10799582 38.64200044 0 P 0
L 18.85399582 39.15000044 19.10799582 39.65800044 0 P 0
L 19.59199536 22.1420055 19.84599536 22.6500055 0 P 0
L 19.59199536 22.1420055 20.09999536 22.3960055 0 P 0
L 19.59199536 23.1580055 19.84599536 22.6500055 0 P 0
L 19.59199536 23.1580055 20.09999536 22.9040055 0 P 0
L 19.59199536 23.64200504 19.84599536 24.15000504 0 P 0
L 19.59199536 23.64200504 20.09999536 23.89600504 0 P 0
L 19.59199536 24.65800504 19.84599536 24.15000504 0 P 0
L 19.59199536 24.65800504 20.09999536 24.40400504 0 P 0
L 19.59199536 25.14200458 19.84599536 25.65000458 0 P 0
L 19.59199536 25.14200458 20.09999536 25.39600458 0 P 0
L 19.59199536 26.15800458 19.84599536 25.65000458 0 P 0
L 19.59199536 26.15800458 20.09999536 25.90400458 0 P 0
L 19.59199536 26.64200412 19.84599536 27.15000412 0 P 0
L 19.59199536 26.64200412 20.09999536 26.89600412 0 P 0
L 19.59199536 27.65800412 19.84599536 27.15000412 0 P 0
L 19.59199536 27.65800412 20.09999536 27.40400412 0 P 0
L 19.59199536 28.14200366 19.84599536 28.65000366 0 P 0
L 19.59199536 28.14200366 20.09999536 28.39600366 0 P 0
L 19.59199536 29.15800366 19.84599536 28.65000366 0 P 0
L 19.59199536 29.15800366 20.09999536 28.90400366 0 P 0
L 19.59199536 29.6420032 19.84599536 30.1500032 0 P 0
L 19.59199536 29.6420032 20.09999536 29.8960032 0 P 0
L 19.59199536 30.6580032 19.84599536 30.1500032 0 P 0
L 19.59199536 30.6580032 20.09999536 30.4040032 0 P 0
L 19.59199536 31.14200274 19.84599536 31.65000274 0 P 0
L 19.59199536 31.14200274 20.09999536 31.39600274 0 P 0
L 19.59199536 32.15800274 19.84599536 31.65000274 0 P 0
L 19.59199536 32.15800274 20.09999536 31.90400274 0 P 0
L 19.59199536 32.64200228 19.84599536 33.15000228 0 P 0
L 19.59199536 32.64200228 20.09999536 32.89600228 0 P 0
L 19.59199536 33.65800228 19.84599536 33.15000228 0 P 0
L 19.59199536 33.65800228 20.09999536 33.40400228 0 P 0
L 19.59199536 34.14200182 19.84599536 34.65000182 0 P 0
L 19.59199536 34.14200182 20.09999536 34.39600182 0 P 0
L 19.59199536 35.15800182 19.84599536 34.65000182 0 P 0
L 19.59199536 35.15800182 20.09999536 34.90400182 0 P 0
L 19.59199536 35.64200136 19.84599536 36.15000136 0 P 0
L 19.59199536 35.64200136 20.09999536 35.89600136 0 P 0
L 19.59199536 36.65800136 19.84599536 36.15000136 0 P 0
L 19.59199536 36.65800136 20.09999536 36.40400136 0 P 0
L 19.59199536 37.1420009 19.84599536 37.6500009 0 P 0
L 19.59199536 37.1420009 20.09999536 37.3960009 0 P 0
L 19.59199536 38.1580009 19.84599536 37.6500009 0 P 0
L 19.59199536 38.1580009 20.09999536 37.9040009 0 P 0
L 19.59199536 38.64200044 19.84599536 39.15000044 0 P 0
L 19.59199536 38.64200044 20.09999536 38.89600044 0 P 0
L 19.59199536 39.65800044 19.84599536 39.15000044 0 P 0
L 19.59199536 39.65800044 20.09999536 39.40400044 0 P 0
L 20.09999536 22.3960055 20.60799536 22.1420055 0 P 0
L 20.09999536 22.9040055 20.60799536 23.1580055 0 P 0
L 20.09999536 23.89600504 20.60799536 23.64200504 0 P 0
L 20.09999536 24.40400504 20.60799536 24.65800504 0 P 0
L 20.09999536 25.39600458 20.60799536 25.14200458 0 P 0
L 20.09999536 25.90400458 20.60799536 26.15800458 0 P 0
L 20.09999536 26.89600412 20.60799536 26.64200412 0 P 0
L 20.09999536 27.40400412 20.60799536 27.65800412 0 P 0
L 20.09999536 28.39600366 20.60799536 28.14200366 0 P 0
L 20.09999536 28.90400366 20.60799536 29.15800366 0 P 0
L 20.09999536 29.8960032 20.60799536 29.6420032 0 P 0
L 20.09999536 30.4040032 20.60799536 30.6580032 0 P 0
L 20.09999536 31.39600274 20.60799536 31.14200274 0 P 0
L 20.09999536 31.90400274 20.60799536 32.15800274 0 P 0
L 20.09999536 32.89600228 20.60799536 32.64200228 0 P 0
L 20.09999536 33.40400228 20.60799536 33.65800228 0 P 0
L 20.09999536 34.39600182 20.60799536 34.14200182 0 P 0
L 20.09999536 34.90400182 20.60799536 35.15800182 0 P 0
L 20.09999536 35.89600136 20.60799536 35.64200136 0 P 0
L 20.09999536 36.40400136 20.60799536 36.65800136 0 P 0
L 20.09999536 37.3960009 20.60799536 37.1420009 0 P 0
L 20.09999536 37.9040009 20.60799536 38.1580009 0 P 0
L 20.09999536 38.89600044 20.60799536 38.64200044 0 P 0
L 20.09999536 39.40400044 20.60799536 39.65800044 0 P 0
L 20.35399536 22.6500055 20.60799536 22.1420055 0 P 0
L 20.35399536 22.6500055 20.60799536 23.1580055 0 P 0
L 20.35399536 24.15000504 20.60799536 23.64200504 0 P 0
L 20.35399536 24.15000504 20.60799536 24.65800504 0 P 0
L 20.35399536 25.65000458 20.60799536 25.14200458 0 P 0
L 20.35399536 25.65000458 20.60799536 26.15800458 0 P 0
L 20.35399536 27.15000412 20.60799536 26.64200412 0 P 0
L 20.35399536 27.15000412 20.60799536 27.65800412 0 P 0
L 20.35399536 28.65000366 20.60799536 28.14200366 0 P 0
L 20.35399536 28.65000366 20.60799536 29.15800366 0 P 0
L 20.35399536 30.1500032 20.60799536 29.6420032 0 P 0
L 20.35399536 30.1500032 20.60799536 30.6580032 0 P 0
L 20.35399536 31.65000274 20.60799536 31.14200274 0 P 0
L 20.35399536 31.65000274 20.60799536 32.15800274 0 P 0
L 20.35399536 33.15000228 20.60799536 32.64200228 0 P 0
L 20.35399536 33.15000228 20.60799536 33.65800228 0 P 0
L 20.35399536 34.65000182 20.60799536 34.14200182 0 P 0
L 20.35399536 34.65000182 20.60799536 35.15800182 0 P 0
L 20.35399536 36.15000136 20.60799536 35.64200136 0 P 0
L 20.35399536 36.15000136 20.60799536 36.65800136 0 P 0
L 20.35399536 37.6500009 20.60799536 37.1420009 0 P 0
L 20.35399536 37.6500009 20.60799536 38.1580009 0 P 0
L 20.35399536 39.15000044 20.60799536 38.64200044 0 P 0
L 20.35399536 39.15000044 20.60799536 39.65800044 0 P 0
L 20.64200088 34.14199928 20.89600088 34.64999928 0 P 0
L 20.64200088 34.14199928 21.15000088 34.39599928 0 P 0
L 20.64200088 35.15799928 20.89600088 34.64999928 0 P 0
L 20.64200088 35.15799928 21.15000088 34.90399928 0 P 0
L 20.79200058 19.89199984 21.04600058 20.39999984 0 P 0
L 20.79200058 19.89199984 21.30000058 20.14599984 0 P 0
L 20.79200058 20.64200088 21.04600058 21.15000088 0 P 0
L 20.79200058 20.64200088 21.30000058 20.89600088 0 P 0
L 20.79200058 20.90799984 21.04600058 20.39999984 0 P 0
L 20.79200058 20.90799984 21.30000058 20.65399984 0 P 0
L 20.79200058 21.65800088 21.04600058 21.15000088 0 P 0
L 20.79200058 21.65800088 21.30000058 21.40400088 0 P 0
L 20.79200058 22.14200042 21.04600058 22.65000042 0 P 0
L 20.79200058 22.14200042 21.30000058 22.39600042 0 P 0
L 20.79200058 23.15800042 21.04600058 22.65000042 0 P 0
L 20.79200058 23.15800042 21.30000058 22.90400042 0 P 0
L 20.79200058 23.64199996 21.04600058 24.14999996 0 P 0
L 20.79200058 23.64199996 21.30000058 23.89599996 0 P 0
L 20.79200058 24.65799996 21.04600058 24.14999996 0 P 0
L 20.79200058 24.65799996 21.30000058 24.40399996 0 P 0
L 20.79200058 25.1419995 21.04600058 25.6499995 0 P 0
L 20.79200058 25.1419995 21.30000058 25.3959995 0 P 0
L 20.79200058 26.1579995 21.04600058 25.6499995 0 P 0
L 20.79200058 26.1579995 21.30000058 25.9039995 0 P 0
L 20.79200058 26.64199904 21.04600058 27.14999904 0 P 0
L 20.79200058 26.64199904 21.30000058 26.89599904 0 P 0
L 20.79200058 27.65799904 21.04600058 27.14999904 0 P 0
L 20.79200058 27.65799904 21.30000058 27.40399904 0 P 0
L 20.79200058 28.14200112 21.04600058 28.65000112 0 P 0
L 20.79200058 28.14200112 21.30000058 28.39600112 0 P 0
L 20.79200058 29.15800112 21.04600058 28.65000112 0 P 0
L 20.79200058 29.15800112 21.30000058 28.90400112 0 P 0
L 20.79200058 29.64200066 21.04600058 30.15000066 0 P 0
L 20.79200058 29.64200066 21.30000058 29.89600066 0 P 0
L 20.79200058 30.65800066 21.04600058 30.15000066 0 P 0
L 20.79200058 30.65800066 21.30000058 30.40400066 0 P 0
L 20.79200058 31.1420002 21.04600058 31.6500002 0 P 0
L 20.79200058 31.1420002 21.30000058 31.3960002 0 P 0
L 20.79200058 32.1580002 21.04600058 31.6500002 0 P 0
L 20.79200058 32.1580002 21.30000058 31.9040002 0 P 0
L 20.79200058 32.64199974 21.04600058 33.14999974 0 P 0
L 20.79200058 32.64199974 21.30000058 32.89599974 0 P 0
L 20.79200058 33.65799974 21.04600058 33.14999974 0 P 0
L 20.79200058 33.65799974 21.30000058 33.40399974 0 P 0
L 20.79200058 35.64199882 21.04600058 36.14999882 0 P 0
L 20.79200058 35.64199882 21.30000058 35.89599882 0 P 0
L 20.79200058 36.65799882 21.04600058 36.14999882 0 P 0
L 20.79200058 36.65799882 21.30000058 36.40399882 0 P 0
L 20.79200058 37.1420009 21.04600058 37.6500009 0 P 0
L 20.79200058 37.1420009 21.30000058 37.3960009 0 P 0
L 20.79200058 38.1580009 21.04600058 37.6500009 0 P 0
L 20.79200058 38.1580009 21.30000058 37.9040009 0 P 0
L 20.79200058 38.64200044 21.04600058 39.15000044 0 P 0
L 20.79200058 38.64200044 21.30000058 38.89600044 0 P 0
L 20.79200058 39.65800044 21.04600058 39.15000044 0 P 0
L 20.79200058 39.65800044 21.30000058 39.40400044 0 P 0
L 21.15000088 34.39599928 21.65800088 34.14199928 0 P 0
L 21.15000088 34.90399928 21.65800088 35.15799928 0 P 0
L 21.30000058 20.14599984 21.80800058 19.89199984 0 P 0
L 21.30000058 20.65399984 21.80800058 20.90799984 0 P 0
L 21.30000058 20.89600088 21.80800058 20.64200088 0 P 0
L 21.30000058 21.40400088 21.80800058 21.65800088 0 P 0
L 21.30000058 22.39600042 21.80800058 22.14200042 0 P 0
L 21.30000058 22.90400042 21.80800058 23.15800042 0 P 0
L 21.30000058 23.89599996 21.80800058 23.64199996 0 P 0
L 21.30000058 24.40399996 21.80800058 24.65799996 0 P 0
L 21.30000058 25.3959995 21.80800058 25.1419995 0 P 0
L 21.30000058 25.9039995 21.80800058 26.1579995 0 P 0
L 21.30000058 26.89599904 21.80800058 26.64199904 0 P 0
L 21.30000058 27.40399904 21.80800058 27.65799904 0 P 0
L 21.30000058 28.39600112 21.80800058 28.14200112 0 P 0
L 21.30000058 28.90400112 21.80800058 29.15800112 0 P 0
L 21.30000058 29.89600066 21.80800058 29.64200066 0 P 0
L 21.30000058 30.40400066 21.80800058 30.65800066 0 P 0
L 21.30000058 31.3960002 21.80800058 31.1420002 0 P 0
L 21.30000058 31.9040002 21.80800058 32.1580002 0 P 0
L 21.30000058 32.89599974 21.80800058 32.64199974 0 P 0
L 21.30000058 33.40399974 21.80800058 33.65799974 0 P 0
L 21.30000058 35.89599882 21.80800058 35.64199882 0 P 0
L 21.30000058 36.40399882 21.80800058 36.65799882 0 P 0
L 21.30000058 37.3960009 21.80800058 37.1420009 0 P 0
L 21.30000058 37.9040009 21.80800058 38.1580009 0 P 0
L 21.30000058 38.89600044 21.80800058 38.64200044 0 P 0
L 21.30000058 39.40400044 21.80800058 39.65800044 0 P 0
L 21.40400088 34.64999928 21.65800088 34.14199928 0 P 0
L 21.40400088 34.64999928 21.65800088 35.15799928 0 P 0
L 21.55400058 20.39999984 21.80800058 19.89199984 0 P 0
L 21.55400058 20.39999984 21.80800058 20.90799984 0 P 0
L 21.55400058 21.15000088 21.80800058 20.64200088 0 P 0
L 21.55400058 21.15000088 21.80800058 21.65800088 0 P 0
L 21.55400058 22.65000042 21.80800058 22.14200042 0 P 0
L 21.55400058 22.65000042 21.80800058 23.15800042 0 P 0
L 21.55400058 24.14999996 21.80800058 23.64199996 0 P 0
L 21.55400058 24.14999996 21.80800058 24.65799996 0 P 0
L 21.55400058 25.6499995 21.80800058 25.1419995 0 P 0
L 21.55400058 25.6499995 21.80800058 26.1579995 0 P 0
L 21.55400058 27.14999904 21.80800058 26.64199904 0 P 0
L 21.55400058 27.14999904 21.80800058 27.65799904 0 P 0
L 21.55400058 28.65000112 21.80800058 28.14200112 0 P 0
L 21.55400058 28.65000112 21.80800058 29.15800112 0 P 0
L 21.55400058 30.15000066 21.80800058 29.64200066 0 P 0
L 21.55400058 30.15000066 21.80800058 30.65800066 0 P 0
L 21.55400058 31.6500002 21.80800058 31.1420002 0 P 0
L 21.55400058 31.6500002 21.80800058 32.1580002 0 P 0
L 21.55400058 33.14999974 21.80800058 32.64199974 0 P 0
L 21.55400058 33.14999974 21.80800058 33.65799974 0 P 0
L 21.55400058 36.14999882 21.80800058 35.64199882 0 P 0
L 21.55400058 36.14999882 21.80800058 36.65799882 0 P 0
L 21.55400058 37.6500009 21.80800058 37.1420009 0 P 0
L 21.55400058 37.6500009 21.80800058 38.1580009 0 P 0
L 21.55400058 39.15000044 21.80800058 38.64200044 0 P 0
L 21.55400058 39.15000044 21.80800058 39.65800044 0 P 0
