UNITS=MM
#Layer_Color=16711935
#
#Feature symbol names
#
$0 r49.9999
$1 r99.9998

#
#Feature attribute names
#

#
#Layer features
#
A 3.38900008 2.50000008 3.38900008 2.50000008 2.50000008 2.50000008 0 P 0 N
A 26.8499971 10.4000046 26.8499971 10.4000046 26.2499983 10.4000046 0 P 0 N
A 26.84999964 8.75000028 26.84999964 8.75000028 26.25000084 8.75000028 0 P 0 N
A 38.3890012 2.50000008 38.3890012 2.50000008 37.5000012 2.50000008 0 P 0 N
L 5.99999816 8.30000118 5.99999816 10.80000126 0 P 0
L 5.99999816 8.30000118 7.1499984 8.30000118 0 P 0
L 5.99999816 10.80000126 10.00000032 10.80000126 0 P 0
L 7.1499984 8.30000118 8.84982736 8.30008754 0 P 0
L 7.90000198 15.39999968 7.90000198 15.99999848 0 P 0
L 7.90000198 15.39999968 9.00000232 15.39999968 0 P 0
L 7.90000198 15.99999848 9.00000232 15.99999848 0 P 0
L 8.84982736 8.30008754 8.85000008 8.30000118 0 P 0
L 8.85000008 8.30000118 10.00000032 8.30000118 0 P 0
L 9.00000232 15.39999968 9.00000232 15.99999848 0 P 0
L 9.69999838 15.20000008 9.69999838 17.30000096 0 P 0
L 9.69999838 15.20000008 11.79999926 15.20000008 0 P 0
L 9.69999838 17.30000096 11.79999926 17.30000096 0 P 0
L 9.84000064 0.12999974 9.84000064 2.66999974 1 P 0
L 9.84000064 0.12999974 30.16000064 0.12999974 1 P 0
L 9.84000064 2.66999974 30.16000064 2.66999974 1 P 0
L 10.00000032 8.30000118 10.00000032 10.80000126 0 P 0
L 10.75001406 9.57507864 10.75001406 10.37507958 0 P 0
L 10.75001406 9.57507864 11.35000524 9.57507864 0 P 0
L 10.75001406 10.37507958 11.35000524 10.37507958 0 P 0
L 11.35000524 9.57507864 11.35000524 10.37507958 0 P 0
L 11.79999926 15.20000008 11.79999926 17.30000096 0 P 0
L 12.49999786 15.39999968 12.49999786 15.99999848 0 P 0
L 12.49999786 15.39999968 13.5999982 15.39999968 0 P 0
L 12.49999786 15.99999848 13.5999982 15.99999848 0 P 0
L 12.49999786 16.50000002 12.49999786 17.09999882 0 P 0
L 12.49999786 16.50000002 13.5999982 16.50000002 0 P 0
L 12.49999786 17.09999882 13.5999982 17.09999882 0 P 0
L 12.69999746 8.75000282 12.69999746 12.05000384 0 P 0
L 12.69999746 8.75000282 14.2999968 8.75000282 0 P 0
L 12.69999746 12.05000384 14.2999968 12.05000384 0 P 0
L 13.5999982 15.39999968 13.5999982 15.99999848 0 P 0
L 13.5999982 16.50000002 13.5999982 17.09999882 0 P 0
L 14.2999968 8.75000282 14.2999968 12.05000384 0 P 0
L 14.80000088 7.45000034 14.80000088 21.74999968 0 P 0
L 14.80000088 7.45000034 25.2000004 7.45000034 0 P 0
L 14.80000088 21.74999968 25.2000004 21.74999968 0 P 0
L 17.70000016 6.3999999 17.70000016 6.9999987 0 P 0
L 17.70000016 6.3999999 18.8000005 6.3999999 0 P 0
L 17.70000016 6.9999987 18.8000005 6.9999987 0 P 0
L 18.8000005 6.3999999 18.8000005 6.9999987 0 P 0
L 24.5000018 7.45000034 25.2000004 8.20000138 0 P 0
L 25.2000004 7.45000034 25.2000004 21.74999968 0 P 0
L 28.425013 9.57507864 28.425013 10.37507958 0 P 0
L 28.425013 9.57507864 29.02500418 9.57507864 0 P 0
L 28.425013 10.37507958 29.02500418 10.37507958 0 P 0
L 29.02500418 9.57507864 29.02500418 10.37507958 0 P 0
L 29.99999842 8.30000118 29.99999842 10.80000126 0 P 0
L 29.99999842 8.30000118 34.00000058 8.30000118 0 P 0
L 29.99999842 10.80000126 31.14999866 10.80000126 0 P 0
L 30.16000064 0.12999974 30.16000064 2.66999974 1 P 0
L 31.14999866 10.80000126 31.15017138 10.7999149 0 P 0
L 31.15017138 10.7999149 32.85000034 10.80000126 0 P 0
L 32.85000034 10.80000126 34.00000058 10.80000126 0 P 0
L 34.00000058 8.30000118 34.00000058 10.80000126 0 P 0
