UNITS=MM
#Layer_Color=9474304
#
#Feature symbol names
#
$0 r127
$1 r169.33164

#
#Feature attribute names
#

#
#Layer features
#
A 2.61800086 4.21999918 2.61800086 4.21999918 2.11000086 4.21999918 1 P 0 N
A 5.15800086 4.21999918 5.15800086 4.21999918 4.65000086 4.21999918 1 P 0 N
A 7.69800086 4.21999918 7.69800086 4.21999918 7.19000086 4.21999918 1 P 0 N
A 10.23800086 4.21999918 10.23800086 4.21999918 9.73000086 4.21999918 1 P 0 N
A 12.77800086 4.21999918 12.77800086 4.21999918 12.27000086 4.21999918 1 P 0 N
A 15.31800086 4.21999918 15.31800086 4.21999918 14.81000086 4.21999918 1 P 0 N
A 17.85800086 4.21999918 17.85800086 4.21999918 17.35000086 4.21999918 1 P 0 N
A 20.39800086 4.21999918 20.39800086 4.21999918 19.89000086 4.21999918 1 P 0 N
L 0.19198336 31.09199776 0.44598336 31.59999776 0 P 0
L 0.19198336 31.09199776 0.69998336 31.34599776 0 P 0
L 0.19198336 32.10799776 0.44598336 31.59999776 0 P 0
L 0.19198336 32.10799776 0.69998336 31.85399776 0 P 0
L 0.21699982 28.09200122 0.47099982 28.60000122 0 P 0
L 0.21699982 28.09200122 0.72499982 28.34600122 0 P 0
L 0.21699982 29.09199922 0.47099982 29.59999922 0 P 0
L 0.21699982 29.09199922 0.72499982 29.34599922 0 P 0
L 0.21699982 29.10800122 0.47099982 28.60000122 0 P 0
L 0.21699982 29.10800122 0.72499982 28.85400122 0 P 0
L 0.21699982 30.10799922 0.47099982 29.59999922 0 P 0
L 0.21699982 30.10799922 0.72499982 29.85399922 0 P 0
L 0.21699982 30.11700098 0.47099982 30.62500098 0 P 0
L 0.21699982 30.11700098 0.72499982 30.37100098 0 P 0
L 0.21699982 31.13300098 0.47099982 30.62500098 0 P 0
L 0.21699982 31.13300098 0.72499982 30.87900098 0 P 0
L 0.21700236 32.0919983 0.47100236 32.5999983 0 P 0
L 0.21700236 32.0919983 0.72500236 32.3459983 0 P 0
L 0.21700236 33.1079983 0.47100236 32.5999983 0 P 0
L 0.21700236 33.1079983 0.72500236 32.8539983 0 P 0
L 0.29200094 19.89199984 0.54600094 20.39999984 0 P 0
L 0.29200094 19.89199984 0.80000094 20.14599984 0 P 0
L 0.29200094 20.90799984 0.54600094 20.39999984 0 P 0
L 0.29200094 20.90799984 0.80000094 20.65399984 0 P 0
L 0.29200094 20.99200018 0.54600094 21.50000018 0 P 0
L 0.29200094 20.99200018 0.80000094 21.24600018 0 P 0
L 0.29200094 22.00800018 0.54600094 21.50000018 0 P 0
L 0.29200094 22.00800018 0.80000094 21.75400018 0 P 0
L 0.29200094 22.1920054 0.54600094 22.7000054 0 P 0
L 0.29200094 22.1920054 0.80000094 22.4460054 0 P 0
L 0.29200094 23.2080054 0.54600094 22.7000054 0 P 0
L 0.29200094 23.2080054 0.80000094 22.9540054 0 P 0
L 0.29200094 37.1920008 0.54600094 37.7000008 0 P 0
L 0.29200094 37.1920008 0.80000094 37.4460008 0 P 0
L 0.29200094 38.2080008 0.54600094 37.7000008 0 P 0
L 0.29200094 38.2080008 0.80000094 37.9540008 0 P 0
L 0.29200094 38.69200034 0.54600094 39.20000034 0 P 0
L 0.29200094 38.69200034 0.80000094 38.94600034 0 P 0
L 0.29200094 39.70800034 0.54600094 39.20000034 0 P 0
L 0.29200094 39.70800034 0.80000094 39.45400034 0 P 0
L 0.69998336 31.34599776 1.20798336 31.09199776 0 P 0
L 0.69998336 31.85399776 1.20798336 32.10799776 0 P 0
L 0.72499982 28.34600122 1.23299982 28.09200122 0 P 0
L 0.72499982 28.85400122 1.23299982 29.10800122 0 P 0
L 0.72499982 29.34599922 1.23299982 29.09199922 0 P 0
L 0.72499982 29.85399922 1.23299982 30.10799922 0 P 0
L 0.72499982 30.37100098 1.23299982 30.11700098 0 P 0
L 0.72499982 30.87900098 1.23299982 31.13300098 0 P 0
L 0.72500236 32.3459983 1.23300236 32.0919983 0 P 0
L 0.72500236 32.8539983 1.23300236 33.1079983 0 P 0
L 0.80000094 20.14599984 1.30800094 19.89199984 0 P 0
L 0.80000094 20.65399984 1.30800094 20.90799984 0 P 0
L 0.80000094 21.24600018 1.30800094 20.99200018 0 P 0
L 0.80000094 21.75400018 1.30800094 22.00800018 0 P 0
L 0.80000094 22.4460054 1.30800094 22.1920054 0 P 0
L 0.80000094 22.9540054 1.30800094 23.2080054 0 P 0
L 0.80000094 37.4460008 1.30800094 37.1920008 0 P 0
L 0.80000094 37.9540008 1.30800094 38.2080008 0 P 0
L 0.80000094 38.94600034 1.30800094 38.69200034 0 P 0
L 0.80000094 39.45400034 1.30800094 39.70800034 0 P 0
L 0.95398336 31.59999776 1.20798336 31.09199776 0 P 0
L 0.95398336 31.59999776 1.20798336 32.10799776 0 P 0
L 0.97899982 28.60000122 1.23299982 28.09200122 0 P 0
L 0.97899982 28.60000122 1.23299982 29.10800122 0 P 0
L 0.97899982 29.59999922 1.23299982 29.09199922 0 P 0
L 0.97899982 29.59999922 1.23299982 30.10799922 0 P 0
L 0.97899982 30.62500098 1.23299982 30.11700098 0 P 0
L 0.97899982 30.62500098 1.23299982 31.13300098 0 P 0
L 0.97900236 32.5999983 1.23300236 32.0919983 0 P 0
L 0.97900236 32.5999983 1.23300236 33.1079983 0 P 0
L 1.05400094 20.39999984 1.30800094 19.89199984 0 P 0
L 1.05400094 20.39999984 1.30800094 20.90799984 0 P 0
L 1.05400094 21.50000018 1.30800094 20.99200018 0 P 0
L 1.05400094 21.50000018 1.30800094 22.00800018 0 P 0
L 1.05400094 22.7000054 1.30800094 22.1920054 0 P 0
L 1.05400094 22.7000054 1.30800094 23.2080054 0 P 0
L 1.05400094 37.7000008 1.30800094 37.1920008 0 P 0
L 1.05400094 37.7000008 1.30800094 38.2080008 0 P 0
L 1.05400094 39.20000034 1.30800094 38.69200034 0 P 0
L 1.05400094 39.20000034 1.30800094 39.70800034 0 P 0
L 1.27200406 17.19198492 1.52600406 17.69998492 0 P 0
L 1.27200406 17.19198492 1.78000406 17.44598492 0 P 0
L 1.27200406 18.20798492 1.52600406 17.69998492 0 P 0
L 1.27200406 18.20798492 1.78000406 17.95398492 0 P 0
L 1.69200068 19.89199984 1.94600068 20.39999984 0 P 0
L 1.69200068 19.89199984 2.20000068 20.14599984 0 P 0
L 1.69200068 20.90799984 1.94600068 20.39999984 0 P 0
L 1.69200068 20.90799984 2.20000068 20.65399984 0 P 0
L 1.69200068 20.99200018 1.94600068 21.50000018 0 P 0
L 1.69200068 20.99200018 2.20000068 21.24600018 0 P 0
L 1.69200068 22.00800018 1.94600068 21.50000018 0 P 0
L 1.69200068 22.00800018 2.20000068 21.75400018 0 P 0
L 1.78000406 17.44598492 2.28800406 17.19198492 0 P 0
L 1.78000406 17.95398492 2.28800406 18.20798492 0 P 0
L 1.79200048 37.1920008 2.04600048 37.7000008 0 P 0
L 1.79200048 37.1920008 2.30000048 37.4460008 0 P 0
L 1.79200048 38.2080008 2.04600048 37.7000008 0 P 0
L 1.79200048 38.2080008 2.30000048 37.9540008 0 P 0
L 1.79200048 38.69200034 2.04600048 39.20000034 0 P 0
L 1.79200048 38.69200034 2.30000048 38.94600034 0 P 0
L 1.79200048 39.70800034 2.04600048 39.20000034 0 P 0
L 1.79200048 39.70800034 2.30000048 39.45400034 0 P 0
L 2.03400406 17.69998492 2.28800406 17.19198492 0 P 0
L 2.03400406 17.69998492 2.28800406 18.20798492 0 P 0
L 2.20000068 20.14599984 2.70800068 19.89199984 0 P 0
L 2.20000068 20.65399984 2.70800068 20.90799984 0 P 0
L 2.20000068 21.24600018 2.70800068 20.99200018 0 P 0
L 2.20000068 21.75400018 2.70800068 22.00800018 0 P 0
L 2.30000048 37.4460008 2.80800048 37.1920008 0 P 0
L 2.30000048 37.9540008 2.80800048 38.2080008 0 P 0
L 2.30000048 38.94600034 2.80800048 38.69200034 0 P 0
L 2.30000048 39.45400034 2.80800048 39.70800034 0 P 0
L 2.3670006 26.16700126 2.6210006 26.67500126 0 P 0
L 2.3670006 26.16700126 2.8750006 26.42100126 0 P 0
L 2.3670006 27.18300126 2.6210006 26.67500126 0 P 0
L 2.3670006 27.18300126 2.8750006 26.92900126 0 P 0
L 2.45400068 20.39999984 2.70800068 19.89199984 0 P 0
L 2.45400068 20.39999984 2.70800068 20.90799984 0 P 0
L 2.45400068 21.50000018 2.70800068 20.99200018 0 P 0
L 2.45400068 21.50000018 2.70800068 22.00800018 0 P 0
L 2.49199908 19.69200024 2.74599908 20.20000024 0 P 0
L 2.49199908 19.69200024 2.99999908 19.94600024 0 P 0
L 2.49199908 20.70800024 2.74599908 20.20000024 0 P 0
L 2.49199908 20.70800024 2.99999908 20.45400024 0 P 0
L 2.55400048 37.7000008 2.80800048 37.1920008 0 P 0
L 2.55400048 37.7000008 2.80800048 38.2080008 0 P 0
L 2.55400048 39.20000034 2.80800048 38.69200034 0 P 0
L 2.55400048 39.20000034 2.80800048 39.70800034 0 P 0
L 2.8750006 26.42100126 3.3830006 26.16700126 0 P 0
L 2.8750006 26.92900126 3.3830006 27.18300126 0 P 0
L 2.99200062 10.50800032 3.50000062 9.49200032 0 P 0
L 2.99200062 10.50800032 4.00800062 10.50800032 0 P 0
L 2.99999908 19.94600024 3.50799908 19.69200024 0 P 0
L 2.99999908 20.45400024 3.50799908 20.70800024 0 P 0
L 3.1290006 26.67500126 3.3830006 26.16700126 0 P 0
L 3.1290006 26.67500126 3.3830006 27.18300126 0 P 0
L 3.24200012 33.99199704 3.49600012 34.49999704 0 P 0
L 3.24200012 33.99199704 3.75000012 34.24599704 0 P 0
L 3.24200012 35.00799704 3.49600012 34.49999704 0 P 0
L 3.24200012 35.00799704 3.75000012 34.75399704 0 P 0
L 3.25399908 20.20000024 3.50799908 19.69200024 0 P 0
L 3.25399908 20.20000024 3.50799908 20.70800024 0 P 0
L 3.2669988 33.11700006 3.5209988 33.62500006 0 P 0
L 3.2669988 33.11700006 3.7749988 33.37100006 0 P 0
L 3.2669988 34.13300006 3.5209988 33.62500006 0 P 0
L 3.2669988 34.13300006 3.7749988 33.87900006 0 P 0
L 3.29200002 23.69200494 3.54600002 24.20000494 0 P 0
L 3.29200002 23.69200494 3.80000002 23.94600494 0 P 0
L 3.29200002 24.70800494 3.54600002 24.20000494 0 P 0
L 3.29200002 24.70800494 3.80000002 24.45400494 0 P 0
L 3.29200002 31.19200264 3.54600002 31.70000264 0 P 0
L 3.29200002 31.19200264 3.80000002 31.44600264 0 P 0
L 3.29200002 32.20800264 3.54600002 31.70000264 0 P 0
L 3.29200002 32.20800264 3.80000002 31.95400264 0 P 0
L 3.29200002 37.1920008 3.54600002 37.7000008 0 P 0
L 3.29200002 37.1920008 3.80000002 37.4460008 0 P 0
L 3.29200002 38.2080008 3.54600002 37.7000008 0 P 0
L 3.29200002 38.2080008 3.80000002 37.9540008 0 P 0
L 3.29200002 38.69200034 3.54600002 39.20000034 0 P 0
L 3.29200002 38.69200034 3.80000002 38.94600034 0 P 0
L 3.29200002 39.70800034 3.54600002 39.20000034 0 P 0
L 3.29200002 39.70800034 3.80000002 39.45400034 0 P 0
L 3.39199982 28.89199962 3.64599982 29.39999962 0 P 0
L 3.39199982 28.89199962 3.89999982 29.14599962 0 P 0
L 3.39199982 29.90799962 3.64599982 29.39999962 0 P 0
L 3.39199982 29.90799962 3.89999982 29.65399962 0 P 0
L 3.49199962 19.69200024 3.74599962 20.20000024 0 P 0
L 3.49199962 19.69200024 3.99999962 19.94600024 0 P 0
L 3.49199962 20.70800024 3.74599962 20.20000024 0 P 0
L 3.49199962 20.70800024 3.99999962 20.45400024 0 P 0
L 3.50000062 9.49200032 4.00800062 10.50800032 0 P 0
L 3.75000012 34.24599704 4.25800012 33.99199704 0 P 0
L 3.75000012 34.75399704 4.25800012 35.00799704 0 P 0
L 3.7749988 33.37100006 4.2829988 33.11700006 0 P 0
L 3.7749988 33.87900006 4.2829988 34.13300006 0 P 0
L 3.79199902 15.79200042 4.04599902 16.30000042 0 P 0
L 3.79199902 15.79200042 4.29999902 16.04600042 0 P 0
L 3.79199902 16.80800042 4.04599902 16.30000042 0 P 0
L 3.79199902 16.80800042 4.29999902 16.55400042 0 P 0
L 3.80000002 23.94600494 4.30800002 23.69200494 0 P 0
L 3.80000002 24.45400494 4.30800002 24.70800494 0 P 0
L 3.80000002 31.44600264 4.30800002 31.19200264 0 P 0
L 3.80000002 31.95400264 4.30800002 32.20800264 0 P 0
L 3.80000002 37.4460008 4.30800002 37.1920008 0 P 0
L 3.80000002 37.9540008 4.30800002 38.2080008 0 P 0
L 3.80000002 38.94600034 4.30800002 38.69200034 0 P 0
L 3.80000002 39.45400034 4.30800002 39.70800034 0 P 0
L 3.89999982 29.14599962 4.40799982 28.89199962 0 P 0
L 3.89999982 29.65399962 4.40799982 29.90799962 0 P 0
L 3.99999962 19.94600024 4.50799962 19.69200024 0 P 0
L 3.99999962 20.45400024 4.50799962 20.70800024 0 P 0
L 4.00400012 34.49999704 4.25800012 33.99199704 0 P 0
L 4.00400012 34.49999704 4.25800012 35.00799704 0 P 0
L 4.0289988 33.62500006 4.2829988 33.11700006 0 P 0
L 4.0289988 33.62500006 4.2829988 34.13300006 0 P 0
L 4.05400002 24.20000494 4.30800002 23.69200494 0 P 0
L 4.05400002 24.20000494 4.30800002 24.70800494 0 P 0
L 4.05400002 31.70000264 4.30800002 31.19200264 0 P 0
L 4.05400002 31.70000264 4.30800002 32.20800264 0 P 0
L 4.05400002 37.7000008 4.30800002 37.1920008 0 P 0
L 4.05400002 37.7000008 4.30800002 38.2080008 0 P 0
L 4.05400002 39.20000034 4.30800002 38.69200034 0 P 0
L 4.05400002 39.20000034 4.30800002 39.70800034 0 P 0
L 4.15399982 29.39999962 4.40799982 28.89199962 0 P 0
L 4.15399982 29.39999962 4.40799982 29.90799962 0 P 0
L 4.21699944 33.9670009 4.47099944 34.4750009 0 P 0
L 4.21699944 33.9670009 4.72499944 34.2210009 0 P 0
L 4.21699944 34.9830009 4.47099944 34.4750009 0 P 0
L 4.21699944 34.9830009 4.72499944 34.7290009 0 P 0
L 4.21699944 36.09200046 4.47099944 36.60000046 0 P 0
L 4.21699944 36.09200046 4.72499944 36.34600046 0 P 0
L 4.21699944 37.10800046 4.47099944 36.60000046 0 P 0
L 4.21699944 37.10800046 4.72499944 36.85400046 0 P 0
L 4.25399962 20.20000024 4.50799962 19.69200024 0 P 0
L 4.25399962 20.20000024 4.50799962 20.70800024 0 P 0
L 4.29999902 16.04600042 4.80799902 15.79200042 0 P 0
L 4.29999902 16.55400042 4.80799902 16.80800042 0 P 0
L 4.49200016 19.69200024 4.74600016 20.20000024 0 P 0
L 4.49200016 19.69200024 5.00000016 19.94600024 0 P 0
L 4.49200016 20.70800024 4.74600016 20.20000024 0 P 0
L 4.49200016 20.70800024 5.00000016 20.45400024 0 P 0
L 4.55399902 16.30000042 4.80799902 15.79200042 0 P 0
L 4.55399902 16.30000042 4.80799902 16.80800042 0 P 0
L 4.72499944 34.2210009 5.23299944 33.9670009 0 P 0
L 4.72499944 34.7290009 5.23299944 34.9830009 0 P 0
L 4.72499944 36.34600046 5.23299944 36.09200046 0 P 0
L 4.72499944 36.85400046 5.23299944 37.10800046 0 P 0
L 4.79199956 22.1920054 5.04599956 22.7000054 0 P 0
L 4.79199956 22.1920054 5.29999956 22.4460054 0 P 0
L 4.79199956 23.2080054 5.04599956 22.7000054 0 P 0
L 4.79199956 23.2080054 5.29999956 22.9540054 0 P 0
L 4.79199956 23.69200494 5.04599956 24.20000494 0 P 0
L 4.79199956 23.69200494 5.29999956 23.94600494 0 P 0
L 4.79199956 24.70800494 5.04599956 24.20000494 0 P 0
L 4.79199956 24.70800494 5.29999956 24.45400494 0 P 0
L 4.79199956 37.1920008 5.04599956 37.7000008 0 P 0
L 4.79199956 37.1920008 5.29999956 37.4460008 0 P 0
L 4.79199956 38.2080008 5.04599956 37.7000008 0 P 0
L 4.79199956 38.2080008 5.29999956 37.9540008 0 P 0
L 4.79199956 38.69200034 5.04599956 39.20000034 0 P 0
L 4.79199956 38.69200034 5.29999956 38.94600034 0 P 0
L 4.79199956 39.70800034 5.04599956 39.20000034 0 P 0
L 4.79199956 39.70800034 5.29999956 39.45400034 0 P 0
L 4.97899944 34.4750009 5.23299944 33.9670009 0 P 0
L 4.97899944 34.4750009 5.23299944 34.9830009 0 P 0
L 4.97899944 36.60000046 5.23299944 36.09200046 0 P 0
L 4.97899944 36.60000046 5.23299944 37.10800046 0 P 0
L 5.00000016 19.94600024 5.50800016 19.69200024 0 P 0
L 5.00000016 20.45400024 5.50800016 20.70800024 0 P 0
L 5.25400016 20.20000024 5.50800016 19.69200024 0 P 0
L 5.25400016 20.20000024 5.50800016 20.70800024 0 P 0
L 5.29999956 22.4460054 5.80799956 22.1920054 0 P 0
L 5.29999956 22.9540054 5.80799956 23.2080054 0 P 0
L 5.29999956 23.94600494 5.80799956 23.69200494 0 P 0
L 5.29999956 24.45400494 5.80799956 24.70800494 0 P 0
L 5.29999956 37.4460008 5.80799956 37.1920008 0 P 0
L 5.29999956 37.9540008 5.80799956 38.2080008 0 P 0
L 5.29999956 38.94600034 5.80799956 38.69200034 0 P 0
L 5.29999956 39.45400034 5.80799956 39.70800034 0 P 0
L 5.4920007 19.69200024 5.7460007 20.20000024 0 P 0
L 5.4920007 19.69200024 6.0000007 19.94600024 0 P 0
L 5.4920007 20.70800024 5.7460007 20.20000024 0 P 0
L 5.4920007 20.70800024 6.0000007 20.45400024 0 P 0
L 5.55399956 22.7000054 5.80799956 22.1920054 0 P 0
L 5.55399956 22.7000054 5.80799956 23.2080054 0 P 0
L 5.55399956 24.20000494 5.80799956 23.69200494 0 P 0
L 5.55399956 24.20000494 5.80799956 24.70800494 0 P 0
L 5.55399956 37.7000008 5.80799956 37.1920008 0 P 0
L 5.55399956 37.7000008 5.80799956 38.2080008 0 P 0
L 5.55399956 39.20000034 5.80799956 38.69200034 0 P 0
L 5.55399956 39.20000034 5.80799956 39.70800034 0 P 0
L 5.6920003 33.19200118 5.9460003 33.70000118 0 P 0
L 5.6920003 33.19200118 6.2000003 33.44600118 0 P 0
L 5.6920003 34.20800118 5.9460003 33.70000118 0 P 0
L 5.6920003 34.20800118 6.2000003 33.95400118 0 P 0
L 6.0000007 19.94600024 6.5080007 19.69200024 0 P 0
L 6.0000007 20.45400024 6.5080007 20.70800024 0 P 0
L 6.2000003 33.44600118 6.7080003 33.19200118 0 P 0
L 6.2000003 33.95400118 6.7080003 34.20800118 0 P 0
L 6.21700052 36.09200046 6.47100052 36.60000046 0 P 0
L 6.21700052 36.09200046 6.72500052 36.34600046 0 P 0
L 6.21700052 37.10800046 6.47100052 36.60000046 0 P 0
L 6.21700052 37.10800046 6.72500052 36.85400046 0 P 0
L 6.2419992 33.9670009 6.4959992 34.4750009 0 P 0
L 6.2419992 33.9670009 6.7499992 34.2210009 0 P 0
L 6.2419992 34.9830009 6.4959992 34.4750009 0 P 0
L 6.2419992 34.9830009 6.7499992 34.7290009 0 P 0
L 6.2540007 20.20000024 6.5080007 19.69200024 0 P 0
L 6.2540007 20.20000024 6.5080007 20.70800024 0 P 0
L 6.2919991 22.1920054 6.5459991 22.7000054 0 P 0
L 6.2919991 22.1920054 6.7999991 22.4460054 0 P 0
L 6.2919991 23.2080054 6.5459991 22.7000054 0 P 0
L 6.2919991 23.2080054 6.7999991 22.9540054 0 P 0
L 6.2919991 23.69200494 6.5459991 24.20000494 0 P 0
L 6.2919991 23.69200494 6.7999991 23.94600494 0 P 0
L 6.2919991 24.70800494 6.5459991 24.20000494 0 P 0
L 6.2919991 24.70800494 6.7999991 24.45400494 0 P 0
L 6.2919991 37.1920008 6.5459991 37.7000008 0 P 0
L 6.2919991 37.1920008 6.7999991 37.4460008 0 P 0
L 6.2919991 38.2080008 6.5459991 37.7000008 0 P 0
L 6.2919991 38.2080008 6.7999991 37.9540008 0 P 0
L 6.2919991 38.69200034 6.5459991 39.20000034 0 P 0
L 6.2919991 38.69200034 6.7999991 38.94600034 0 P 0
L 6.2919991 39.70800034 6.5459991 39.20000034 0 P 0
L 6.2919991 39.70800034 6.7999991 39.45400034 0 P 0
L 6.4540003 33.70000118 6.7080003 33.19200118 0 P 0
L 6.4540003 33.70000118 6.7080003 34.20800118 0 P 0
L 6.49200124 19.69200024 6.74600124 20.20000024 0 P 0
L 6.49200124 19.69200024 7.00000124 19.94600024 0 P 0
L 6.49200124 20.70800024 6.74600124 20.20000024 0 P 0
L 6.49200124 20.70800024 7.00000124 20.45400024 0 P 0
L 6.59200104 31.1920001 6.84600104 31.7000001 0 P 0
L 6.59200104 31.1920001 7.10000104 31.4460001 0 P 0
L 6.59200104 32.2080001 6.84600104 31.7000001 0 P 0
L 6.59200104 32.2080001 7.10000104 31.9540001 0 P 0
L 6.69200084 28.89199962 6.94600084 29.39999962 0 P 0
L 6.69200084 28.89199962 7.20000084 29.14599962 0 P 0
L 6.69200084 29.90799962 6.94600084 29.39999962 0 P 0
L 6.69200084 29.90799962 7.20000084 29.65399962 0 P 0
L 6.72500052 36.34600046 7.23300052 36.09200046 0 P 0
L 6.72500052 36.85400046 7.23300052 37.10800046 0 P 0
L 6.7499992 34.2210009 7.2579992 33.9670009 0 P 0
L 6.7499992 34.7290009 7.2579992 34.9830009 0 P 0
L 6.7999991 22.4460054 7.3079991 22.1920054 0 P 0
L 6.7999991 22.9540054 7.3079991 23.2080054 0 P 0
L 6.7999991 23.94600494 7.3079991 23.69200494 0 P 0
L 6.7999991 24.45400494 7.3079991 24.70800494 0 P 0
L 6.7999991 37.4460008 7.3079991 37.1920008 0 P 0
L 6.7999991 37.9540008 7.3079991 38.2080008 0 P 0
L 6.7999991 38.94600034 7.3079991 38.69200034 0 P 0
L 6.7999991 39.45400034 7.3079991 39.70800034 0 P 0
L 6.97900052 36.60000046 7.23300052 36.09200046 0 P 0
L 6.97900052 36.60000046 7.23300052 37.10800046 0 P 0
L 7.00000124 19.94600024 7.50800124 19.69200024 0 P 0
L 7.00000124 20.45400024 7.50800124 20.70800024 0 P 0
L 7.0039992 34.4750009 7.2579992 33.9670009 0 P 0
L 7.0039992 34.4750009 7.2579992 34.9830009 0 P 0
L 7.0539991 22.7000054 7.3079991 22.1920054 0 P 0
L 7.0539991 22.7000054 7.3079991 23.2080054 0 P 0
L 7.0539991 24.20000494 7.3079991 23.69200494 0 P 0
L 7.0539991 24.20000494 7.3079991 24.70800494 0 P 0
L 7.0539991 37.7000008 7.3079991 37.1920008 0 P 0
L 7.0539991 37.7000008 7.3079991 38.2080008 0 P 0
L 7.0539991 39.20000034 7.3079991 38.69200034 0 P 0
L 7.0539991 39.20000034 7.3079991 39.70800034 0 P 0
L 7.10000104 31.4460001 7.60800104 31.1920001 0 P 0
L 7.10000104 31.9540001 7.60800104 32.2080001 0 P 0
L 7.20000084 29.14599962 7.70800084 28.89199962 0 P 0
L 7.20000084 29.65399962 7.70800084 29.90799962 0 P 0
L 7.24199974 33.99199704 7.49599974 34.49999704 0 P 0
L 7.24199974 33.99199704 7.74999974 34.24599704 0 P 0
L 7.24199974 35.00799704 7.49599974 34.49999704 0 P 0
L 7.24199974 35.00799704 7.74999974 34.75399704 0 P 0
L 7.25400124 20.20000024 7.50800124 19.69200024 0 P 0
L 7.25400124 20.20000024 7.50800124 20.70800024 0 P 0
L 7.35400104 31.7000001 7.60800104 31.1920001 0 P 0
L 7.35400104 31.7000001 7.60800104 32.2080001 0 P 0
L 7.45400084 29.39999962 7.70800084 28.89199962 0 P 0
L 7.45400084 29.39999962 7.70800084 29.90799962 0 P 0
L 7.49199924 19.99199964 7.74599924 20.49999964 0 P 0
L 7.49199924 19.99199964 7.99999924 20.24599964 0 P 0
L 7.49199924 21.00799964 7.74599924 20.49999964 0 P 0
L 7.49199924 21.00799964 7.99999924 20.75399964 0 P 0
L 7.74999974 34.24599704 8.25799974 33.99199704 0 P 0
L 7.74999974 34.75399704 8.25799974 35.00799704 0 P 0
L 7.79199864 22.1920054 8.04599864 22.7000054 0 P 0
L 7.79199864 22.1920054 8.29999864 22.4460054 0 P 0
L 7.79199864 23.2080054 8.04599864 22.7000054 0 P 0
L 7.79199864 23.2080054 8.29999864 22.9540054 0 P 0
L 7.79199864 23.69200494 8.04599864 24.20000494 0 P 0
L 7.79199864 23.69200494 8.29999864 23.94600494 0 P 0
L 7.79199864 24.70800494 8.04599864 24.20000494 0 P 0
L 7.79199864 24.70800494 8.29999864 24.45400494 0 P 0
L 7.79199864 37.1920008 8.04599864 37.7000008 0 P 0
L 7.79199864 37.1920008 8.29999864 37.4460008 0 P 0
L 7.79199864 38.2080008 8.04599864 37.7000008 0 P 0
L 7.79199864 38.2080008 8.29999864 37.9540008 0 P 0
L 7.79199864 38.69200034 8.04599864 39.20000034 0 P 0
L 7.79199864 38.69200034 8.29999864 38.94600034 0 P 0
L 7.79199864 39.70800034 8.04599864 39.20000034 0 P 0
L 7.79199864 39.70800034 8.29999864 39.45400034 0 P 0
L 7.95200086 9.49200032 7.95200086 10.50800032 0 P 0
L 7.95200086 9.49200032 8.96800086 9.49200032 0 P 0
L 7.95200086 10.50800032 8.96800086 10.50800032 0 P 0
L 7.99200078 14.99199948 8.24600078 15.49999948 0 P 0
L 7.99200078 14.99199948 8.50000078 15.24599948 0 P 0
L 7.99200078 16.00799948 8.24600078 15.49999948 0 P 0
L 7.99200078 16.00799948 8.50000078 15.75399948 0 P 0
L 7.99999924 20.24599964 8.50799924 19.99199964 0 P 0
L 7.99999924 20.75399964 8.50799924 21.00799964 0 P 0
L 8.00399974 34.49999704 8.25799974 33.99199704 0 P 0
L 8.00399974 34.49999704 8.25799974 35.00799704 0 P 0
L 8.04200068 26.16700126 8.29600068 26.67500126 0 P 0
L 8.04200068 26.16700126 8.55000068 26.42100126 0 P 0
L 8.04200068 27.18300126 8.29600068 26.67500126 0 P 0
L 8.04200068 27.18300126 8.55000068 26.92900126 0 P 0
L 8.25399924 20.49999964 8.50799924 19.99199964 0 P 0
L 8.25399924 20.49999964 8.50799924 21.00799964 0 P 0
L 8.29999864 22.4460054 8.80799864 22.1920054 0 P 0
L 8.29999864 22.9540054 8.80799864 23.2080054 0 P 0
L 8.29999864 23.94600494 8.80799864 23.69200494 0 P 0
L 8.29999864 24.45400494 8.80799864 24.70800494 0 P 0
L 8.29999864 37.4460008 8.80799864 37.1920008 0 P 0
L 8.29999864 37.9540008 8.80799864 38.2080008 0 P 0
L 8.29999864 38.94600034 8.80799864 38.69200034 0 P 0
L 8.29999864 39.45400034 8.80799864 39.70800034 0 P 0
L 8.50000078 15.24599948 9.00800078 14.99199948 0 P 0
L 8.50000078 15.75399948 9.00800078 16.00799948 0 P 0
L 8.55000068 26.42100126 9.05800068 26.16700126 0 P 0
L 8.55000068 26.92900126 9.05800068 27.18300126 0 P 0
L 8.55399864 22.7000054 8.80799864 22.1920054 0 P 0
L 8.55399864 22.7000054 8.80799864 23.2080054 0 P 0
L 8.55399864 24.20000494 8.80799864 23.69200494 0 P 0
L 8.55399864 24.20000494 8.80799864 24.70800494 0 P 0
L 8.55399864 37.7000008 8.80799864 37.1920008 0 P 0
L 8.55399864 37.7000008 8.80799864 38.2080008 0 P 0
L 8.55399864 39.20000034 8.80799864 38.69200034 0 P 0
L 8.55399864 39.20000034 8.80799864 39.70800034 0 P 0
L 8.59199704 17.49199956 8.84599704 17.99999956 0 P 0
L 8.59199704 17.49199956 9.09999704 17.74599956 0 P 0
L 8.59199704 18.50799956 8.84599704 17.99999956 0 P 0
L 8.59199704 18.50799956 9.09999704 18.25399956 0 P 0
L 8.59199958 19.69200024 8.84599958 20.20000024 0 P 0
L 8.59199958 19.69200024 9.09999958 19.94600024 0 P 0
L 8.59199958 20.70800024 8.84599958 20.20000024 0 P 0
L 8.59199958 20.70800024 9.09999958 20.45400024 0 P 0
L 8.75400078 15.49999948 9.00800078 14.99199948 0 P 0
L 8.75400078 15.49999948 9.00800078 16.00799948 0 P 0
L 8.80400068 26.67500126 9.05800068 26.16700126 0 P 0
L 8.80400068 26.67500126 9.05800068 27.18300126 0 P 0
L 8.96800086 9.49200032 8.96800086 10.50800032 0 P 0
L 9.09999704 17.74599956 9.60799704 17.49199956 0 P 0
L 9.09999704 18.25399956 9.60799704 18.50799956 0 P 0
L 9.09999958 19.94600024 9.60799958 19.69200024 0 P 0
L 9.09999958 20.45400024 9.60799958 20.70800024 0 P 0
L 9.19200092 7.89200098 9.44600092 8.40000098 0 P 0
L 9.19200092 7.89200098 9.70000092 8.14600098 0 P 0
L 9.19200092 8.90800098 9.44600092 8.40000098 0 P 0
L 9.19200092 8.90800098 9.70000092 8.65400098 0 P 0
L 9.2169996 6.74200074 9.4709996 7.25000074 0 P 0
L 9.2169996 6.74200074 9.7249996 6.99600074 0 P 0
L 9.2169996 7.75800074 9.4709996 7.25000074 0 P 0
L 9.2169996 7.75800074 9.7249996 7.50400074 0 P 0
L 9.29199818 37.1920008 9.54599818 37.7000008 0 P 0
L 9.29199818 37.1920008 9.79999818 37.4460008 0 P 0
L 9.29199818 38.2080008 9.54599818 37.7000008 0 P 0
L 9.29199818 38.2080008 9.79999818 37.9540008 0 P 0
L 9.29199818 38.69200034 9.54599818 39.20000034 0 P 0
L 9.29199818 38.69200034 9.79999818 38.94600034 0 P 0
L 9.29199818 39.70800034 9.54599818 39.20000034 0 P 0
L 9.29199818 39.70800034 9.79999818 39.45400034 0 P 0
L 9.35399704 17.99999956 9.60799704 17.49199956 0 P 0
L 9.35399704 17.99999956 9.60799704 18.50799956 0 P 0
L 9.35399958 20.20000024 9.60799958 19.69200024 0 P 0
L 9.35399958 20.20000024 9.60799958 20.70800024 0 P 0
L 9.59199758 17.49199956 9.84599758 17.99999956 0 P 0
L 9.59199758 17.49199956 10.09999758 17.74599956 0 P 0
L 9.59199758 18.50799956 9.84599758 17.99999956 0 P 0
L 9.59199758 18.50799956 10.09999758 18.25399956 0 P 0
L 9.59200012 15.69200062 9.84600012 16.20000062 0 P 0
L 9.59200012 15.69200062 10.10000012 15.94600062 0 P 0
L 9.59200012 16.70800062 9.84600012 16.20000062 0 P 0
L 9.59200012 16.70800062 10.10000012 16.45400062 0 P 0
L 9.59200012 19.69200024 9.84600012 20.20000024 0 P 0
L 9.59200012 19.69200024 10.10000012 19.94600024 0 P 0
L 9.59200012 20.70800024 9.84600012 20.20000024 0 P 0
L 9.59200012 20.70800024 10.10000012 20.45400024 0 P 0
L 9.70000092 8.14600098 10.20800092 7.89200098 0 P 0
L 9.70000092 8.65400098 10.20800092 8.90800098 0 P 0
L 9.7249996 6.99600074 10.2329996 6.74200074 0 P 0
L 9.7249996 7.50400074 10.2329996 7.75800074 0 P 0
L 9.79999818 37.4460008 10.30799818 37.1920008 0 P 0
L 9.79999818 37.9540008 10.30799818 38.2080008 0 P 0
L 9.79999818 38.94600034 10.30799818 38.69200034 0 P 0
L 9.79999818 39.45400034 10.30799818 39.70800034 0 P 0
L 9.95400092 8.40000098 10.20800092 7.89200098 0 P 0
L 9.95400092 8.40000098 10.20800092 8.90800098 0 P 0
L 9.9789996 7.25000074 10.2329996 6.74200074 0 P 0
L 9.9789996 7.25000074 10.2329996 7.75800074 0 P 0
L 10.05399818 37.7000008 10.30799818 37.1920008 0 P 0
L 10.05399818 37.7000008 10.30799818 38.2080008 0 P 0
L 10.05399818 39.20000034 10.30799818 38.69200034 0 P 0
L 10.05399818 39.20000034 10.30799818 39.70800034 0 P 0
L 10.09999758 17.74599956 10.60799758 17.49199956 0 P 0
L 10.09999758 18.25399956 10.60799758 18.50799956 0 P 0
L 10.10000012 15.94600062 10.60800012 15.69200062 0 P 0
L 10.10000012 16.45400062 10.60800012 16.70800062 0 P 0
L 10.10000012 19.94600024 10.60800012 19.69200024 0 P 0
L 10.10000012 20.45400024 10.60800012 20.70800024 0 P 0
L 10.35399758 17.99999956 10.60799758 17.49199956 0 P 0
L 10.35399758 17.99999956 10.60799758 18.50799956 0 P 0
L 10.35400012 16.20000062 10.60800012 15.69200062 0 P 0
L 10.35400012 16.20000062 10.60800012 16.70800062 0 P 0
L 10.35400012 20.20000024 10.60800012 19.69200024 0 P 0
L 10.35400012 20.20000024 10.60800012 20.70800024 0 P 0
L 10.44199842 27.0919956 10.69599842 27.5999956 0 P 0
L 10.44199842 27.0919956 10.94999842 27.3459956 0 P 0
L 10.44199842 28.09199614 10.69599842 28.59999614 0 P 0
L 10.44199842 28.09199614 10.94999842 28.34599614 0 P 0
L 10.44199842 28.1079956 10.69599842 27.5999956 0 P 0
L 10.44199842 28.1079956 10.94999842 27.8539956 0 P 0
L 10.44199842 29.10799614 10.69599842 28.59999614 0 P 0
L 10.44199842 29.10799614 10.94999842 28.85399614 0 P 0
L 10.79199772 22.1920054 11.04599772 22.7000054 0 P 0
L 10.79199772 22.1920054 11.29999772 22.4460054 0 P 0
L 10.79199772 23.2080054 11.04599772 22.7000054 0 P 0
L 10.79199772 23.2080054 11.29999772 22.9540054 0 P 0
L 10.79199772 23.69200494 11.04599772 24.20000494 0 P 0
L 10.79199772 23.69200494 11.29999772 23.94600494 0 P 0
L 10.79199772 24.70800494 11.04599772 24.20000494 0 P 0
L 10.79199772 24.70800494 11.29999772 24.45400494 0 P 0
L 10.79199772 25.19200448 11.04599772 25.70000448 0 P 0
L 10.79199772 25.19200448 11.29999772 25.44600448 0 P 0
L 10.79199772 26.20800448 11.04599772 25.70000448 0 P 0
L 10.79199772 26.20800448 11.29999772 25.95400448 0 P 0
L 10.79199772 37.1920008 11.04599772 37.7000008 0 P 0
L 10.79199772 37.1920008 11.29999772 37.4460008 0 P 0
L 10.79199772 38.2080008 11.04599772 37.7000008 0 P 0
L 10.79199772 38.2080008 11.29999772 37.9540008 0 P 0
L 10.79199772 38.69200034 11.04599772 39.20000034 0 P 0
L 10.79199772 38.69200034 11.29999772 38.94600034 0 P 0
L 10.79199772 39.70800034 11.04599772 39.20000034 0 P 0
L 10.79199772 39.70800034 11.29999772 39.45400034 0 P 0
L 10.94999842 27.3459956 11.45799842 27.0919956 0 P 0
L 10.94999842 27.8539956 11.45799842 28.1079956 0 P 0
L 10.94999842 28.34599614 11.45799842 28.09199614 0 P 0
L 10.94999842 28.85399614 11.45799842 29.10799614 0 P 0
L 10.99199986 20.09199944 11.24599986 20.59999944 0 P 0
L 10.99199986 20.09199944 11.49999986 20.34599944 0 P 0
L 10.99199986 21.10799944 11.24599986 20.59999944 0 P 0
L 10.99199986 21.10799944 11.49999986 20.85399944 0 P 0
L 11.20399842 27.5999956 11.45799842 27.0919956 0 P 0
L 11.20399842 27.5999956 11.45799842 28.1079956 0 P 0
L 11.20399842 28.59999614 11.45799842 28.09199614 0 P 0
L 11.20399842 28.59999614 11.45799842 29.10799614 0 P 0
L 11.29999772 22.4460054 11.80799772 22.1920054 0 P 0
L 11.29999772 22.9540054 11.80799772 23.2080054 0 P 0
L 11.29999772 23.94600494 11.80799772 23.69200494 0 P 0
L 11.29999772 24.45400494 11.80799772 24.70800494 0 P 0
L 11.29999772 25.44600448 11.80799772 25.19200448 0 P 0
L 11.29999772 25.95400448 11.80799772 26.20800448 0 P 0
L 11.29999772 37.4460008 11.80799772 37.1920008 0 P 0
L 11.29999772 37.9540008 11.80799772 38.2080008 0 P 0
L 11.29999772 38.94600034 11.80799772 38.69200034 0 P 0
L 11.29999772 39.45400034 11.80799772 39.70800034 0 P 0
L 11.49999986 20.34599944 12.00799986 20.09199944 0 P 0
L 11.49999986 20.85399944 12.00799986 21.10799944 0 P 0
L 11.55399772 22.7000054 11.80799772 22.1920054 0 P 0
L 11.55399772 22.7000054 11.80799772 23.2080054 0 P 0
L 11.55399772 24.20000494 11.80799772 23.69200494 0 P 0
L 11.55399772 24.20000494 11.80799772 24.70800494 0 P 0
L 11.55399772 25.70000448 11.80799772 25.19200448 0 P 0
L 11.55399772 25.70000448 11.80799772 26.20800448 0 P 0
L 11.55399772 37.7000008 11.80799772 37.1920008 0 P 0
L 11.55399772 37.7000008 11.80799772 38.2080008 0 P 0
L 11.55399772 39.20000034 11.80799772 38.69200034 0 P 0
L 11.55399772 39.20000034 11.80799772 39.70800034 0 P 0
L 11.75399986 20.59999944 12.00799986 20.09199944 0 P 0
L 11.75399986 20.59999944 12.00799986 21.10799944 0 P 0
L 11.7920008 20.09199944 12.0460008 20.59999944 0 P 0
L 11.7920008 20.09199944 12.3000008 20.34599944 0 P 0
L 11.7920008 21.10799944 12.0460008 20.59999944 0 P 0
L 11.7920008 21.10799944 12.3000008 20.85399944 0 P 0
L 12.192 16.99200056 12.446 17.50000056 0 P 0
L 12.192 16.99200056 12.7 17.24600056 0 P 0
L 12.192 18.00800056 12.446 17.50000056 0 P 0
L 12.192 18.00800056 12.7 17.75400056 0 P 0
L 12.29199726 22.1920054 12.54599726 22.7000054 0 P 0
L 12.29199726 22.1920054 12.79999726 22.4460054 0 P 0
L 12.29199726 23.2080054 12.54599726 22.7000054 0 P 0
L 12.29199726 23.2080054 12.79999726 22.9540054 0 P 0
L 12.29199726 23.69200494 12.54599726 24.20000494 0 P 0
L 12.29199726 23.69200494 12.79999726 23.94600494 0 P 0
L 12.29199726 24.70800494 12.54599726 24.20000494 0 P 0
L 12.29199726 24.70800494 12.79999726 24.45400494 0 P 0
L 12.29199726 37.1920008 12.54599726 37.7000008 0 P 0
L 12.29199726 37.1920008 12.79999726 37.4460008 0 P 0
L 12.29199726 38.2080008 12.54599726 37.7000008 0 P 0
L 12.29199726 38.2080008 12.79999726 37.9540008 0 P 0
L 12.29199726 38.69200034 12.54599726 39.20000034 0 P 0
L 12.29199726 38.69200034 12.79999726 38.94600034 0 P 0
L 12.29199726 39.70800034 12.54599726 39.20000034 0 P 0
L 12.29199726 39.70800034 12.79999726 39.45400034 0 P 0
L 12.3000008 20.34599944 12.8080008 20.09199944 0 P 0
L 12.3000008 20.85399944 12.8080008 21.10799944 0 P 0
L 12.5540008 20.59999944 12.8080008 20.09199944 0 P 0
L 12.5540008 20.59999944 12.8080008 21.10799944 0 P 0
L 12.691999 19.69200024 12.945999 20.20000024 0 P 0
L 12.691999 19.69200024 13.199999 19.94600024 0 P 0
L 12.691999 20.70800024 12.945999 20.20000024 0 P 0
L 12.691999 20.70800024 13.199999 20.45400024 0 P 0
L 12.7 17.24600056 13.208 16.99200056 0 P 0
L 12.7 17.75400056 13.208 18.00800056 0 P 0
L 12.79999726 22.4460054 13.30799726 22.1920054 0 P 0
L 12.79999726 22.9540054 13.30799726 23.2080054 0 P 0
L 12.79999726 23.94600494 13.30799726 23.69200494 0 P 0
L 12.79999726 24.45400494 13.30799726 24.70800494 0 P 0
L 12.79999726 37.4460008 13.30799726 37.1920008 0 P 0
L 12.79999726 37.9540008 13.30799726 38.2080008 0 P 0
L 12.79999726 38.94600034 13.30799726 38.69200034 0 P 0
L 12.79999726 39.45400034 13.30799726 39.70800034 0 P 0
L 12.954 17.50000056 13.208 16.99200056 0 P 0
L 12.954 17.50000056 13.208 18.00800056 0 P 0
L 13.03200086 8.47600032 13.03200086 9.49200032 0 P 0
L 13.03200086 8.47600032 14.04800086 8.47600032 0 P 0
L 13.03200086 9.49200032 14.04800086 9.49200032 0 P 0
L 13.03200086 10.50800032 13.03200086 11.52400032 0 P 0
L 13.03200086 10.50800032 14.04800086 10.50800032 0 P 0
L 13.03200086 11.52400032 14.04800086 11.52400032 0 P 0
L 13.05399726 22.7000054 13.30799726 22.1920054 0 P 0
L 13.05399726 22.7000054 13.30799726 23.2080054 0 P 0
L 13.05399726 24.20000494 13.30799726 23.69200494 0 P 0
L 13.05399726 24.20000494 13.30799726 24.70800494 0 P 0
L 13.05399726 37.7000008 13.30799726 37.1920008 0 P 0
L 13.05399726 37.7000008 13.30799726 38.2080008 0 P 0
L 13.05399726 39.20000034 13.30799726 38.69200034 0 P 0
L 13.05399726 39.20000034 13.30799726 39.70800034 0 P 0
L 13.199999 19.94600024 13.707999 19.69200024 0 P 0
L 13.199999 20.45400024 13.707999 20.70800024 0 P 0
L 13.453999 20.20000024 13.707999 19.69200024 0 P 0
L 13.453999 20.20000024 13.707999 20.70800024 0 P 0
L 13.69199954 19.69200024 13.94599954 20.20000024 0 P 0
L 13.69199954 19.69200024 14.19999954 19.94600024 0 P 0
L 13.69199954 20.70800024 13.94599954 20.20000024 0 P 0
L 13.69199954 20.70800024 14.19999954 20.45400024 0 P 0
L 13.7919968 32.69200218 14.0459968 33.20000218 0 P 0
L 13.7919968 32.69200218 14.2999968 32.94600218 0 P 0
L 13.7919968 33.70800218 14.0459968 33.20000218 0 P 0
L 13.7919968 33.70800218 14.2999968 33.45400218 0 P 0
L 13.7919968 34.19200172 14.0459968 34.70000172 0 P 0
L 13.7919968 34.19200172 14.2999968 34.44600172 0 P 0
L 13.7919968 35.20800172 14.0459968 34.70000172 0 P 0
L 13.7919968 35.20800172 14.2999968 34.95400172 0 P 0
L 13.7919968 35.69200126 14.0459968 36.20000126 0 P 0
L 13.7919968 35.69200126 14.2999968 35.94600126 0 P 0
L 13.7919968 36.70800126 14.0459968 36.20000126 0 P 0
L 13.7919968 36.70800126 14.2999968 36.45400126 0 P 0
L 13.7919968 37.1920008 14.0459968 37.7000008 0 P 0
L 13.7919968 37.1920008 14.2999968 37.4460008 0 P 0
L 13.7919968 38.2080008 14.0459968 37.7000008 0 P 0
L 13.7919968 38.2080008 14.2999968 37.9540008 0 P 0
L 13.7919968 38.69200034 14.0459968 39.20000034 0 P 0
L 13.7919968 38.69200034 14.2999968 38.94600034 0 P 0
L 13.7919968 39.70800034 14.0459968 39.20000034 0 P 0
L 13.7919968 39.70800034 14.2999968 39.45400034 0 P 0
L 13.89199914 14.19200108 14.14599914 14.70000108 0 P 0
L 13.89199914 14.19200108 14.39999914 14.44600108 0 P 0
L 13.89199914 14.99199948 14.14599914 15.49999948 0 P 0
L 13.89199914 14.99199948 14.39999914 15.24599948 0 P 0
L 13.89199914 15.20800108 14.14599914 14.70000108 0 P 0
L 13.89199914 15.20800108 14.39999914 14.95400108 0 P 0
L 13.89199914 16.00799948 14.14599914 15.49999948 0 P 0
L 13.89199914 16.00799948 14.39999914 15.75399948 0 P 0
L 14.04800086 8.47600032 14.04800086 9.49200032 0 P 0
L 14.04800086 10.50800032 14.04800086 11.52400032 0 P 0
L 14.19999954 19.94600024 14.70799954 19.69200024 0 P 0
L 14.19999954 20.45400024 14.70799954 20.70800024 0 P 0
L 14.2999968 32.94600218 14.8079968 32.69200218 0 P 0
L 14.2999968 33.45400218 14.8079968 33.70800218 0 P 0
L 14.2999968 34.44600172 14.8079968 34.19200172 0 P 0
L 14.2999968 34.95400172 14.8079968 35.20800172 0 P 0
L 14.2999968 35.94600126 14.8079968 35.69200126 0 P 0
L 14.2999968 36.45400126 14.8079968 36.70800126 0 P 0
L 14.2999968 37.4460008 14.8079968 37.1920008 0 P 0
L 14.2999968 37.9540008 14.8079968 38.2080008 0 P 0
L 14.2999968 38.94600034 14.8079968 38.69200034 0 P 0
L 14.2999968 39.45400034 14.8079968 39.70800034 0 P 0
L 14.39200068 26.29199974 14.64600068 26.79999974 0 P 0
L 14.39200068 26.29199974 14.90000068 26.54599974 0 P 0
L 14.39200068 27.30799974 14.64600068 26.79999974 0 P 0
L 14.39200068 27.30799974 14.90000068 27.05399974 0 P 0
L 14.39999914 14.44600108 14.90799914 14.19200108 0 P 0
L 14.39999914 14.95400108 14.90799914 15.20800108 0 P 0
L 14.39999914 15.24599948 14.90799914 14.99199948 0 P 0
L 14.39999914 15.75399948 14.90799914 16.00799948 0 P 0
L 14.45399954 20.20000024 14.70799954 19.69200024 0 P 0
L 14.45399954 20.20000024 14.70799954 20.70800024 0 P 0
L 14.5539968 33.20000218 14.8079968 32.69200218 0 P 0
L 14.5539968 33.20000218 14.8079968 33.70800218 0 P 0
L 14.5539968 34.70000172 14.8079968 34.19200172 0 P 0
L 14.5539968 34.70000172 14.8079968 35.20800172 0 P 0
L 14.5539968 36.20000126 14.8079968 35.69200126 0 P 0
L 14.5539968 36.20000126 14.8079968 36.70800126 0 P 0
L 14.5539968 37.7000008 14.8079968 37.1920008 0 P 0
L 14.5539968 37.7000008 14.8079968 38.2080008 0 P 0
L 14.5539968 39.20000034 14.8079968 38.69200034 0 P 0
L 14.5539968 39.20000034 14.8079968 39.70800034 0 P 0
L 14.65399914 14.70000108 14.90799914 14.19200108 0 P 0
L 14.65399914 14.70000108 14.90799914 15.20800108 0 P 0
L 14.65399914 15.49999948 14.90799914 14.99199948 0 P 0
L 14.65399914 15.49999948 14.90799914 16.00799948 0 P 0
L 14.69199754 17.49199956 14.94599754 17.99999956 0 P 0
L 14.69199754 17.49199956 15.19999754 17.74599956 0 P 0
L 14.69199754 18.50799956 14.94599754 17.99999956 0 P 0
L 14.69199754 18.50799956 15.19999754 18.25399956 0 P 0
L 14.90000068 26.54599974 15.40800068 26.29199974 0 P 0
L 14.90000068 27.05399974 15.40800068 27.30799974 0 P 0
L 15.15400068 26.79999974 15.40800068 26.29199974 0 P 0
L 15.15400068 26.79999974 15.40800068 27.30799974 0 P 0
L 15.19999754 17.74599956 15.70799754 17.49199956 0 P 0
L 15.19999754 18.25399956 15.70799754 18.50799956 0 P 0
L 15.29199634 25.19200448 15.54599634 25.70000448 0 P 0
L 15.29199634 25.19200448 15.79999634 25.44600448 0 P 0
L 15.29199634 26.20800448 15.54599634 25.70000448 0 P 0
L 15.29199634 26.20800448 15.79999634 25.95400448 0 P 0
L 15.29199634 31.19200264 15.54599634 31.70000264 0 P 0
L 15.29199634 31.19200264 15.79999634 31.44600264 0 P 0
L 15.29199634 32.20800264 15.54599634 31.70000264 0 P 0
L 15.29199634 32.20800264 15.79999634 31.95400264 0 P 0
L 15.29199634 32.69200218 15.54599634 33.20000218 0 P 0
L 15.29199634 32.69200218 15.79999634 32.94600218 0 P 0
L 15.29199634 33.70800218 15.54599634 33.20000218 0 P 0
L 15.29199634 33.70800218 15.79999634 33.45400218 0 P 0
L 15.29199634 34.19200172 15.54599634 34.70000172 0 P 0
L 15.29199634 34.19200172 15.79999634 34.44600172 0 P 0
L 15.29199634 35.20800172 15.54599634 34.70000172 0 P 0
L 15.29199634 35.20800172 15.79999634 34.95400172 0 P 0
L 15.29199634 35.69200126 15.54599634 36.20000126 0 P 0
L 15.29199634 35.69200126 15.79999634 35.94600126 0 P 0
L 15.29199634 36.70800126 15.54599634 36.20000126 0 P 0
L 15.29199634 36.70800126 15.79999634 36.45400126 0 P 0
L 15.29199634 37.1920008 15.54599634 37.7000008 0 P 0
L 15.29199634 37.1920008 15.79999634 37.4460008 0 P 0
L 15.29199634 38.2080008 15.54599634 37.7000008 0 P 0
L 15.29199634 38.2080008 15.79999634 37.9540008 0 P 0
L 15.29199634 38.69200034 15.54599634 39.20000034 0 P 0
L 15.29199634 38.69200034 15.79999634 38.94600034 0 P 0
L 15.29199634 39.70800034 15.54599634 39.20000034 0 P 0
L 15.29199634 39.70800034 15.79999634 39.45400034 0 P 0
L 15.45399754 17.99999956 15.70799754 17.49199956 0 P 0
L 15.45399754 17.99999956 15.70799754 18.50799956 0 P 0
L 15.69199808 17.49199956 15.94599808 17.99999956 0 P 0
L 15.69199808 17.49199956 16.19999808 17.74599956 0 P 0
L 15.69199808 18.50799956 15.94599808 17.99999956 0 P 0
L 15.69199808 18.50799956 16.19999808 18.25399956 0 P 0
L 15.79999634 25.44600448 16.30799634 25.19200448 0 P 0
L 15.79999634 25.95400448 16.30799634 26.20800448 0 P 0
L 15.79999634 31.44600264 16.30799634 31.19200264 0 P 0
L 15.79999634 31.95400264 16.30799634 32.20800264 0 P 0
L 15.79999634 32.94600218 16.30799634 32.69200218 0 P 0
L 15.79999634 33.45400218 16.30799634 33.70800218 0 P 0
L 15.79999634 34.44600172 16.30799634 34.19200172 0 P 0
L 15.79999634 34.95400172 16.30799634 35.20800172 0 P 0
L 15.79999634 35.94600126 16.30799634 35.69200126 0 P 0
L 15.79999634 36.45400126 16.30799634 36.70800126 0 P 0
L 15.79999634 37.4460008 16.30799634 37.1920008 0 P 0
L 15.79999634 37.9540008 16.30799634 38.2080008 0 P 0
L 15.79999634 38.94600034 16.30799634 38.69200034 0 P 0
L 15.79999634 39.45400034 16.30799634 39.70800034 0 P 0
L 16.05399634 25.70000448 16.30799634 25.19200448 0 P 0
L 16.05399634 25.70000448 16.30799634 26.20800448 0 P 0
L 16.05399634 31.70000264 16.30799634 31.19200264 0 P 0
L 16.05399634 31.70000264 16.30799634 32.20800264 0 P 0
L 16.05399634 33.20000218 16.30799634 32.69200218 0 P 0
L 16.05399634 33.20000218 16.30799634 33.70800218 0 P 0
L 16.05399634 34.70000172 16.30799634 34.19200172 0 P 0
L 16.05399634 34.70000172 16.30799634 35.20800172 0 P 0
L 16.05399634 36.20000126 16.30799634 35.69200126 0 P 0
L 16.05399634 36.20000126 16.30799634 36.70800126 0 P 0
L 16.05399634 37.7000008 16.30799634 37.1920008 0 P 0
L 16.05399634 37.7000008 16.30799634 38.2080008 0 P 0
L 16.05399634 39.20000034 16.30799634 38.69200034 0 P 0
L 16.05399634 39.20000034 16.30799634 39.70800034 0 P 0
L 16.19999808 17.74599956 16.70799808 17.49199956 0 P 0
L 16.19999808 18.25399956 16.70799808 18.50799956 0 P 0
L 16.45399808 17.99999956 16.70799808 17.49199956 0 P 0
L 16.45399808 17.99999956 16.70799808 18.50799956 0 P 0
L 16.79199588 29.6920031 17.04599588 30.2000031 0 P 0
L 16.79199588 29.6920031 17.29999588 29.9460031 0 P 0
L 16.79199588 30.7080031 17.04599588 30.2000031 0 P 0
L 16.79199588 30.7080031 17.29999588 30.4540031 0 P 0
L 16.79199588 31.19200264 17.04599588 31.70000264 0 P 0
L 16.79199588 31.19200264 17.29999588 31.44600264 0 P 0
L 16.79199588 32.20800264 17.04599588 31.70000264 0 P 0
L 16.79199588 32.20800264 17.29999588 31.95400264 0 P 0
L 16.79199588 32.69200218 17.04599588 33.20000218 0 P 0
L 16.79199588 32.69200218 17.29999588 32.94600218 0 P 0
L 16.79199588 33.70800218 17.04599588 33.20000218 0 P 0
L 16.79199588 33.70800218 17.29999588 33.45400218 0 P 0
L 16.79199588 34.19200172 17.04599588 34.70000172 0 P 0
L 16.79199588 34.19200172 17.29999588 34.44600172 0 P 0
L 16.79199588 35.20800172 17.04599588 34.70000172 0 P 0
L 16.79199588 35.20800172 17.29999588 34.95400172 0 P 0
L 16.79199588 35.69200126 17.04599588 36.20000126 0 P 0
L 16.79199588 35.69200126 17.29999588 35.94600126 0 P 0
L 16.79199588 36.70800126 17.04599588 36.20000126 0 P 0
L 16.79199588 36.70800126 17.29999588 36.45400126 0 P 0
L 16.79199588 37.1920008 17.04599588 37.7000008 0 P 0
L 16.79199588 37.1920008 17.29999588 37.4460008 0 P 0
L 16.79199588 38.2080008 17.04599588 37.7000008 0 P 0
L 16.79199588 38.2080008 17.29999588 37.9540008 0 P 0
L 16.79199588 38.69200034 17.04599588 39.20000034 0 P 0
L 16.79199588 38.69200034 17.29999588 38.94600034 0 P 0
L 16.79199588 39.70800034 17.04599588 39.20000034 0 P 0
L 16.79199588 39.70800034 17.29999588 39.45400034 0 P 0
L 17.29999588 29.9460031 17.80799588 29.6920031 0 P 0
L 17.29999588 30.4540031 17.80799588 30.7080031 0 P 0
L 17.29999588 31.44600264 17.80799588 31.19200264 0 P 0
L 17.29999588 31.95400264 17.80799588 32.20800264 0 P 0
L 17.29999588 32.94600218 17.80799588 32.69200218 0 P 0
L 17.29999588 33.45400218 17.80799588 33.70800218 0 P 0
L 17.29999588 34.44600172 17.80799588 34.19200172 0 P 0
L 17.29999588 34.95400172 17.80799588 35.20800172 0 P 0
L 17.29999588 35.94600126 17.80799588 35.69200126 0 P 0
L 17.29999588 36.45400126 17.80799588 36.70800126 0 P 0
L 17.29999588 37.4460008 17.80799588 37.1920008 0 P 0
L 17.29999588 37.9540008 17.80799588 38.2080008 0 P 0
L 17.29999588 38.94600034 17.80799588 38.69200034 0 P 0
L 17.29999588 39.45400034 17.80799588 39.70800034 0 P 0
L 17.55399588 30.2000031 17.80799588 29.6920031 0 P 0
L 17.55399588 30.2000031 17.80799588 30.7080031 0 P 0
L 17.55399588 31.70000264 17.80799588 31.19200264 0 P 0
L 17.55399588 31.70000264 17.80799588 32.20800264 0 P 0
L 17.55399588 33.20000218 17.80799588 32.69200218 0 P 0
L 17.55399588 33.20000218 17.80799588 33.70800218 0 P 0
L 17.55399588 34.70000172 17.80799588 34.19200172 0 P 0
L 17.55399588 34.70000172 17.80799588 35.20800172 0 P 0
L 17.55399588 36.20000126 17.80799588 35.69200126 0 P 0
L 17.55399588 36.20000126 17.80799588 36.70800126 0 P 0
L 17.55399588 37.7000008 17.80799588 37.1920008 0 P 0
L 17.55399588 37.7000008 17.80799588 38.2080008 0 P 0
L 17.55399588 39.20000034 17.80799588 38.69200034 0 P 0
L 17.55399588 39.20000034 17.80799588 39.70800034 0 P 0
L 17.69199916 17.49199956 17.94599916 17.99999956 0 P 0
L 17.69199916 17.49199956 18.19999916 17.74599956 0 P 0
L 17.69199916 18.50799956 17.94599916 17.99999956 0 P 0
L 17.69199916 18.50799956 18.19999916 18.25399956 0 P 0
L 17.9920011 10.50800032 18.5000011 9.49200032 0 P 0
L 17.9920011 10.50800032 19.0080011 10.50800032 0 P 0
L 18.19999916 17.74599956 18.70799916 17.49199956 0 P 0
L 18.19999916 18.25399956 18.70799916 18.50799956 0 P 0
L 18.29199542 28.19200356 18.54599542 28.70000356 0 P 0
L 18.29199542 28.19200356 18.79999542 28.44600356 0 P 0
L 18.29199542 29.20800356 18.54599542 28.70000356 0 P 0
L 18.29199542 29.20800356 18.79999542 28.95400356 0 P 0
L 18.29199542 29.6920031 18.54599542 30.2000031 0 P 0
L 18.29199542 29.6920031 18.79999542 29.9460031 0 P 0
L 18.29199542 30.7080031 18.54599542 30.2000031 0 P 0
L 18.29199542 30.7080031 18.79999542 30.4540031 0 P 0
L 18.29199542 31.19200264 18.54599542 31.70000264 0 P 0
L 18.29199542 31.19200264 18.79999542 31.44600264 0 P 0
L 18.29199542 32.20800264 18.54599542 31.70000264 0 P 0
L 18.29199542 32.20800264 18.79999542 31.95400264 0 P 0
L 18.29199542 32.69200218 18.54599542 33.20000218 0 P 0
L 18.29199542 32.69200218 18.79999542 32.94600218 0 P 0
L 18.29199542 33.70800218 18.54599542 33.20000218 0 P 0
L 18.29199542 33.70800218 18.79999542 33.45400218 0 P 0
L 18.29199542 34.19200172 18.54599542 34.70000172 0 P 0
L 18.29199542 34.19200172 18.79999542 34.44600172 0 P 0
L 18.29199542 35.20800172 18.54599542 34.70000172 0 P 0
L 18.29199542 35.20800172 18.79999542 34.95400172 0 P 0
L 18.29199542 35.69200126 18.54599542 36.20000126 0 P 0
L 18.29199542 35.69200126 18.79999542 35.94600126 0 P 0
L 18.29199542 36.70800126 18.54599542 36.20000126 0 P 0
L 18.29199542 36.70800126 18.79999542 36.45400126 0 P 0
L 18.29199542 37.1920008 18.54599542 37.7000008 0 P 0
L 18.29199542 37.1920008 18.79999542 37.4460008 0 P 0
L 18.29199542 38.2080008 18.54599542 37.7000008 0 P 0
L 18.29199542 38.2080008 18.79999542 37.9540008 0 P 0
L 18.29199542 38.69200034 18.54599542 39.20000034 0 P 0
L 18.29199542 38.69200034 18.79999542 38.94600034 0 P 0
L 18.29199542 39.70800034 18.54599542 39.20000034 0 P 0
L 18.29199542 39.70800034 18.79999542 39.45400034 0 P 0
L 18.45399916 17.99999956 18.70799916 17.49199956 0 P 0
L 18.45399916 17.99999956 18.70799916 18.50799956 0 P 0
L 18.5000011 9.49200032 19.0080011 10.50800032 0 P 0
L 18.6919997 17.49199956 18.9459997 17.99999956 0 P 0
L 18.6919997 17.49199956 19.1999997 17.74599956 0 P 0
L 18.6919997 18.50799956 18.9459997 17.99999956 0 P 0
L 18.6919997 18.50799956 19.1999997 18.25399956 0 P 0
L 18.79999542 28.44600356 19.30799542 28.19200356 0 P 0
L 18.79999542 28.95400356 19.30799542 29.20800356 0 P 0
L 18.79999542 29.9460031 19.30799542 29.6920031 0 P 0
L 18.79999542 30.4540031 19.30799542 30.7080031 0 P 0
L 18.79999542 31.44600264 19.30799542 31.19200264 0 P 0
L 18.79999542 31.95400264 19.30799542 32.20800264 0 P 0
L 18.79999542 32.94600218 19.30799542 32.69200218 0 P 0
L 18.79999542 33.45400218 19.30799542 33.70800218 0 P 0
L 18.79999542 34.44600172 19.30799542 34.19200172 0 P 0
L 18.79999542 34.95400172 19.30799542 35.20800172 0 P 0
L 18.79999542 35.94600126 19.30799542 35.69200126 0 P 0
L 18.79999542 36.45400126 19.30799542 36.70800126 0 P 0
L 18.79999542 37.4460008 19.30799542 37.1920008 0 P 0
L 18.79999542 37.9540008 19.30799542 38.2080008 0 P 0
L 18.79999542 38.94600034 19.30799542 38.69200034 0 P 0
L 18.79999542 39.45400034 19.30799542 39.70800034 0 P 0
L 19.05399542 28.70000356 19.30799542 28.19200356 0 P 0
L 19.05399542 28.70000356 19.30799542 29.20800356 0 P 0
L 19.05399542 30.2000031 19.30799542 29.6920031 0 P 0
L 19.05399542 30.2000031 19.30799542 30.7080031 0 P 0
L 19.05399542 31.70000264 19.30799542 31.19200264 0 P 0
L 19.05399542 31.70000264 19.30799542 32.20800264 0 P 0
L 19.05399542 33.20000218 19.30799542 32.69200218 0 P 0
L 19.05399542 33.20000218 19.30799542 33.70800218 0 P 0
L 19.05399542 34.70000172 19.30799542 34.19200172 0 P 0
L 19.05399542 34.70000172 19.30799542 35.20800172 0 P 0
L 19.05399542 36.20000126 19.30799542 35.69200126 0 P 0
L 19.05399542 36.20000126 19.30799542 36.70800126 0 P 0
L 19.05399542 37.7000008 19.30799542 37.1920008 0 P 0
L 19.05399542 37.7000008 19.30799542 38.2080008 0 P 0
L 19.05399542 39.20000034 19.30799542 38.69200034 0 P 0
L 19.05399542 39.20000034 19.30799542 39.70800034 0 P 0
L 19.1999997 17.74599956 19.7079997 17.49199956 0 P 0
L 19.1999997 18.25399956 19.7079997 18.50799956 0 P 0
L 19.4539997 17.99999956 19.7079997 17.49199956 0 P 0
L 19.4539997 17.99999956 19.7079997 18.50799956 0 P 0
L 19.79199496 26.69200402 20.04599496 27.20000402 0 P 0
L 19.79199496 26.69200402 20.29999496 26.94600402 0 P 0
L 19.79199496 27.70800402 20.04599496 27.20000402 0 P 0
L 19.79199496 27.70800402 20.29999496 27.45400402 0 P 0
L 19.79199496 28.19200356 20.04599496 28.70000356 0 P 0
L 19.79199496 28.19200356 20.29999496 28.44600356 0 P 0
L 19.79199496 29.20800356 20.04599496 28.70000356 0 P 0
L 19.79199496 29.20800356 20.29999496 28.95400356 0 P 0
L 19.79199496 29.6920031 20.04599496 30.2000031 0 P 0
L 19.79199496 29.6920031 20.29999496 29.9460031 0 P 0
L 19.79199496 30.7080031 20.04599496 30.2000031 0 P 0
L 19.79199496 30.7080031 20.29999496 30.4540031 0 P 0
L 19.79199496 31.19200264 20.04599496 31.70000264 0 P 0
L 19.79199496 31.19200264 20.29999496 31.44600264 0 P 0
L 19.79199496 32.20800264 20.04599496 31.70000264 0 P 0
L 19.79199496 32.20800264 20.29999496 31.95400264 0 P 0
L 19.79199496 32.69200218 20.04599496 33.20000218 0 P 0
L 19.79199496 32.69200218 20.29999496 32.94600218 0 P 0
L 19.79199496 33.70800218 20.04599496 33.20000218 0 P 0
L 19.79199496 33.70800218 20.29999496 33.45400218 0 P 0
L 19.79199496 34.19200172 20.04599496 34.70000172 0 P 0
L 19.79199496 34.19200172 20.29999496 34.44600172 0 P 0
L 19.79199496 35.20800172 20.04599496 34.70000172 0 P 0
L 19.79199496 35.20800172 20.29999496 34.95400172 0 P 0
L 19.79199496 35.69200126 20.04599496 36.20000126 0 P 0
L 19.79199496 35.69200126 20.29999496 35.94600126 0 P 0
L 19.79199496 36.70800126 20.04599496 36.20000126 0 P 0
L 19.79199496 36.70800126 20.29999496 36.45400126 0 P 0
L 19.79199496 37.1920008 20.04599496 37.7000008 0 P 0
L 19.79199496 37.1920008 20.29999496 37.4460008 0 P 0
L 19.79199496 38.2080008 20.04599496 37.7000008 0 P 0
L 19.79199496 38.2080008 20.29999496 37.9540008 0 P 0
L 19.79199496 38.69200034 20.04599496 39.20000034 0 P 0
L 19.79199496 38.69200034 20.29999496 38.94600034 0 P 0
L 19.79199496 39.70800034 20.04599496 39.20000034 0 P 0
L 19.79199496 39.70800034 20.29999496 39.45400034 0 P 0
L 20.29999496 26.94600402 20.80799496 26.69200402 0 P 0
L 20.29999496 27.45400402 20.80799496 27.70800402 0 P 0
L 20.29999496 28.44600356 20.80799496 28.19200356 0 P 0
L 20.29999496 28.95400356 20.80799496 29.20800356 0 P 0
L 20.29999496 29.9460031 20.80799496 29.6920031 0 P 0
L 20.29999496 30.4540031 20.80799496 30.7080031 0 P 0
L 20.29999496 31.44600264 20.80799496 31.19200264 0 P 0
L 20.29999496 31.95400264 20.80799496 32.20800264 0 P 0
L 20.29999496 32.94600218 20.80799496 32.69200218 0 P 0
L 20.29999496 33.45400218 20.80799496 33.70800218 0 P 0
L 20.29999496 34.44600172 20.80799496 34.19200172 0 P 0
L 20.29999496 34.95400172 20.80799496 35.20800172 0 P 0
L 20.29999496 35.94600126 20.80799496 35.69200126 0 P 0
L 20.29999496 36.45400126 20.80799496 36.70800126 0 P 0
L 20.29999496 37.4460008 20.80799496 37.1920008 0 P 0
L 20.29999496 37.9540008 20.80799496 38.2080008 0 P 0
L 20.29999496 38.94600034 20.80799496 38.69200034 0 P 0
L 20.29999496 39.45400034 20.80799496 39.70800034 0 P 0
L 20.55399496 27.20000402 20.80799496 26.69200402 0 P 0
L 20.55399496 27.20000402 20.80799496 27.70800402 0 P 0
L 20.55399496 28.70000356 20.80799496 28.19200356 0 P 0
L 20.55399496 28.70000356 20.80799496 29.20800356 0 P 0
L 20.55399496 30.2000031 20.80799496 29.6920031 0 P 0
L 20.55399496 30.2000031 20.80799496 30.7080031 0 P 0
L 20.55399496 31.70000264 20.80799496 31.19200264 0 P 0
L 20.55399496 31.70000264 20.80799496 32.20800264 0 P 0
L 20.55399496 33.20000218 20.80799496 32.69200218 0 P 0
L 20.55399496 33.20000218 20.80799496 33.70800218 0 P 0
L 20.55399496 34.70000172 20.80799496 34.19200172 0 P 0
L 20.55399496 34.70000172 20.80799496 35.20800172 0 P 0
L 20.55399496 36.20000126 20.80799496 35.69200126 0 P 0
L 20.55399496 36.20000126 20.80799496 36.70800126 0 P 0
L 20.55399496 37.7000008 20.80799496 37.1920008 0 P 0
L 20.55399496 37.7000008 20.80799496 38.2080008 0 P 0
L 20.55399496 39.20000034 20.80799496 38.69200034 0 P 0
L 20.55399496 39.20000034 20.80799496 39.70800034 0 P 0
L 20.69200078 25.1919994 20.94600078 25.6999994 0 P 0
L 20.69200078 25.1919994 21.20000078 25.4459994 0 P 0
L 20.69200078 26.2079994 20.94600078 25.6999994 0 P 0
L 20.69200078 26.2079994 21.20000078 25.9539994 0 P 0
L 20.69200078 26.69199894 20.94600078 27.19999894 0 P 0
L 20.69200078 26.69199894 21.20000078 26.94599894 0 P 0
L 20.69200078 27.70799894 20.94600078 27.19999894 0 P 0
L 20.69200078 27.70799894 21.20000078 27.45399894 0 P 0
L 20.69200078 28.19199848 20.94600078 28.69999848 0 P 0
L 20.69200078 28.19199848 21.20000078 28.44599848 0 P 0
L 20.69200078 29.20799848 20.94600078 28.69999848 0 P 0
L 20.69200078 29.20799848 21.20000078 28.95399848 0 P 0
L 20.69200078 29.69200056 20.94600078 30.20000056 0 P 0
L 20.69200078 29.69200056 21.20000078 29.94600056 0 P 0
L 20.69200078 30.70800056 20.94600078 30.20000056 0 P 0
L 20.69200078 30.70800056 21.20000078 30.45400056 0 P 0
L 20.69200078 31.1920001 20.94600078 31.7000001 0 P 0
L 20.69200078 31.1920001 21.20000078 31.4460001 0 P 0
L 20.69200078 32.2080001 20.94600078 31.7000001 0 P 0
L 20.69200078 32.2080001 21.20000078 31.9540001 0 P 0
L 20.69200078 32.69199964 20.94600078 33.19999964 0 P 0
L 20.69200078 32.69199964 21.20000078 32.94599964 0 P 0
L 20.69200078 33.70799964 20.94600078 33.19999964 0 P 0
L 20.69200078 33.70799964 21.20000078 33.45399964 0 P 0
L 20.69200078 34.19199918 20.94600078 34.69999918 0 P 0
L 20.69200078 34.19199918 21.20000078 34.44599918 0 P 0
L 20.69200078 35.20799918 20.94600078 34.69999918 0 P 0
L 20.69200078 35.20799918 21.20000078 34.95399918 0 P 0
L 20.69200078 35.69199872 20.94600078 36.19999872 0 P 0
L 20.69200078 35.69199872 21.20000078 35.94599872 0 P 0
L 20.69200078 36.70799872 20.94600078 36.19999872 0 P 0
L 20.69200078 36.70799872 21.20000078 36.45399872 0 P 0
L 20.69200078 37.1920008 20.94600078 37.7000008 0 P 0
L 20.69200078 37.1920008 21.20000078 37.4460008 0 P 0
L 20.69200078 38.2080008 20.94600078 37.7000008 0 P 0
L 20.69200078 38.2080008 21.20000078 37.9540008 0 P 0
L 20.69200078 38.69200034 20.94600078 39.20000034 0 P 0
L 20.69200078 38.69200034 21.20000078 38.94600034 0 P 0
L 20.69200078 39.70800034 20.94600078 39.20000034 0 P 0
L 20.69200078 39.70800034 21.20000078 39.45400034 0 P 0
L 21.20000078 25.4459994 21.70800078 25.1919994 0 P 0
L 21.20000078 25.9539994 21.70800078 26.2079994 0 P 0
L 21.20000078 26.94599894 21.70800078 26.69199894 0 P 0
L 21.20000078 27.45399894 21.70800078 27.70799894 0 P 0
L 21.20000078 28.44599848 21.70800078 28.19199848 0 P 0
L 21.20000078 28.95399848 21.70800078 29.20799848 0 P 0
L 21.20000078 29.94600056 21.70800078 29.69200056 0 P 0
L 21.20000078 30.45400056 21.70800078 30.70800056 0 P 0
L 21.20000078 31.4460001 21.70800078 31.1920001 0 P 0
L 21.20000078 31.9540001 21.70800078 32.2080001 0 P 0
L 21.20000078 32.94599964 21.70800078 32.69199964 0 P 0
L 21.20000078 33.45399964 21.70800078 33.70799964 0 P 0
L 21.20000078 34.44599918 21.70800078 34.19199918 0 P 0
L 21.20000078 34.95399918 21.70800078 35.20799918 0 P 0
L 21.20000078 35.94599872 21.70800078 35.69199872 0 P 0
L 21.20000078 36.45399872 21.70800078 36.70799872 0 P 0
L 21.20000078 37.4460008 21.70800078 37.1920008 0 P 0
L 21.20000078 37.9540008 21.70800078 38.2080008 0 P 0
L 21.20000078 38.94600034 21.70800078 38.69200034 0 P 0
L 21.20000078 39.45400034 21.70800078 39.70800034 0 P 0
L 21.45400078 25.6999994 21.70800078 25.1919994 0 P 0
L 21.45400078 25.6999994 21.70800078 26.2079994 0 P 0
L 21.45400078 27.19999894 21.70800078 26.69199894 0 P 0
L 21.45400078 27.19999894 21.70800078 27.70799894 0 P 0
L 21.45400078 28.69999848 21.70800078 28.19199848 0 P 0
L 21.45400078 28.69999848 21.70800078 29.20799848 0 P 0
L 21.45400078 30.20000056 21.70800078 29.69200056 0 P 0
L 21.45400078 30.20000056 21.70800078 30.70800056 0 P 0
L 21.45400078 31.7000001 21.70800078 31.1920001 0 P 0
L 21.45400078 31.7000001 21.70800078 32.2080001 0 P 0
L 21.45400078 33.19999964 21.70800078 32.69199964 0 P 0
L 21.45400078 33.19999964 21.70800078 33.70799964 0 P 0
L 21.45400078 34.69999918 21.70800078 34.19199918 0 P 0
L 21.45400078 34.69999918 21.70800078 35.20799918 0 P 0
L 21.45400078 36.19999872 21.70800078 35.69199872 0 P 0
L 21.45400078 36.19999872 21.70800078 36.70799872 0 P 0
L 21.45400078 37.7000008 21.70800078 37.1920008 0 P 0
L 21.45400078 37.7000008 21.70800078 38.2080008 0 P 0
L 21.45400078 39.20000034 21.70800078 38.69200034 0 P 0
L 21.45400078 39.20000034 21.70800078 39.70800034 0 P 0
