UNITS=MM
#Layer_Color=9474304
#
#Feature symbol names
#
$0 r127
$1 r169.33164

#
#Feature attribute names
#

#
#Layer features
#
A 8.96800086 10.0100003 8.96800086 10.0100003 8.46000086 10.0100003 1 P 0 N
A 14.04800086 8.9940003 14.04800086 8.9940003 13.54000086 8.9940003 1 P 0 N
A 14.04800086 11.0260003 14.04800086 11.0260003 13.54000086 11.0260003 1 P 0 N
L 0.24200104 20.83300126 0.75000104 19.81700126 0 P 0
L 0.24200104 20.83300126 1.25800104 20.83300126 0 P 0
L 0.24200104 21.75800068 0.75000104 20.74200068 0 P 0
L 0.24200104 21.75800068 1.25800104 21.75800068 0 P 0
L 0.24200104 23.25800022 0.75000104 22.24200022 0 P 0
L 0.24200104 23.25800022 1.25800104 23.25800022 0 P 0
L 0.24200104 24.75799976 0.75000104 23.74199976 0 P 0
L 0.24200104 24.75799976 1.25800104 24.75799976 0 P 0
L 0.24200104 26.2579993 0.75000104 25.2419993 0 P 0
L 0.24200104 26.2579993 1.25800104 26.2579993 0 P 0
L 0.24200104 27.75799884 0.75000104 26.74199884 0 P 0
L 0.24200104 27.75799884 1.25800104 27.75799884 0 P 0
L 0.24200104 29.25800092 0.75000104 28.24200092 0 P 0
L 0.24200104 29.25800092 1.25800104 29.25800092 0 P 0
L 0.24200104 30.75800046 0.75000104 29.74200046 0 P 0
L 0.24200104 30.75800046 1.25800104 30.75800046 0 P 0
L 0.24200104 32.258 0.75000104 31.242 0 P 0
L 0.24200104 32.258 1.25800104 32.258 0 P 0
L 0.24200104 33.75799954 0.75000104 32.74199954 0 P 0
L 0.24200104 33.75799954 1.25800104 33.75799954 0 P 0
L 0.24200104 35.30799898 0.75000104 34.29199898 0 P 0
L 0.24200104 35.30799898 1.25800104 35.30799898 0 P 0
L 0.24200104 36.75799862 0.75000104 35.74199862 0 P 0
L 0.24200104 36.75799862 1.25800104 36.75799862 0 P 0
L 0.24200104 38.2080008 0.75000104 37.1920008 0 P 0
L 0.24200104 38.2080008 1.25800104 38.2080008 0 P 0
L 0.24200104 39.75800024 0.75000104 38.74200024 0 P 0
L 0.24200104 39.75800024 1.25800104 39.75800024 0 P 0
L 0.75000104 19.81700126 1.25800104 20.83300126 0 P 0
L 0.75000104 20.74200068 1.25800104 21.75800068 0 P 0
L 0.75000104 22.24200022 1.25800104 23.25800022 0 P 0
L 0.75000104 23.74199976 1.25800104 24.75799976 0 P 0
L 0.75000104 25.2419993 1.25800104 26.2579993 0 P 0
L 0.75000104 26.74199884 1.25800104 27.75799884 0 P 0
L 0.75000104 28.24200092 1.25800104 29.25800092 0 P 0
L 0.75000104 29.74200046 1.25800104 30.75800046 0 P 0
L 0.75000104 31.242 1.25800104 32.258 0 P 0
L 0.75000104 32.74199954 1.25800104 33.75799954 0 P 0
L 0.75000104 34.29199898 1.25800104 35.30799898 0 P 0
L 0.75000104 35.74199862 1.25800104 36.75799862 0 P 0
L 0.75000104 37.1920008 1.25800104 38.2080008 0 P 0
L 0.75000104 38.74200024 1.25800104 39.75800024 0 P 0
L 1.16700046 20.83300126 1.67500046 19.81700126 0 P 0
L 1.16700046 20.83300126 2.18300046 20.83300126 0 P 0
L 1.49200108 21.75800068 2.00000108 20.74200068 0 P 0
L 1.49200108 21.75800068 2.50800108 21.75800068 0 P 0
L 1.49200362 23.25800022 2.00000362 22.24200022 0 P 0
L 1.49200362 23.25800022 2.50800362 23.25800022 0 P 0
L 1.49200362 24.75799976 2.00000362 23.74199976 0 P 0
L 1.49200362 24.75799976 2.50800362 24.75799976 0 P 0
L 1.49200362 26.2579993 2.00000362 25.2419993 0 P 0
L 1.49200362 26.2579993 2.50800362 26.2579993 0 P 0
L 1.49200362 27.75799884 2.00000362 26.74199884 0 P 0
L 1.49200362 27.75799884 2.50800362 27.75799884 0 P 0
L 1.49200362 29.25799838 2.00000362 28.24199838 0 P 0
L 1.49200362 29.25799838 2.50800362 29.25799838 0 P 0
L 1.49200362 30.75799792 2.00000362 29.74199792 0 P 0
L 1.49200362 30.75799792 2.50800362 30.75799792 0 P 0
L 1.49200362 32.25799746 2.00000362 31.24199746 0 P 0
L 1.49200362 32.25799746 2.50800362 32.25799746 0 P 0
L 1.49200362 33.757997 2.00000362 32.741997 0 P 0
L 1.49200362 33.757997 2.50800362 33.757997 0 P 0
L 1.49200362 35.25799654 2.00000362 34.24199654 0 P 0
L 1.49200362 35.25799654 2.50800362 35.25799654 0 P 0
L 1.49200362 36.75799608 2.00000362 35.74199608 0 P 0
L 1.49200362 36.75799608 2.50800362 36.75799608 0 P 0
L 1.49200362 38.25799562 2.00000362 37.24199562 0 P 0
L 1.49200362 38.25799562 2.50800362 38.25799562 0 P 0
L 1.49200362 39.75799516 2.00000362 38.74199516 0 P 0
L 1.49200362 39.75799516 2.50800362 39.75799516 0 P 0
L 1.60200086 3.71199918 1.60200086 4.72799918 0 P 0
L 1.60200086 3.71199918 2.61800086 3.71199918 0 P 0
L 1.60200086 4.72799918 2.61800086 4.72799918 0 P 0
L 1.67500046 19.81700126 2.18300046 20.83300126 0 P 0
L 2.00000108 20.74200068 2.50800108 21.75800068 0 P 0
L 2.00000362 22.24200022 2.50800362 23.25800022 0 P 0
L 2.00000362 23.74199976 2.50800362 24.75799976 0 P 0
L 2.00000362 25.2419993 2.50800362 26.2579993 0 P 0
L 2.00000362 26.74199884 2.50800362 27.75799884 0 P 0
L 2.00000362 28.24199838 2.50800362 29.25799838 0 P 0
L 2.00000362 29.74199792 2.50800362 30.75799792 0 P 0
L 2.00000362 31.24199746 2.50800362 32.25799746 0 P 0
L 2.00000362 32.741997 2.50800362 33.757997 0 P 0
L 2.00000362 34.24199654 2.50800362 35.25799654 0 P 0
L 2.00000362 35.74199608 2.50800362 36.75799608 0 P 0
L 2.00000362 37.24199562 2.50800362 38.25799562 0 P 0
L 2.00000362 38.74199516 2.50800362 39.75799516 0 P 0
L 2.5670002 18.13299904 3.0750002 17.11699904 0 P 0
L 2.5670002 18.13299904 3.5830002 18.13299904 0 P 0
L 2.61800086 3.71199918 2.61800086 4.72799918 0 P 0
L 2.99200062 9.49200032 3.24600062 10.00000032 0 P 0
L 2.99200062 9.49200032 3.50000062 9.74600032 0 P 0
L 2.99200062 10.50800032 3.24600062 10.00000032 0 P 0
L 2.99200062 10.50800032 3.50000062 10.25400032 0 P 0
L 2.99200316 23.25800022 3.50000316 22.24200022 0 P 0
L 2.99200316 23.25800022 4.00800316 23.25800022 0 P 0
L 2.99200316 24.75799976 3.50000316 23.74199976 0 P 0
L 2.99200316 24.75799976 4.00800316 24.75799976 0 P 0
L 2.99200316 26.2579993 3.50000316 25.2419993 0 P 0
L 2.99200316 26.2579993 4.00800316 26.2579993 0 P 0
L 2.99200316 27.75799884 3.50000316 26.74199884 0 P 0
L 2.99200316 27.75799884 4.00800316 27.75799884 0 P 0
L 2.99200316 29.25799838 3.50000316 28.24199838 0 P 0
L 2.99200316 29.25799838 4.00800316 29.25799838 0 P 0
L 2.99200316 30.75799792 3.50000316 29.74199792 0 P 0
L 2.99200316 30.75799792 4.00800316 30.75799792 0 P 0
L 2.99200316 32.25799746 3.50000316 31.24199746 0 P 0
L 2.99200316 32.25799746 4.00800316 32.25799746 0 P 0
L 2.99200316 33.757997 3.50000316 32.741997 0 P 0
L 2.99200316 33.757997 4.00800316 33.757997 0 P 0
L 2.99200316 35.25799654 3.50000316 34.24199654 0 P 0
L 2.99200316 35.25799654 4.00800316 35.25799654 0 P 0
L 2.99200316 36.75799608 3.50000316 35.74199608 0 P 0
L 2.99200316 36.75799608 4.00800316 36.75799608 0 P 0
L 2.99200316 38.25799562 3.50000316 37.24199562 0 P 0
L 2.99200316 38.25799562 4.00800316 38.25799562 0 P 0
L 2.99200316 39.75799516 3.50000316 38.74199516 0 P 0
L 2.99200316 39.75799516 4.00800316 39.75799516 0 P 0
L 3.0750002 17.11699904 3.5830002 18.13299904 0 P 0
L 3.50000062 9.74600032 4.00800062 9.49200032 0 P 0
L 3.50000062 10.25400032 4.00800062 10.50800032 0 P 0
L 3.50000316 22.24200022 4.00800316 23.25800022 0 P 0
L 3.50000316 23.74199976 4.00800316 24.75799976 0 P 0
L 3.50000316 25.2419993 4.00800316 26.2579993 0 P 0
L 3.50000316 26.74199884 4.00800316 27.75799884 0 P 0
L 3.50000316 28.24199838 4.00800316 29.25799838 0 P 0
L 3.50000316 29.74199792 4.00800316 30.75799792 0 P 0
L 3.50000316 31.24199746 4.00800316 32.25799746 0 P 0
L 3.50000316 32.741997 4.00800316 33.757997 0 P 0
L 3.50000316 34.24199654 4.00800316 35.25799654 0 P 0
L 3.50000316 35.74199608 4.00800316 36.75799608 0 P 0
L 3.50000316 37.24199562 4.00800316 38.25799562 0 P 0
L 3.50000316 38.74199516 4.00800316 39.75799516 0 P 0
L 3.75400062 10.00000032 4.00800062 9.49200032 0 P 0
L 3.75400062 10.00000032 4.00800062 10.50800032 0 P 0
L 4.14200086 3.71199918 4.14200086 4.72799918 0 P 0
L 4.14200086 3.71199918 5.15800086 3.71199918 0 P 0
L 4.14200086 4.72799918 5.15800086 4.72799918 0 P 0
L 4.29200056 19.38299908 4.80000056 18.36699908 0 P 0
L 4.29200056 19.38299908 5.30800056 19.38299908 0 P 0
L 4.4920027 35.25799654 5.0000027 34.24199654 0 P 0
L 4.4920027 35.25799654 5.5080027 35.25799654 0 P 0
L 4.4920027 36.75799608 5.0000027 35.74199608 0 P 0
L 4.4920027 36.75799608 5.5080027 36.75799608 0 P 0
L 4.4920027 38.25799562 5.0000027 37.24199562 0 P 0
L 4.4920027 38.25799562 5.5080027 38.25799562 0 P 0
L 4.4920027 39.75799516 5.0000027 38.74199516 0 P 0
L 4.4920027 39.75799516 5.5080027 39.75799516 0 P 0
L 4.80000056 18.36699908 5.30800056 19.38299908 0 P 0
L 5.0000027 34.24199654 5.5080027 35.25799654 0 P 0
L 5.0000027 35.74199608 5.5080027 36.75799608 0 P 0
L 5.0000027 37.24199562 5.5080027 38.25799562 0 P 0
L 5.0000027 38.74199516 5.5080027 39.75799516 0 P 0
L 5.09199896 18.65799926 5.59999896 17.64199926 0 P 0
L 5.09199896 18.65799926 6.10799896 18.65799926 0 P 0
L 5.15800086 3.71199918 5.15800086 4.72799918 0 P 0
L 5.59999896 17.64199926 6.10799896 18.65799926 0 P 0
L 5.8919999 19.38299908 6.3999999 18.36699908 0 P 0
L 5.8919999 19.38299908 6.9079999 19.38299908 0 P 0
L 5.99200224 36.75799608 6.50000224 35.74199608 0 P 0
L 5.99200224 36.75799608 7.00800224 36.75799608 0 P 0
L 5.99200224 38.25799562 6.50000224 37.24199562 0 P 0
L 5.99200224 38.25799562 7.00800224 38.25799562 0 P 0
L 5.99200224 39.75799516 6.50000224 38.74199516 0 P 0
L 5.99200224 39.75799516 7.00800224 39.75799516 0 P 0
L 6.3999999 18.36699908 6.9079999 19.38299908 0 P 0
L 6.50000224 35.74199608 7.00800224 36.75799608 0 P 0
L 6.50000224 37.24199562 7.00800224 38.25799562 0 P 0
L 6.50000224 38.74199516 7.00800224 39.75799516 0 P 0
L 6.56699982 21.95800028 7.07499982 20.94200028 0 P 0
L 6.56699982 21.95800028 7.58299982 21.95800028 0 P 0
L 6.68200086 3.71199918 6.68200086 4.72799918 0 P 0
L 6.68200086 3.71199918 7.69800086 3.71199918 0 P 0
L 6.68200086 4.72799918 7.69800086 4.72799918 0 P 0
L 6.96699902 32.2080001 7.47499902 31.1920001 0 P 0
L 6.96699902 32.2080001 7.98299902 32.2080001 0 P 0
L 7.04200014 37.53300088 7.55000014 36.51700088 0 P 0
L 7.04200014 37.53300088 8.05800014 37.53300088 0 P 0
L 7.04200014 38.7579997 7.55000014 37.7419997 0 P 0
L 7.04200014 38.7579997 8.05800014 38.7579997 0 P 0
L 7.04200014 39.75800024 7.55000014 38.74200024 0 P 0
L 7.04200014 39.75800024 8.05800014 39.75800024 0 P 0
L 7.07499982 20.94200028 7.58299982 21.95800028 0 P 0
L 7.19199984 18.75799906 7.69999984 17.74199906 0 P 0
L 7.19199984 18.75799906 8.20799984 18.75799906 0 P 0
L 7.19199984 21.95800028 7.69999984 20.94200028 0 P 0
L 7.19199984 21.95800028 8.20799984 21.95800028 0 P 0
L 7.36700076 13.13299888 7.87500076 12.11699888 0 P 0
L 7.36700076 13.13299888 8.38300076 13.13299888 0 P 0
L 7.47499902 31.1920001 7.98299902 32.2080001 0 P 0
L 7.49200178 23.25800022 8.00000178 22.24200022 0 P 0
L 7.49200178 23.25800022 8.50800178 23.25800022 0 P 0
L 7.49200178 24.75799976 8.00000178 23.74199976 0 P 0
L 7.49200178 24.75799976 8.50800178 24.75799976 0 P 0
L 7.49200178 26.2579993 8.00000178 25.2419993 0 P 0
L 7.49200178 26.2579993 8.50800178 26.2579993 0 P 0
L 7.49200178 27.75799884 8.00000178 26.74199884 0 P 0
L 7.49200178 27.75799884 8.50800178 27.75799884 0 P 0
L 7.49200178 29.25799838 8.00000178 28.24199838 0 P 0
L 7.49200178 29.25799838 8.50800178 29.25799838 0 P 0
L 7.49200178 30.75799792 8.00000178 29.74199792 0 P 0
L 7.49200178 30.75799792 8.50800178 30.75799792 0 P 0
L 7.55000014 36.51700088 8.05800014 37.53300088 0 P 0
L 7.55000014 37.7419997 8.05800014 38.7579997 0 P 0
L 7.55000014 38.74200024 8.05800014 39.75800024 0 P 0
L 7.64199894 38.13299968 8.14999894 37.11699968 0 P 0
L 7.64199894 38.13299968 8.65799894 38.13299968 0 P 0
L 7.64199894 39.35800104 8.14999894 38.34200104 0 P 0
L 7.64199894 39.35800104 8.65799894 39.35800104 0 P 0
L 7.69800086 3.71199918 7.69800086 4.72799918 0 P 0
L 7.69999984 17.74199906 8.20799984 18.75799906 0 P 0
L 7.69999984 20.94200028 8.20799984 21.95800028 0 P 0
L 7.71700006 31.50799896 8.22500006 30.49199896 0 P 0
L 7.71700006 31.50799896 8.73300006 31.50799896 0 P 0
L 7.81699986 21.95800028 8.32499986 20.94200028 0 P 0
L 7.81699986 21.95800028 8.83299986 21.95800028 0 P 0
L 7.87500076 12.11699888 8.38300076 13.13299888 0 P 0
L 8.00000178 22.24200022 8.50800178 23.25800022 0 P 0
L 8.00000178 23.74199976 8.50800178 24.75799976 0 P 0
L 8.00000178 25.2419993 8.50800178 26.2579993 0 P 0
L 8.00000178 26.74199884 8.50800178 27.75799884 0 P 0
L 8.00000178 28.24199838 8.50800178 29.25799838 0 P 0
L 8.00000178 29.74199792 8.50800178 30.75799792 0 P 0
L 8.14999894 37.11699968 8.65799894 38.13299968 0 P 0
L 8.14999894 38.34200104 8.65799894 39.35800104 0 P 0
L 8.22500006 30.49199896 8.73300006 31.50799896 0 P 0
L 8.32499986 20.94200028 8.83299986 21.95800028 0 P 0
L 8.49199978 19.38299908 8.99999978 18.36699908 0 P 0
L 8.49199978 19.38299908 9.50799978 19.38299908 0 P 0
L 8.517001 13.13299888 9.025001 12.11699888 0 P 0
L 8.517001 13.13299888 9.533001 13.13299888 0 P 0
L 8.99200132 23.25800022 9.50000132 22.24200022 0 P 0
L 8.99200132 23.25800022 10.00800132 23.25800022 0 P 0
L 8.99200132 24.75799976 9.50000132 23.74199976 0 P 0
L 8.99200132 24.75799976 10.00800132 24.75799976 0 P 0
L 8.99200132 26.2579993 9.50000132 25.2419993 0 P 0
L 8.99200132 26.2579993 10.00800132 26.2579993 0 P 0
L 8.99200132 27.75799884 9.50000132 26.74199884 0 P 0
L 8.99200132 27.75799884 10.00800132 27.75799884 0 P 0
L 8.99200132 29.25799838 9.50000132 28.24199838 0 P 0
L 8.99200132 29.25799838 10.00800132 29.25799838 0 P 0
L 8.99999978 18.36699908 9.50799978 19.38299908 0 P 0
L 9.025001 12.11699888 9.533001 13.13299888 0 P 0
L 9.2169996 8.38300076 9.7249996 7.36700076 0 P 0
L 9.2169996 8.38300076 10.2329996 8.38300076 0 P 0
L 9.2169996 34.13300006 9.7249996 33.11700006 0 P 0
L 9.2169996 34.13300006 10.2329996 34.13300006 0 P 0
L 9.2169996 36.45799922 9.7249996 35.44199922 0 P 0
L 9.2169996 36.45799922 10.2329996 36.45799922 0 P 0
L 9.22200086 3.71199918 9.22200086 4.72799918 0 P 0
L 9.22200086 3.71199918 10.23800086 3.71199918 0 P 0
L 9.22200086 4.72799918 10.23800086 4.72799918 0 P 0
L 9.29200072 21.75800068 9.80000072 20.74200068 0 P 0
L 9.29200072 21.75800068 10.30800072 21.75800068 0 P 0
L 9.50000132 22.24200022 10.00800132 23.25800022 0 P 0
L 9.50000132 23.74199976 10.00800132 24.75799976 0 P 0
L 9.50000132 25.2419993 10.00800132 26.2579993 0 P 0
L 9.50000132 26.74199884 10.00800132 27.75799884 0 P 0
L 9.50000132 28.24199838 10.00800132 29.25799838 0 P 0
L 9.7249996 7.36700076 10.2329996 8.38300076 0 P 0
L 9.7249996 33.11700006 10.2329996 34.13300006 0 P 0
L 9.7249996 35.44199922 10.2329996 36.45799922 0 P 0
L 9.74199982 16.95800012 10.24999982 15.94200012 0 P 0
L 9.74199982 16.95800012 10.75799982 16.95800012 0 P 0
L 9.80000072 20.74200068 10.30800072 21.75800068 0 P 0
L 9.86700084 33.70799964 10.37500084 32.69199964 0 P 0
L 9.86700084 33.70799964 10.88300084 33.70799964 0 P 0
L 9.86700084 37.03299934 10.37500084 36.01699934 0 P 0
L 9.86700084 37.03299934 10.88300084 37.03299934 0 P 0
L 10.09199912 19.38299908 10.59999912 18.36699908 0 P 0
L 10.09199912 19.38299908 11.10799912 19.38299908 0 P 0
L 10.23800086 3.71199918 10.23800086 4.72799918 0 P 0
L 10.24999982 15.94200012 10.75799982 16.95800012 0 P 0
L 10.37500084 32.69199964 10.88300084 33.70799964 0 P 0
L 10.37500084 36.01699934 10.88300084 37.03299934 0 P 0
L 10.49200086 9.08299936 11.00000086 8.06699936 0 P 0
L 10.49200086 9.08299936 11.50800086 9.08299936 0 P 0
L 10.49200086 12.13300088 11.00000086 11.11700088 0 P 0
L 10.49200086 12.13300088 11.50800086 12.13300088 0 P 0
L 10.49200086 34.38299956 11.00000086 33.36699956 0 P 0
L 10.49200086 34.38299956 11.50800086 34.38299956 0 P 0
L 10.49200086 35.25799654 11.00000086 34.24199654 0 P 0
L 10.49200086 35.25799654 11.50800086 35.25799654 0 P 0
L 10.49200086 36.45799922 11.00000086 35.44199922 0 P 0
L 10.49200086 36.45799922 11.50800086 36.45799922 0 P 0
L 10.59999912 18.36699908 11.10799912 19.38299908 0 P 0
L 10.89200006 19.4080003 11.40000006 18.3920003 0 P 0
L 10.89200006 19.4080003 11.90800006 19.4080003 0 P 0
L 11.00000086 8.06699936 11.50800086 9.08299936 0 P 0
L 11.00000086 11.11700088 11.50800086 12.13300088 0 P 0
L 11.00000086 33.36699956 11.50800086 34.38299956 0 P 0
L 11.00000086 34.24199654 11.50800086 35.25799654 0 P 0
L 11.00000086 35.44199922 11.50800086 36.45799922 0 P 0
L 11.11700088 33.70799964 11.62500088 32.69199964 0 P 0
L 11.11700088 33.70799964 12.13300088 33.70799964 0 P 0
L 11.11700088 37.03299934 11.62500088 36.01699934 0 P 0
L 11.11700088 37.03299934 12.13300088 37.03299934 0 P 0
L 11.40000006 18.3920003 11.90800006 19.4080003 0 P 0
L 11.62500088 32.69199964 12.13300088 33.70799964 0 P 0
L 11.62500088 36.01699934 12.13300088 37.03299934 0 P 0
L 11.692001 17.85800086 12.200001 16.84200086 0 P 0
L 11.692001 17.85800086 12.708001 17.85800086 0 P 0
L 11.76200086 3.71199918 11.76200086 4.72799918 0 P 0
L 11.76200086 3.71199918 12.77800086 3.71199918 0 P 0
L 11.76200086 4.72799918 12.77800086 4.72799918 0 P 0
L 11.76699958 9.08299936 12.27499958 8.06699936 0 P 0
L 11.76699958 9.08299936 12.78299958 9.08299936 0 P 0
L 11.76699958 34.13300006 12.27499958 33.11700006 0 P 0
L 11.76699958 34.13300006 12.78299958 34.13300006 0 P 0
L 11.76699958 36.45799922 12.27499958 35.44199922 0 P 0
L 11.76699958 36.45799922 12.78299958 36.45799922 0 P 0
L 11.9920004 23.25800022 12.5000004 22.24200022 0 P 0
L 11.9920004 23.25800022 13.0080004 23.25800022 0 P 0
L 11.9920004 24.75799976 12.5000004 23.74199976 0 P 0
L 11.9920004 24.75799976 13.0080004 24.75799976 0 P 0
L 11.9920004 26.2579993 12.5000004 25.2419993 0 P 0
L 11.9920004 26.2579993 13.0080004 26.2579993 0 P 0
L 12.200001 16.84200086 12.708001 17.85800086 0 P 0
L 12.27499958 8.06699936 12.78299958 9.08299936 0 P 0
L 12.27499958 33.11700006 12.78299958 34.13300006 0 P 0
L 12.27499958 35.44199922 12.78299958 36.45799922 0 P 0
L 12.36700092 15.55800038 12.87500092 14.54200038 0 P 0
L 12.36700092 15.55800038 13.38300092 15.55800038 0 P 0
L 12.4919994 18.37980068 12.9999994 17.36380068 0 P 0
L 12.4919994 18.37980068 13.5079994 18.37980068 0 P 0
L 12.5000004 22.24200022 13.0080004 23.25800022 0 P 0
L 12.5000004 23.74199976 13.0080004 24.75799976 0 P 0
L 12.5000004 25.2419993 13.0080004 26.2579993 0 P 0
L 12.6419991 27.75799884 13.1499991 26.74199884 0 P 0
L 12.6419991 27.75799884 13.6579991 27.75799884 0 P 0
L 12.77800086 3.71199918 12.77800086 4.72799918 0 P 0
L 12.87500092 14.54200038 13.38300092 15.55800038 0 P 0
L 12.99200094 14.45800004 13.50000094 13.44200004 0 P 0
L 12.99200094 14.45800004 14.00800094 14.45800004 0 P 0
L 12.9999994 17.36380068 13.5079994 18.37980068 0 P 0
L 13.1499991 26.74199884 13.6579991 27.75799884 0 P 0
L 13.16699932 21.95800028 13.67499932 20.94200028 0 P 0
L 13.16699932 21.95800028 14.18299932 21.95800028 0 P 0
L 13.26699912 38.1580009 13.77499912 37.1420009 0 P 0
L 13.26699912 38.1580009 14.28299912 38.1580009 0 P 0
L 13.26699912 39.35800104 13.77499912 38.34200104 0 P 0
L 13.26699912 39.35800104 14.28299912 39.35800104 0 P 0
L 13.42745092 31.76119886 13.93545092 30.74519886 0 P 0
L 13.42745092 31.76119886 14.44345092 31.76119886 0 P 0
L 13.49199994 23.25800022 13.99999994 22.24200022 0 P 0
L 13.49199994 23.25800022 14.50799994 23.25800022 0 P 0
L 13.49199994 24.75799976 13.99999994 23.74199976 0 P 0
L 13.49199994 24.75799976 14.50799994 24.75799976 0 P 0
L 13.49199994 26.2579993 13.99999994 25.2419993 0 P 0
L 13.49199994 26.2579993 14.50799994 26.2579993 0 P 0
L 13.49199994 27.75799884 13.99999994 26.74199884 0 P 0
L 13.49199994 27.75799884 14.50799994 27.75799884 0 P 0
L 13.50000094 13.44200004 14.00800094 14.45800004 0 P 0
L 13.67499932 20.94200028 14.18299932 21.95800028 0 P 0
L 13.77499912 37.1420009 14.28299912 38.1580009 0 P 0
L 13.77499912 38.34200104 14.28299912 39.35800104 0 P 0
L 13.79129576 21.95230052 14.29929576 20.93630052 0 P 0
L 13.79129576 21.95230052 14.80729576 21.95230052 0 P 0
L 13.79199934 19.13299958 14.29999934 18.11699958 0 P 0
L 13.79199934 19.13299958 14.80799934 19.13299958 0 P 0
L 13.93545092 30.74519886 14.44345092 31.76119886 0 P 0
L 13.94199904 37.53300088 14.44999904 36.51700088 0 P 0
L 13.94199904 37.53300088 14.95799904 37.53300088 0 P 0
L 13.94199904 38.7579997 14.44999904 37.7419997 0 P 0
L 13.94199904 38.7579997 14.95799904 38.7579997 0 P 0
L 13.94199904 39.75800024 14.44999904 38.74200024 0 P 0
L 13.94199904 39.75800024 14.95799904 39.75800024 0 P 0
L 13.99999994 22.24200022 14.50799994 23.25800022 0 P 0
L 13.99999994 23.74199976 14.50799994 24.75799976 0 P 0
L 13.99999994 25.2419993 14.50799994 26.2579993 0 P 0
L 13.99999994 26.74199884 14.50799994 27.75799884 0 P 0
L 14.29929576 20.93630052 14.80729576 21.95230052 0 P 0
L 14.29999934 18.11699958 14.80799934 19.13299958 0 P 0
L 14.30200086 3.71199918 14.30200086 4.72799918 0 P 0
L 14.30200086 3.71199918 15.31800086 3.71199918 0 P 0
L 14.30200086 4.72799918 15.31800086 4.72799918 0 P 0
L 14.41699936 21.95800028 14.92499936 20.94200028 0 P 0
L 14.41699936 21.95800028 15.43299936 21.95800028 0 P 0
L 14.44999904 36.51700088 14.95799904 37.53300088 0 P 0
L 14.44999904 37.7419997 14.95799904 38.7579997 0 P 0
L 14.44999904 38.74200024 14.95799904 39.75800024 0 P 0
L 14.49200048 33.50800004 15.00000048 32.49200004 0 P 0
L 14.49200048 33.50800004 15.50800048 33.50800004 0 P 0
L 14.7961731 31.81517386 15.3041731 30.79917386 0 P 0
L 14.7961731 31.81517386 15.8121731 31.81517386 0 P 0
L 14.92499936 20.94200028 15.43299936 21.95800028 0 P 0
L 14.99199948 24.75799976 15.49999948 23.74199976 0 P 0
L 14.99199948 24.75799976 16.00799948 24.75799976 0 P 0
L 14.99199948 26.2579993 15.49999948 25.2419993 0 P 0
L 14.99199948 26.2579993 16.00799948 26.2579993 0 P 0
L 14.99199948 35.25799654 15.49999948 34.24199654 0 P 0
L 14.99199948 35.25799654 16.00799948 35.25799654 0 P 0
L 14.99199948 36.75799608 15.49999948 35.74199608 0 P 0
L 14.99199948 36.75799608 16.00799948 36.75799608 0 P 0
L 14.99199948 38.25799562 15.49999948 37.24199562 0 P 0
L 14.99199948 38.25799562 16.00799948 38.25799562 0 P 0
L 14.99199948 39.75799516 15.49999948 38.74199516 0 P 0
L 14.99199948 39.75799516 16.00799948 39.75799516 0 P 0
L 15.00000048 32.49200004 15.50800048 33.50800004 0 P 0
L 15.09199928 22.75800122 15.59999928 21.74200122 0 P 0
L 15.09199928 22.75800122 16.10799928 22.75800122 0 P 0
L 15.3041731 30.79917386 15.8121731 31.81517386 0 P 0
L 15.31800086 3.71199918 15.31800086 4.72799918 0 P 0
L 15.49999948 23.74199976 16.00799948 24.75799976 0 P 0
L 15.49999948 25.2419993 16.00799948 26.2579993 0 P 0
L 15.49999948 34.24199654 16.00799948 35.25799654 0 P 0
L 15.49999948 35.74199608 16.00799948 36.75799608 0 P 0
L 15.49999948 37.24199562 16.00799948 38.25799562 0 P 0
L 15.49999948 38.74199516 16.00799948 39.75799516 0 P 0
L 15.59999928 21.74200122 16.10799928 22.75800122 0 P 0
L 15.74200052 31.9580006 16.25000052 30.9420006 0 P 0
L 15.74200052 31.9580006 16.75800052 31.9580006 0 P 0
L 15.74200052 33.50800004 16.25000052 32.49200004 0 P 0
L 15.74200052 33.50800004 16.75800052 33.50800004 0 P 0
L 16.25000052 30.9420006 16.75800052 31.9580006 0 P 0
L 16.25000052 32.49200004 16.75800052 33.50800004 0 P 0
L 16.49199902 21.75800068 16.99999902 20.74200068 0 P 0
L 16.49199902 21.75800068 17.50799902 21.75800068 0 P 0
L 16.49199902 23.25800022 16.99999902 22.24200022 0 P 0
L 16.49199902 23.25800022 17.50799902 23.25800022 0 P 0
L 16.49199902 24.75799976 16.99999902 23.74199976 0 P 0
L 16.49199902 24.75799976 17.50799902 24.75799976 0 P 0
L 16.49199902 26.2579993 16.99999902 25.2419993 0 P 0
L 16.49199902 26.2579993 17.50799902 26.2579993 0 P 0
L 16.49199902 27.75799884 16.99999902 26.74199884 0 P 0
L 16.49199902 27.75799884 17.50799902 27.75799884 0 P 0
L 16.49199902 29.25799838 16.99999902 28.24199838 0 P 0
L 16.49199902 29.25799838 17.50799902 29.25799838 0 P 0
L 16.49199902 35.25799654 16.99999902 34.24199654 0 P 0
L 16.49199902 35.25799654 17.50799902 35.25799654 0 P 0
L 16.49199902 36.75799608 16.99999902 35.74199608 0 P 0
L 16.49199902 36.75799608 17.50799902 36.75799608 0 P 0
L 16.49199902 38.25799562 16.99999902 37.24199562 0 P 0
L 16.49199902 38.25799562 17.50799902 38.25799562 0 P 0
L 16.49199902 39.75799516 16.99999902 38.74199516 0 P 0
L 16.49199902 39.75799516 17.50799902 39.75799516 0 P 0
L 16.51700024 32.757999 17.02500024 31.741999 0 P 0
L 16.51700024 32.757999 17.53300024 32.757999 0 P 0
L 16.61700004 20.83300126 17.12500004 19.81700126 0 P 0
L 16.61700004 20.83300126 17.63300004 20.83300126 0 P 0
L 16.84200086 3.71199918 16.84200086 4.72799918 0 P 0
L 16.84200086 3.71199918 17.85800086 3.71199918 0 P 0
L 16.84200086 4.72799918 17.85800086 4.72799918 0 P 0
L 16.99999902 20.74200068 17.50799902 21.75800068 0 P 0
L 16.99999902 22.24200022 17.50799902 23.25800022 0 P 0
L 16.99999902 23.74199976 17.50799902 24.75799976 0 P 0
L 16.99999902 25.2419993 17.50799902 26.2579993 0 P 0
L 16.99999902 26.74199884 17.50799902 27.75799884 0 P 0
L 16.99999902 28.24199838 17.50799902 29.25799838 0 P 0
L 16.99999902 34.24199654 17.50799902 35.25799654 0 P 0
L 16.99999902 35.74199608 17.50799902 36.75799608 0 P 0
L 16.99999902 37.24199562 17.50799902 38.25799562 0 P 0
L 16.99999902 38.74199516 17.50799902 39.75799516 0 P 0
L 17.02500024 31.741999 17.53300024 32.757999 0 P 0
L 17.12500004 19.81700126 17.63300004 20.83300126 0 P 0
L 17.85800086 3.71199918 17.85800086 4.72799918 0 P 0
L 17.99199856 23.25800022 18.49999856 22.24200022 0 P 0
L 17.99199856 23.25800022 19.00799856 23.25800022 0 P 0
L 17.99199856 24.75799976 18.49999856 23.74199976 0 P 0
L 17.99199856 24.75799976 19.00799856 24.75799976 0 P 0
L 17.99199856 26.2579993 18.49999856 25.2419993 0 P 0
L 17.99199856 26.2579993 19.00799856 26.2579993 0 P 0
L 17.99199856 27.75799884 18.49999856 26.74199884 0 P 0
L 17.99199856 27.75799884 19.00799856 27.75799884 0 P 0
L 17.99199856 29.25799838 18.49999856 28.24199838 0 P 0
L 17.99199856 29.25799838 19.00799856 29.25799838 0 P 0
L 17.99199856 30.75799792 18.49999856 29.74199792 0 P 0
L 17.99199856 30.75799792 19.00799856 30.75799792 0 P 0
L 17.99199856 32.25799746 18.49999856 31.24199746 0 P 0
L 17.99199856 32.25799746 19.00799856 32.25799746 0 P 0
L 17.99199856 33.757997 18.49999856 32.741997 0 P 0
L 17.99199856 33.757997 19.00799856 33.757997 0 P 0
L 17.99199856 35.25799654 18.49999856 34.24199654 0 P 0
L 17.99199856 35.25799654 19.00799856 35.25799654 0 P 0
L 17.99199856 36.75799608 18.49999856 35.74199608 0 P 0
L 17.99199856 36.75799608 19.00799856 36.75799608 0 P 0
L 17.99199856 38.25799562 18.49999856 37.24199562 0 P 0
L 17.99199856 38.25799562 19.00799856 38.25799562 0 P 0
L 17.99199856 39.75799516 18.49999856 38.74199516 0 P 0
L 17.99199856 39.75799516 19.00799856 39.75799516 0 P 0
L 17.9920011 9.49200032 18.2460011 10.00000032 0 P 0
L 17.9920011 9.49200032 18.5000011 9.74600032 0 P 0
L 17.9920011 10.50800032 18.2460011 10.00000032 0 P 0
L 17.9920011 10.50800032 18.5000011 10.25400032 0 P 0
L 17.9920011 20.83300126 18.5000011 19.81700126 0 P 0
L 17.9920011 20.83300126 19.0080011 20.83300126 0 P 0
L 17.9920011 21.75800068 18.5000011 20.74200068 0 P 0
L 17.9920011 21.75800068 19.0080011 21.75800068 0 P 0
L 18.41699898 19.38299908 18.92499898 18.36699908 0 P 0
L 18.41699898 19.38299908 19.43299898 19.38299908 0 P 0
L 18.49999856 22.24200022 19.00799856 23.25800022 0 P 0
L 18.49999856 23.74199976 19.00799856 24.75799976 0 P 0
L 18.49999856 25.2419993 19.00799856 26.2579993 0 P 0
L 18.49999856 26.74199884 19.00799856 27.75799884 0 P 0
L 18.49999856 28.24199838 19.00799856 29.25799838 0 P 0
L 18.49999856 29.74199792 19.00799856 30.75799792 0 P 0
L 18.49999856 31.24199746 19.00799856 32.25799746 0 P 0
L 18.49999856 32.741997 19.00799856 33.757997 0 P 0
L 18.49999856 34.24199654 19.00799856 35.25799654 0 P 0
L 18.49999856 35.74199608 19.00799856 36.75799608 0 P 0
L 18.49999856 37.24199562 19.00799856 38.25799562 0 P 0
L 18.49999856 38.74199516 19.00799856 39.75799516 0 P 0
L 18.5000011 9.74600032 19.0080011 9.49200032 0 P 0
L 18.5000011 10.25400032 19.0080011 10.50800032 0 P 0
L 18.5000011 19.81700126 19.0080011 20.83300126 0 P 0
L 18.5000011 20.74200068 19.0080011 21.75800068 0 P 0
L 18.7540011 10.00000032 19.0080011 9.49200032 0 P 0
L 18.7540011 10.00000032 19.0080011 10.50800032 0 P 0
L 18.92499898 18.36699908 19.43299898 19.38299908 0 P 0
L 19.38200086 3.71199918 19.38200086 4.72799918 0 P 0
L 19.38200086 3.71199918 20.39800086 3.71199918 0 P 0
L 19.38200086 4.72799918 20.39800086 4.72799918 0 P 0
L 19.4919981 23.25800022 19.9999981 22.24200022 0 P 0
L 19.4919981 23.25800022 20.5079981 23.25800022 0 P 0
L 19.4919981 24.75799976 19.9999981 23.74199976 0 P 0
L 19.4919981 24.75799976 20.5079981 24.75799976 0 P 0
L 19.4919981 26.2579993 19.9999981 25.2419993 0 P 0
L 19.4919981 26.2579993 20.5079981 26.2579993 0 P 0
L 19.4919981 27.75799884 19.9999981 26.74199884 0 P 0
L 19.4919981 27.75799884 20.5079981 27.75799884 0 P 0
L 19.4919981 29.25799838 19.9999981 28.24199838 0 P 0
L 19.4919981 29.25799838 20.5079981 29.25799838 0 P 0
L 19.4919981 30.75799792 19.9999981 29.74199792 0 P 0
L 19.4919981 30.75799792 20.5079981 30.75799792 0 P 0
L 19.4919981 32.25799746 19.9999981 31.24199746 0 P 0
L 19.4919981 32.25799746 20.5079981 32.25799746 0 P 0
L 19.4919981 33.757997 19.9999981 32.741997 0 P 0
L 19.4919981 33.757997 20.5079981 33.757997 0 P 0
L 19.4919981 35.25799654 19.9999981 34.24199654 0 P 0
L 19.4919981 35.25799654 20.5079981 35.25799654 0 P 0
L 19.4919981 36.75799608 19.9999981 35.74199608 0 P 0
L 19.4919981 36.75799608 20.5079981 36.75799608 0 P 0
L 19.4919981 38.25799562 19.9999981 37.24199562 0 P 0
L 19.4919981 38.25799562 20.5079981 38.25799562 0 P 0
L 19.4919981 39.75799516 19.9999981 38.74199516 0 P 0
L 19.4919981 39.75799516 20.5079981 39.75799516 0 P 0
L 19.49200064 20.83300126 20.00000064 19.81700126 0 P 0
L 19.49200064 20.83300126 20.50800064 20.83300126 0 P 0
L 19.49200064 21.75800068 20.00000064 20.74200068 0 P 0
L 19.49200064 21.75800068 20.50800064 21.75800068 0 P 0
L 19.9999981 22.24200022 20.5079981 23.25800022 0 P 0
L 19.9999981 23.74199976 20.5079981 24.75799976 0 P 0
L 19.9999981 25.2419993 20.5079981 26.2579993 0 P 0
L 19.9999981 26.74199884 20.5079981 27.75799884 0 P 0
L 19.9999981 28.24199838 20.5079981 29.25799838 0 P 0
L 19.9999981 29.74199792 20.5079981 30.75799792 0 P 0
L 19.9999981 31.24199746 20.5079981 32.25799746 0 P 0
L 19.9999981 32.741997 20.5079981 33.757997 0 P 0
L 19.9999981 34.24199654 20.5079981 35.25799654 0 P 0
L 19.9999981 35.74199608 20.5079981 36.75799608 0 P 0
L 19.9999981 37.24199562 20.5079981 38.25799562 0 P 0
L 19.9999981 38.74199516 20.5079981 39.75799516 0 P 0
L 20.00000064 19.81700126 20.50800064 20.83300126 0 P 0
L 20.00000064 20.74200068 20.50800064 21.75800068 0 P 0
L 20.39800086 3.71199918 20.39800086 4.72799918 0 P 0
L 20.74200068 20.83300126 21.25000068 19.81700126 0 P 0
L 20.74200068 20.83300126 21.75800068 20.83300126 0 P 0
L 20.74200068 21.75800068 21.25000068 20.74200068 0 P 0
L 20.74200068 21.75800068 21.75800068 21.75800068 0 P 0
L 20.74200068 23.25800022 21.25000068 22.24200022 0 P 0
L 20.74200068 23.25800022 21.75800068 23.25800022 0 P 0
L 20.74200068 24.75799976 21.25000068 23.74199976 0 P 0
L 20.74200068 24.75799976 21.75800068 24.75799976 0 P 0
L 20.74200068 26.2579993 21.25000068 25.2419993 0 P 0
L 20.74200068 26.2579993 21.75800068 26.2579993 0 P 0
L 20.74200068 27.75799884 21.25000068 26.74199884 0 P 0
L 20.74200068 27.75799884 21.75800068 27.75799884 0 P 0
L 20.74200068 29.25800092 21.25000068 28.24200092 0 P 0
L 20.74200068 29.25800092 21.75800068 29.25800092 0 P 0
L 20.74200068 30.75800046 21.25000068 29.74200046 0 P 0
L 20.74200068 30.75800046 21.75800068 30.75800046 0 P 0
L 20.74200068 32.258 21.25000068 31.242 0 P 0
L 20.74200068 32.258 21.75800068 32.258 0 P 0
L 20.74200068 33.75799954 21.25000068 32.74199954 0 P 0
L 20.74200068 33.75799954 21.75800068 33.75799954 0 P 0
L 20.74200068 35.30799898 21.25000068 34.29199898 0 P 0
L 20.74200068 35.30799898 21.75800068 35.30799898 0 P 0
L 20.74200068 36.75799862 21.25000068 35.74199862 0 P 0
L 20.74200068 36.75799862 21.75800068 36.75799862 0 P 0
L 20.74200068 38.2080008 21.25000068 37.1920008 0 P 0
L 20.74200068 38.2080008 21.75800068 38.2080008 0 P 0
L 20.74200068 39.75800024 21.25000068 38.74200024 0 P 0
L 20.74200068 39.75800024 21.75800068 39.75800024 0 P 0
L 21.25000068 19.81700126 21.75800068 20.83300126 0 P 0
L 21.25000068 20.74200068 21.75800068 21.75800068 0 P 0
L 21.25000068 22.24200022 21.75800068 23.25800022 0 P 0
L 21.25000068 23.74199976 21.75800068 24.75799976 0 P 0
L 21.25000068 25.2419993 21.75800068 26.2579993 0 P 0
L 21.25000068 26.74199884 21.75800068 27.75799884 0 P 0
L 21.25000068 28.24200092 21.75800068 29.25800092 0 P 0
L 21.25000068 29.74200046 21.75800068 30.75800046 0 P 0
L 21.25000068 31.242 21.75800068 32.258 0 P 0
L 21.25000068 32.74199954 21.75800068 33.75799954 0 P 0
L 21.25000068 34.29199898 21.75800068 35.30799898 0 P 0
L 21.25000068 35.74199862 21.75800068 36.75799862 0 P 0
L 21.25000068 37.1920008 21.75800068 38.2080008 0 P 0
L 21.25000068 38.74200024 21.75800068 39.75800024 0 P 0
