UNITS=MM
#Layer_Color=9474304
#
#Feature symbol names
#
$0 r127
$1 r169.33164

#
#Feature attribute names
#

#
#Layer features
#
A 8.96800086 10.0100003 8.96800086 10.0100003 8.46000086 10.0100003 1 P 0 N
A 14.04800086 8.9940003 14.04800086 8.9940003 13.54000086 8.9940003 1 P 0 N
A 14.04800086 11.0260003 14.04800086 11.0260003 13.54000086 11.0260003 1 P 0 N
L 0.24200104 19.81700126 0.49600104 20.32500126 0 P 0
L 0.24200104 19.81700126 0.75000104 20.07100126 0 P 0
L 0.24200104 20.83300126 0.49600104 20.32500126 0 P 0
L 0.24200104 20.83300126 0.75000104 20.57900126 0 P 0
L 0.24200104 21.19199978 0.49600104 21.69999978 0 P 0
L 0.24200104 21.19199978 0.75000104 21.44599978 0 P 0
L 0.24200104 22.20799978 0.49600104 21.69999978 0 P 0
L 0.24200104 22.20799978 0.75000104 21.95399978 0 P 0
L 0.24200104 22.69199932 0.49600104 23.19999932 0 P 0
L 0.24200104 22.69199932 0.75000104 22.94599932 0 P 0
L 0.24200104 23.70799932 0.49600104 23.19999932 0 P 0
L 0.24200104 23.70799932 0.75000104 23.45399932 0 P 0
L 0.24200104 24.19199886 0.49600104 24.69999886 0 P 0
L 0.24200104 24.19199886 0.75000104 24.44599886 0 P 0
L 0.24200104 25.20799886 0.49600104 24.69999886 0 P 0
L 0.24200104 25.20799886 0.75000104 24.95399886 0 P 0
L 0.24200104 25.69200094 0.49600104 26.20000094 0 P 0
L 0.24200104 25.69200094 0.75000104 25.94600094 0 P 0
L 0.24200104 26.70800094 0.49600104 26.20000094 0 P 0
L 0.24200104 26.70800094 0.75000104 26.45400094 0 P 0
L 0.24200104 27.19200048 0.49600104 27.70000048 0 P 0
L 0.24200104 27.19200048 0.75000104 27.44600048 0 P 0
L 0.24200104 28.20800048 0.49600104 27.70000048 0 P 0
L 0.24200104 28.20800048 0.75000104 27.95400048 0 P 0
L 0.24200104 28.69200002 0.49600104 29.20000002 0 P 0
L 0.24200104 28.69200002 0.75000104 28.94600002 0 P 0
L 0.24200104 29.70800002 0.49600104 29.20000002 0 P 0
L 0.24200104 29.70800002 0.75000104 29.45400002 0 P 0
L 0.24200104 30.19199956 0.49600104 30.69999956 0 P 0
L 0.24200104 30.19199956 0.75000104 30.44599956 0 P 0
L 0.24200104 31.20799956 0.49600104 30.69999956 0 P 0
L 0.24200104 31.20799956 0.75000104 30.95399956 0 P 0
L 0.24200104 31.6919991 0.49600104 32.1999991 0 P 0
L 0.24200104 31.6919991 0.75000104 31.9459991 0 P 0
L 0.24200104 32.7079991 0.49600104 32.1999991 0 P 0
L 0.24200104 32.7079991 0.75000104 32.4539991 0 P 0
L 0.24200104 33.19200118 0.49600104 33.70000118 0 P 0
L 0.24200104 33.19200118 0.75000104 33.44600118 0 P 0
L 0.24200104 34.20800118 0.49600104 33.70000118 0 P 0
L 0.24200104 34.20800118 0.75000104 33.95400118 0 P 0
L 0.24200104 34.69200072 0.49600104 35.20000072 0 P 0
L 0.24200104 34.69200072 0.75000104 34.94600072 0 P 0
L 0.24200104 35.70800072 0.49600104 35.20000072 0 P 0
L 0.24200104 35.70800072 0.75000104 35.45400072 0 P 0
L 0.75000104 20.07100126 1.25800104 19.81700126 0 P 0
L 0.75000104 20.57900126 1.25800104 20.83300126 0 P 0
L 0.75000104 21.44599978 1.25800104 21.19199978 0 P 0
L 0.75000104 21.95399978 1.25800104 22.20799978 0 P 0
L 0.75000104 22.94599932 1.25800104 22.69199932 0 P 0
L 0.75000104 23.45399932 1.25800104 23.70799932 0 P 0
L 0.75000104 24.44599886 1.25800104 24.19199886 0 P 0
L 0.75000104 24.95399886 1.25800104 25.20799886 0 P 0
L 0.75000104 25.94600094 1.25800104 25.69200094 0 P 0
L 0.75000104 26.45400094 1.25800104 26.70800094 0 P 0
L 0.75000104 27.44600048 1.25800104 27.19200048 0 P 0
L 0.75000104 27.95400048 1.25800104 28.20800048 0 P 0
L 0.75000104 28.94600002 1.25800104 28.69200002 0 P 0
L 0.75000104 29.45400002 1.25800104 29.70800002 0 P 0
L 0.75000104 30.44599956 1.25800104 30.19199956 0 P 0
L 0.75000104 30.95399956 1.25800104 31.20799956 0 P 0
L 0.75000104 31.9459991 1.25800104 31.6919991 0 P 0
L 0.75000104 32.4539991 1.25800104 32.7079991 0 P 0
L 0.75000104 33.44600118 1.25800104 33.19200118 0 P 0
L 0.75000104 33.95400118 1.25800104 34.20800118 0 P 0
L 0.75000104 34.94600072 1.25800104 34.69200072 0 P 0
L 0.75000104 35.45400072 1.25800104 35.70800072 0 P 0
L 1.00400104 20.32500126 1.25800104 19.81700126 0 P 0
L 1.00400104 20.32500126 1.25800104 20.83300126 0 P 0
L 1.00400104 21.69999978 1.25800104 21.19199978 0 P 0
L 1.00400104 21.69999978 1.25800104 22.20799978 0 P 0
L 1.00400104 23.19999932 1.25800104 22.69199932 0 P 0
L 1.00400104 23.19999932 1.25800104 23.70799932 0 P 0
L 1.00400104 24.69999886 1.25800104 24.19199886 0 P 0
L 1.00400104 24.69999886 1.25800104 25.20799886 0 P 0
L 1.00400104 26.20000094 1.25800104 25.69200094 0 P 0
L 1.00400104 26.20000094 1.25800104 26.70800094 0 P 0
L 1.00400104 27.70000048 1.25800104 27.19200048 0 P 0
L 1.00400104 27.70000048 1.25800104 28.20800048 0 P 0
L 1.00400104 29.20000002 1.25800104 28.69200002 0 P 0
L 1.00400104 29.20000002 1.25800104 29.70800002 0 P 0
L 1.00400104 30.69999956 1.25800104 30.19199956 0 P 0
L 1.00400104 30.69999956 1.25800104 31.20799956 0 P 0
L 1.00400104 32.1999991 1.25800104 31.6919991 0 P 0
L 1.00400104 32.1999991 1.25800104 32.7079991 0 P 0
L 1.00400104 33.70000118 1.25800104 33.19200118 0 P 0
L 1.00400104 33.70000118 1.25800104 34.20800118 0 P 0
L 1.00400104 35.20000072 1.25800104 34.69200072 0 P 0
L 1.00400104 35.20000072 1.25800104 35.70800072 0 P 0
L 1.49200108 19.81700126 1.74600108 20.32500126 0 P 0
L 1.49200108 19.81700126 2.00000108 20.07100126 0 P 0
L 1.49200108 20.83300126 1.74600108 20.32500126 0 P 0
L 1.49200108 20.83300126 2.00000108 20.57900126 0 P 0
L 1.49200108 21.19199978 1.74600108 21.69999978 0 P 0
L 1.49200108 21.19199978 2.00000108 21.44599978 0 P 0
L 1.49200108 22.20799978 1.74600108 21.69999978 0 P 0
L 1.49200108 22.20799978 2.00000108 21.95399978 0 P 0
L 1.49200362 22.6920044 1.74600362 23.2000044 0 P 0
L 1.49200362 22.6920044 2.00000362 22.9460044 0 P 0
L 1.49200362 23.7080044 1.74600362 23.2000044 0 P 0
L 1.49200362 23.7080044 2.00000362 23.4540044 0 P 0
L 1.49200362 24.19200394 1.74600362 24.70000394 0 P 0
L 1.49200362 24.19200394 2.00000362 24.44600394 0 P 0
L 1.49200362 25.20800394 1.74600362 24.70000394 0 P 0
L 1.49200362 25.20800394 2.00000362 24.95400394 0 P 0
L 1.49200362 25.69200348 1.74600362 26.20000348 0 P 0
L 1.49200362 25.69200348 2.00000362 25.94600348 0 P 0
L 1.49200362 26.70800348 1.74600362 26.20000348 0 P 0
L 1.49200362 26.70800348 2.00000362 26.45400348 0 P 0
L 1.49200362 27.19200302 1.74600362 27.70000302 0 P 0
L 1.49200362 27.19200302 2.00000362 27.44600302 0 P 0
L 1.49200362 28.20800302 1.74600362 27.70000302 0 P 0
L 1.49200362 28.20800302 2.00000362 27.95400302 0 P 0
L 1.49200362 28.69200256 1.74600362 29.20000256 0 P 0
L 1.49200362 28.69200256 2.00000362 28.94600256 0 P 0
L 1.49200362 29.70800256 1.74600362 29.20000256 0 P 0
L 1.49200362 29.70800256 2.00000362 29.45400256 0 P 0
L 1.49200362 30.1920021 1.74600362 30.7000021 0 P 0
L 1.49200362 30.1920021 2.00000362 30.4460021 0 P 0
L 1.49200362 31.2080021 1.74600362 30.7000021 0 P 0
L 1.49200362 31.2080021 2.00000362 30.9540021 0 P 0
L 1.49200362 31.69200164 1.74600362 32.20000164 0 P 0
L 1.49200362 31.69200164 2.00000362 31.94600164 0 P 0
L 1.49200362 32.70800164 1.74600362 32.20000164 0 P 0
L 1.49200362 32.70800164 2.00000362 32.45400164 0 P 0
L 1.49200362 33.19200118 1.74600362 33.70000118 0 P 0
L 1.49200362 33.19200118 2.00000362 33.44600118 0 P 0
L 1.49200362 34.20800118 1.74600362 33.70000118 0 P 0
L 1.49200362 34.20800118 2.00000362 33.95400118 0 P 0
L 1.49200362 34.69200072 1.74600362 35.20000072 0 P 0
L 1.49200362 34.69200072 2.00000362 34.94600072 0 P 0
L 1.49200362 35.70800072 1.74600362 35.20000072 0 P 0
L 1.49200362 35.70800072 2.00000362 35.45400072 0 P 0
L 1.60200086 3.71199918 1.60200086 4.72799918 0 P 0
L 1.60200086 3.71199918 2.61800086 3.71199918 0 P 0
L 1.60200086 4.72799918 2.61800086 4.72799918 0 P 0
L 2.00000108 20.07100126 2.50800108 19.81700126 0 P 0
L 2.00000108 20.57900126 2.50800108 20.83300126 0 P 0
L 2.00000108 21.44599978 2.50800108 21.19199978 0 P 0
L 2.00000108 21.95399978 2.50800108 22.20799978 0 P 0
L 2.00000362 22.9460044 2.50800362 22.6920044 0 P 0
L 2.00000362 23.4540044 2.50800362 23.7080044 0 P 0
L 2.00000362 24.44600394 2.50800362 24.19200394 0 P 0
L 2.00000362 24.95400394 2.50800362 25.20800394 0 P 0
L 2.00000362 25.94600348 2.50800362 25.69200348 0 P 0
L 2.00000362 26.45400348 2.50800362 26.70800348 0 P 0
L 2.00000362 27.44600302 2.50800362 27.19200302 0 P 0
L 2.00000362 27.95400302 2.50800362 28.20800302 0 P 0
L 2.00000362 28.94600256 2.50800362 28.69200256 0 P 0
L 2.00000362 29.45400256 2.50800362 29.70800256 0 P 0
L 2.00000362 30.4460021 2.50800362 30.1920021 0 P 0
L 2.00000362 30.9540021 2.50800362 31.2080021 0 P 0
L 2.00000362 31.94600164 2.50800362 31.69200164 0 P 0
L 2.00000362 32.45400164 2.50800362 32.70800164 0 P 0
L 2.00000362 33.44600118 2.50800362 33.19200118 0 P 0
L 2.00000362 33.95400118 2.50800362 34.20800118 0 P 0
L 2.00000362 34.94600072 2.50800362 34.69200072 0 P 0
L 2.00000362 35.45400072 2.50800362 35.70800072 0 P 0
L 2.25400108 20.32500126 2.50800108 19.81700126 0 P 0
L 2.25400108 20.32500126 2.50800108 20.83300126 0 P 0
L 2.25400108 21.69999978 2.50800108 21.19199978 0 P 0
L 2.25400108 21.69999978 2.50800108 22.20799978 0 P 0
L 2.25400362 23.2000044 2.50800362 22.6920044 0 P 0
L 2.25400362 23.2000044 2.50800362 23.7080044 0 P 0
L 2.25400362 24.70000394 2.50800362 24.19200394 0 P 0
L 2.25400362 24.70000394 2.50800362 25.20800394 0 P 0
L 2.25400362 26.20000348 2.50800362 25.69200348 0 P 0
L 2.25400362 26.20000348 2.50800362 26.70800348 0 P 0
L 2.25400362 27.70000302 2.50800362 27.19200302 0 P 0
L 2.25400362 27.70000302 2.50800362 28.20800302 0 P 0
L 2.25400362 29.20000256 2.50800362 28.69200256 0 P 0
L 2.25400362 29.20000256 2.50800362 29.70800256 0 P 0
L 2.25400362 30.7000021 2.50800362 30.1920021 0 P 0
L 2.25400362 30.7000021 2.50800362 31.2080021 0 P 0
L 2.25400362 32.20000164 2.50800362 31.69200164 0 P 0
L 2.25400362 32.20000164 2.50800362 32.70800164 0 P 0
L 2.25400362 33.70000118 2.50800362 33.19200118 0 P 0
L 2.25400362 33.70000118 2.50800362 34.20800118 0 P 0
L 2.25400362 35.20000072 2.50800362 34.69200072 0 P 0
L 2.25400362 35.20000072 2.50800362 35.70800072 0 P 0
L 2.4670004 18.9919991 2.7210004 19.4999991 0 P 0
L 2.4670004 18.9919991 2.9750004 19.2459991 0 P 0
L 2.4670004 20.0079991 2.7210004 19.4999991 0 P 0
L 2.4670004 20.0079991 2.9750004 19.7539991 0 P 0
L 2.61800086 3.71199918 2.61800086 4.72799918 0 P 0
L 2.9750004 19.2459991 3.4830004 18.9919991 0 P 0
L 2.9750004 19.7539991 3.4830004 20.0079991 0 P 0
L 2.99200062 9.74600032 3.24600062 9.74600032 0 P 0
L 2.99200062 9.74600032 3.24600062 10.00000032 0 P 0
L 2.99200062 10.25400032 3.24600062 10.00000032 0 P 0
L 2.99200062 10.25400032 3.24600062 10.25400032 0 P 0
L 2.99200062 19.81700126 3.24600062 20.32500126 0 P 0
L 2.99200062 19.81700126 3.50000062 20.07100126 0 P 0
L 2.99200062 20.83300126 3.24600062 20.32500126 0 P 0
L 2.99200062 20.83300126 3.50000062 20.57900126 0 P 0
L 2.99200062 21.19199978 3.24600062 21.69999978 0 P 0
L 2.99200062 21.19199978 3.50000062 21.44599978 0 P 0
L 2.99200062 22.20799978 3.24600062 21.69999978 0 P 0
L 2.99200062 22.20799978 3.50000062 21.95399978 0 P 0
L 2.99200062 33.24200108 3.24600062 33.75000108 0 P 0
L 2.99200062 33.24200108 3.50000062 33.49600108 0 P 0
L 2.99200062 34.25800108 3.24600062 33.75000108 0 P 0
L 2.99200062 34.25800108 3.50000062 34.00400108 0 P 0
L 2.99200316 22.6920044 3.24600316 23.2000044 0 P 0
L 2.99200316 22.6920044 3.50000316 22.9460044 0 P 0
L 2.99200316 23.7080044 3.24600316 23.2000044 0 P 0
L 2.99200316 23.7080044 3.50000316 23.4540044 0 P 0
L 2.99200316 24.19200394 3.24600316 24.70000394 0 P 0
L 2.99200316 24.19200394 3.50000316 24.44600394 0 P 0
L 2.99200316 25.20800394 3.24600316 24.70000394 0 P 0
L 2.99200316 25.20800394 3.50000316 24.95400394 0 P 0
L 2.99200316 34.69200072 3.24600316 35.20000072 0 P 0
L 2.99200316 34.69200072 3.50000316 34.94600072 0 P 0
L 2.99200316 35.70800072 3.24600316 35.20000072 0 P 0
L 2.99200316 35.70800072 3.50000316 35.45400072 0 P 0
L 3.2290004 19.4999991 3.4830004 18.9919991 0 P 0
L 3.2290004 19.4999991 3.4830004 20.0079991 0 P 0
L 3.24600062 9.74600032 3.50000062 9.49200032 0 P 0
L 3.24600062 10.25400032 3.50000062 10.50800032 0 P 0
L 3.50000062 9.49200032 3.75400062 9.74600032 0 P 0
L 3.50000062 10.50800032 3.75400062 10.25400032 0 P 0
L 3.50000062 20.07100126 4.00800062 19.81700126 0 P 0
L 3.50000062 20.57900126 4.00800062 20.83300126 0 P 0
L 3.50000062 21.44599978 4.00800062 21.19199978 0 P 0
L 3.50000062 21.95399978 4.00800062 22.20799978 0 P 0
L 3.50000062 33.49600108 4.00800062 33.24200108 0 P 0
L 3.50000062 34.00400108 4.00800062 34.25800108 0 P 0
L 3.50000316 22.9460044 4.00800316 22.6920044 0 P 0
L 3.50000316 23.4540044 4.00800316 23.7080044 0 P 0
L 3.50000316 24.44600394 4.00800316 24.19200394 0 P 0
L 3.50000316 24.95400394 4.00800316 25.20800394 0 P 0
L 3.50000316 34.94600072 4.00800316 34.69200072 0 P 0
L 3.50000316 35.45400072 4.00800316 35.70800072 0 P 0
L 3.75400062 9.74600032 4.00800062 9.74600032 0 P 0
L 3.75400062 10.00000032 4.00800062 9.74600032 0 P 0
L 3.75400062 10.00000032 4.00800062 10.25400032 0 P 0
L 3.75400062 10.25400032 4.00800062 10.25400032 0 P 0
L 3.75400062 20.32500126 4.00800062 19.81700126 0 P 0
L 3.75400062 20.32500126 4.00800062 20.83300126 0 P 0
L 3.75400062 21.69999978 4.00800062 21.19199978 0 P 0
L 3.75400062 21.69999978 4.00800062 22.20799978 0 P 0
L 3.75400062 33.75000108 4.00800062 33.24200108 0 P 0
L 3.75400062 33.75000108 4.00800062 34.25800108 0 P 0
L 3.75400316 23.2000044 4.00800316 22.6920044 0 P 0
L 3.75400316 23.2000044 4.00800316 23.7080044 0 P 0
L 3.75400316 24.70000394 4.00800316 24.19200394 0 P 0
L 3.75400316 24.70000394 4.00800316 25.20800394 0 P 0
L 3.75400316 35.20000072 4.00800316 34.69200072 0 P 0
L 3.75400316 35.20000072 4.00800316 35.70800072 0 P 0
L 3.99200116 27.7170007 4.24600116 28.2250007 0 P 0
L 3.99200116 27.7170007 4.50000116 27.9710007 0 P 0
L 3.99200116 28.7330007 4.24600116 28.2250007 0 P 0
L 3.99200116 28.7330007 4.50000116 28.4790007 0 P 0
L 4.14200086 3.71199918 4.14200086 4.72799918 0 P 0
L 4.14200086 3.71199918 5.15800086 3.71199918 0 P 0
L 4.14200086 4.72799918 5.15800086 4.72799918 0 P 0
L 4.49200016 19.81700126 4.74600016 20.32500126 0 P 0
L 4.49200016 19.81700126 5.00000016 20.07100126 0 P 0
L 4.49200016 20.83300126 4.74600016 20.32500126 0 P 0
L 4.49200016 20.83300126 5.00000016 20.57900126 0 P 0
L 4.49200016 21.19199978 4.74600016 21.69999978 0 P 0
L 4.49200016 21.19199978 5.00000016 21.44599978 0 P 0
L 4.49200016 22.20799978 4.74600016 21.69999978 0 P 0
L 4.49200016 22.20799978 5.00000016 21.95399978 0 P 0
L 4.49200016 33.24200108 4.74600016 33.75000108 0 P 0
L 4.49200016 33.24200108 5.00000016 33.49600108 0 P 0
L 4.49200016 34.25800108 4.74600016 33.75000108 0 P 0
L 4.49200016 34.25800108 5.00000016 34.00400108 0 P 0
L 4.4920027 22.6920044 4.7460027 23.2000044 0 P 0
L 4.4920027 22.6920044 5.0000027 22.9460044 0 P 0
L 4.4920027 23.7080044 4.7460027 23.2000044 0 P 0
L 4.4920027 23.7080044 5.0000027 23.4540044 0 P 0
L 4.4920027 24.19200394 4.7460027 24.70000394 0 P 0
L 4.4920027 24.19200394 5.0000027 24.44600394 0 P 0
L 4.4920027 25.20800394 4.7460027 24.70000394 0 P 0
L 4.4920027 25.20800394 5.0000027 24.95400394 0 P 0
L 4.4920027 34.69200072 4.7460027 35.20000072 0 P 0
L 4.4920027 34.69200072 5.0000027 34.94600072 0 P 0
L 4.4920027 35.70800072 4.7460027 35.20000072 0 P 0
L 4.4920027 35.70800072 5.0000027 35.45400072 0 P 0
L 4.50000116 27.9710007 5.00800116 27.7170007 0 P 0
L 4.50000116 28.4790007 5.00800116 28.7330007 0 P 0
L 4.75400116 28.2250007 5.00800116 27.7170007 0 P 0
L 4.75400116 28.2250007 5.00800116 28.7330007 0 P 0
L 5.00000016 20.07100126 5.50800016 19.81700126 0 P 0
L 5.00000016 20.57900126 5.50800016 20.83300126 0 P 0
L 5.00000016 21.44599978 5.50800016 21.19199978 0 P 0
L 5.00000016 21.95399978 5.50800016 22.20799978 0 P 0
L 5.00000016 33.49600108 5.50800016 33.24200108 0 P 0
L 5.00000016 34.00400108 5.50800016 34.25800108 0 P 0
L 5.0000027 22.9460044 5.5080027 22.6920044 0 P 0
L 5.0000027 23.4540044 5.5080027 23.7080044 0 P 0
L 5.0000027 24.44600394 5.5080027 24.19200394 0 P 0
L 5.0000027 24.95400394 5.5080027 25.20800394 0 P 0
L 5.0000027 34.94600072 5.5080027 34.69200072 0 P 0
L 5.0000027 35.45400072 5.5080027 35.70800072 0 P 0
L 5.09199896 30.16700088 5.34599896 30.67500088 0 P 0
L 5.09199896 30.16700088 5.59999896 30.42100088 0 P 0
L 5.09199896 31.18300088 5.34599896 30.67500088 0 P 0
L 5.09199896 31.18300088 5.59999896 30.92900088 0 P 0
L 5.15800086 3.71199918 5.15800086 4.72799918 0 P 0
L 5.25400016 20.32500126 5.50800016 19.81700126 0 P 0
L 5.25400016 20.32500126 5.50800016 20.83300126 0 P 0
L 5.25400016 21.69999978 5.50800016 21.19199978 0 P 0
L 5.25400016 21.69999978 5.50800016 22.20799978 0 P 0
L 5.25400016 33.75000108 5.50800016 33.24200108 0 P 0
L 5.25400016 33.75000108 5.50800016 34.25800108 0 P 0
L 5.2540027 23.2000044 5.5080027 22.6920044 0 P 0
L 5.2540027 23.2000044 5.5080027 23.7080044 0 P 0
L 5.2540027 24.70000394 5.5080027 24.19200394 0 P 0
L 5.2540027 24.70000394 5.5080027 25.20800394 0 P 0
L 5.2540027 35.20000072 5.5080027 34.69200072 0 P 0
L 5.2540027 35.20000072 5.5080027 35.70800072 0 P 0
L 5.36699968 25.96699912 5.62099968 26.47499912 0 P 0
L 5.36699968 25.96699912 5.87499968 26.22099912 0 P 0
L 5.36699968 26.98299912 5.62099968 26.47499912 0 P 0
L 5.36699968 26.98299912 5.87499968 26.72899912 0 P 0
L 5.3920009 33.64200028 5.6460009 34.15000028 0 P 0
L 5.3920009 33.64200028 5.9000009 33.89600028 0 P 0
L 5.3920009 34.65800028 5.6460009 34.15000028 0 P 0
L 5.3920009 34.65800028 5.9000009 34.40400028 0 P 0
L 5.3920009 34.69200072 5.6460009 35.20000072 0 P 0
L 5.3920009 34.69200072 5.9000009 34.94600072 0 P 0
L 5.3920009 35.70800072 5.6460009 35.20000072 0 P 0
L 5.3920009 35.70800072 5.9000009 35.45400072 0 P 0
L 5.41699958 32.56700116 5.67099958 33.07500116 0 P 0
L 5.41699958 32.56700116 5.92499958 32.82100116 0 P 0
L 5.41699958 33.58300116 5.67099958 33.07500116 0 P 0
L 5.41699958 33.58300116 5.92499958 33.32900116 0 P 0
L 5.4920007 24.4420009 5.7460007 24.9500009 0 P 0
L 5.4920007 24.4420009 6.0000007 24.6960009 0 P 0
L 5.4920007 25.4580009 5.7460007 24.9500009 0 P 0
L 5.4920007 25.4580009 6.0000007 25.2040009 0 P 0
L 5.59999896 30.42100088 6.10799896 30.16700088 0 P 0
L 5.59999896 30.92900088 6.10799896 31.18300088 0 P 0
L 5.85399896 30.67500088 6.10799896 30.16700088 0 P 0
L 5.85399896 30.67500088 6.10799896 31.18300088 0 P 0
L 5.87499968 26.22099912 6.38299968 25.96699912 0 P 0
L 5.87499968 26.72899912 6.38299968 26.98299912 0 P 0
L 5.9000009 33.89600028 6.4080009 33.64200028 0 P 0
L 5.9000009 34.40400028 6.4080009 34.65800028 0 P 0
L 5.9000009 34.94600072 6.4080009 34.69200072 0 P 0
L 5.9000009 35.45400072 6.4080009 35.70800072 0 P 0
L 5.92499958 32.82100116 6.43299958 32.56700116 0 P 0
L 5.92499958 33.32900116 6.43299958 33.58300116 0 P 0
L 5.9919997 19.81700126 6.2459997 20.32500126 0 P 0
L 5.9919997 19.81700126 6.4999997 20.07100126 0 P 0
L 5.9919997 20.83300126 6.2459997 20.32500126 0 P 0
L 5.9919997 20.83300126 6.4999997 20.57900126 0 P 0
L 5.99200224 22.6920044 6.24600224 23.2000044 0 P 0
L 5.99200224 22.6920044 6.50000224 22.9460044 0 P 0
L 5.99200224 23.7080044 6.24600224 23.2000044 0 P 0
L 5.99200224 23.7080044 6.50000224 23.4540044 0 P 0
L 6.0000007 24.6960009 6.5080007 24.4420009 0 P 0
L 6.0000007 25.2040009 6.5080007 25.4580009 0 P 0
L 6.0919995 25.2419993 6.3459995 25.7499993 0 P 0
L 6.0919995 25.2419993 6.5999995 25.4959993 0 P 0
L 6.0919995 26.2579993 6.3459995 25.7499993 0 P 0
L 6.0919995 26.2579993 6.5999995 26.0039993 0 P 0
L 6.12899968 26.47499912 6.38299968 25.96699912 0 P 0
L 6.12899968 26.47499912 6.38299968 26.98299912 0 P 0
L 6.1540009 34.15000028 6.4080009 33.64200028 0 P 0
L 6.1540009 34.15000028 6.4080009 34.65800028 0 P 0
L 6.1540009 35.20000072 6.4080009 34.69200072 0 P 0
L 6.1540009 35.20000072 6.4080009 35.70800072 0 P 0
L 6.17899958 33.07500116 6.43299958 32.56700116 0 P 0
L 6.17899958 33.07500116 6.43299958 33.58300116 0 P 0
L 6.2540007 24.9500009 6.5080007 24.4420009 0 P 0
L 6.2540007 24.9500009 6.5080007 25.4580009 0 P 0
L 6.2919991 23.66700118 6.5459991 24.17500118 0 P 0
L 6.2919991 23.66700118 6.7999991 23.92100118 0 P 0
L 6.2919991 24.68300118 6.5459991 24.17500118 0 P 0
L 6.2919991 24.68300118 6.7999991 24.42900118 0 P 0
L 6.4999997 20.07100126 7.0079997 19.81700126 0 P 0
L 6.4999997 20.57900126 7.0079997 20.83300126 0 P 0
L 6.50000224 22.9460044 7.00800224 22.6920044 0 P 0
L 6.50000224 23.4540044 7.00800224 23.7080044 0 P 0
L 6.54200114 20.94200028 6.79600114 21.45000028 0 P 0
L 6.54200114 20.94200028 7.05000114 21.19600028 0 P 0
L 6.54200114 21.95800028 6.79600114 21.45000028 0 P 0
L 6.54200114 21.95800028 7.05000114 21.70400028 0 P 0
L 6.5999995 25.4959993 7.1079995 25.2419993 0 P 0
L 6.5999995 26.0039993 7.1079995 26.2579993 0 P 0
L 6.68200086 3.71199918 6.68200086 4.72799918 0 P 0
L 6.68200086 3.71199918 7.69800086 3.71199918 0 P 0
L 6.68200086 4.72799918 7.69800086 4.72799918 0 P 0
L 6.7539997 20.32500126 7.0079997 19.81700126 0 P 0
L 6.7539997 20.32500126 7.0079997 20.83300126 0 P 0
L 6.75400224 23.2000044 7.00800224 22.6920044 0 P 0
L 6.75400224 23.2000044 7.00800224 23.7080044 0 P 0
L 6.7999991 23.92100118 7.3079991 23.66700118 0 P 0
L 6.7999991 24.42900118 7.3079991 24.68300118 0 P 0
L 6.8539995 25.7499993 7.1079995 25.2419993 0 P 0
L 6.8539995 25.7499993 7.1079995 26.2579993 0 P 0
L 6.91699912 26.79199874 7.17099912 27.29999874 0 P 0
L 6.91699912 26.79199874 7.42499912 27.04599874 0 P 0
L 6.91699912 27.80799874 7.17099912 27.29999874 0 P 0
L 6.91699912 27.80799874 7.42499912 27.55399874 0 P 0
L 7.05000114 21.19600028 7.55800114 20.94200028 0 P 0
L 7.05000114 21.70400028 7.55800114 21.95800028 0 P 0
L 7.0539991 24.17500118 7.3079991 23.66700118 0 P 0
L 7.0539991 24.17500118 7.3079991 24.68300118 0 P 0
L 7.19199984 20.94200028 7.44599984 21.45000028 0 P 0
L 7.19199984 20.94200028 7.69999984 21.19600028 0 P 0
L 7.19199984 21.95800028 7.44599984 21.45000028 0 P 0
L 7.19199984 21.95800028 7.69999984 21.70400028 0 P 0
L 7.19199984 23.51700148 7.44599984 24.02500148 0 P 0
L 7.19199984 23.51700148 7.69999984 23.77100148 0 P 0
L 7.19199984 24.53300148 7.44599984 24.02500148 0 P 0
L 7.19199984 24.53300148 7.69999984 24.27900148 0 P 0
L 7.30400114 21.45000028 7.55800114 20.94200028 0 P 0
L 7.30400114 21.45000028 7.55800114 21.95800028 0 P 0
L 7.42499912 27.04599874 7.93299912 26.79199874 0 P 0
L 7.42499912 27.55399874 7.93299912 27.80799874 0 P 0
L 7.49200178 22.6920044 7.74600178 23.2000044 0 P 0
L 7.49200178 22.6920044 8.00000178 22.9460044 0 P 0
L 7.49200178 23.7080044 7.74600178 23.2000044 0 P 0
L 7.49200178 23.7080044 8.00000178 23.4540044 0 P 0
L 7.66700016 33.11700006 7.92100016 33.62500006 0 P 0
L 7.66700016 33.11700006 8.17500016 33.37100006 0 P 0
L 7.66700016 34.13300006 7.92100016 33.62500006 0 P 0
L 7.66700016 34.13300006 8.17500016 33.87900006 0 P 0
L 7.66700016 34.2170004 7.92100016 34.7250004 0 P 0
L 7.66700016 34.2170004 8.17500016 34.4710004 0 P 0
L 7.66700016 35.2330004 7.92100016 34.7250004 0 P 0
L 7.66700016 35.2330004 8.17500016 34.9790004 0 P 0
L 7.67899912 27.29999874 7.93299912 26.79199874 0 P 0
L 7.67899912 27.29999874 7.93299912 27.80799874 0 P 0
L 7.69800086 3.71199918 7.69800086 4.72799918 0 P 0
L 7.69999984 21.19600028 8.20799984 20.94200028 0 P 0
L 7.69999984 21.70400028 8.20799984 21.95800028 0 P 0
L 7.69999984 23.77100148 8.20799984 23.51700148 0 P 0
L 7.69999984 24.27900148 8.20799984 24.53300148 0 P 0
L 7.74199874 27.54199978 7.99599874 28.04999978 0 P 0
L 7.74199874 27.54199978 8.24999874 27.79599978 0 P 0
L 7.74199874 28.55799978 7.99599874 28.04999978 0 P 0
L 7.74199874 28.55799978 8.24999874 28.30399978 0 P 0
L 7.84200108 20.94200028 8.09600108 21.45000028 0 P 0
L 7.84200108 20.94200028 8.35000108 21.19600028 0 P 0
L 7.84200108 21.95800028 8.09600108 21.45000028 0 P 0
L 7.84200108 21.95800028 8.35000108 21.70400028 0 P 0
L 7.95399984 21.45000028 8.20799984 20.94200028 0 P 0
L 7.95399984 21.45000028 8.20799984 21.95800028 0 P 0
L 7.95399984 24.02500148 8.20799984 23.51700148 0 P 0
L 7.95399984 24.02500148 8.20799984 24.53300148 0 P 0
L 8.00000178 22.9460044 8.50800178 22.6920044 0 P 0
L 8.00000178 23.4540044 8.50800178 23.7080044 0 P 0
L 8.16699916 34.69200072 8.42099916 35.20000072 0 P 0
L 8.16699916 34.69200072 8.67499916 34.94600072 0 P 0
L 8.16699916 35.70800072 8.42099916 35.20000072 0 P 0
L 8.16699916 35.70800072 8.67499916 35.45400072 0 P 0
L 8.17500016 33.37100006 8.68300016 33.11700006 0 P 0
L 8.17500016 33.87900006 8.68300016 34.13300006 0 P 0
L 8.17500016 34.4710004 8.68300016 34.2170004 0 P 0
L 8.17500016 34.9790004 8.68300016 35.2330004 0 P 0
L 8.24999874 27.79599978 8.75799874 27.54199978 0 P 0
L 8.24999874 28.30399978 8.75799874 28.55799978 0 P 0
L 8.25400178 23.2000044 8.50800178 22.6920044 0 P 0
L 8.25400178 23.2000044 8.50800178 23.7080044 0 P 0
L 8.35000108 21.19600028 8.85800108 20.94200028 0 P 0
L 8.35000108 21.70400028 8.85800108 21.95800028 0 P 0
L 8.42900016 33.62500006 8.68300016 33.11700006 0 P 0
L 8.42900016 33.62500006 8.68300016 34.13300006 0 P 0
L 8.42900016 34.7250004 8.68300016 34.2170004 0 P 0
L 8.42900016 34.7250004 8.68300016 35.2330004 0 P 0
L 8.49199978 17.9920011 8.74599978 18.5000011 0 P 0
L 8.49199978 17.9920011 8.99999978 18.2460011 0 P 0
L 8.49199978 19.0080011 8.74599978 18.5000011 0 P 0
L 8.49199978 19.0080011 8.99999978 18.7540011 0 P 0
L 8.50399874 28.04999978 8.75799874 27.54199978 0 P 0
L 8.50399874 28.04999978 8.75799874 28.55799978 0 P 0
L 8.60400108 21.45000028 8.85800108 20.94200028 0 P 0
L 8.60400108 21.45000028 8.85800108 21.95800028 0 P 0
L 8.67499916 34.94600072 9.18299916 34.69200072 0 P 0
L 8.67499916 35.45400072 9.18299916 35.70800072 0 P 0
L 8.92899916 35.20000072 9.18299916 34.69200072 0 P 0
L 8.92899916 35.20000072 9.18299916 35.70800072 0 P 0
L 8.99200132 22.6920044 9.24600132 23.2000044 0 P 0
L 8.99200132 22.6920044 9.50000132 22.9460044 0 P 0
L 8.99200132 23.7080044 9.24600132 23.2000044 0 P 0
L 8.99200132 23.7080044 9.50000132 23.4540044 0 P 0
L 8.99200132 28.69200256 9.24600132 29.20000256 0 P 0
L 8.99200132 28.69200256 9.50000132 28.94600256 0 P 0
L 8.99200132 29.70800256 9.24600132 29.20000256 0 P 0
L 8.99200132 29.70800256 9.50000132 29.45400256 0 P 0
L 8.99200132 30.1920021 9.24600132 30.7000021 0 P 0
L 8.99200132 30.1920021 9.50000132 30.4460021 0 P 0
L 8.99200132 31.2080021 9.24600132 30.7000021 0 P 0
L 8.99200132 31.2080021 9.50000132 30.9540021 0 P 0
L 8.99200132 31.69200164 9.24600132 32.20000164 0 P 0
L 8.99200132 31.69200164 9.50000132 31.94600164 0 P 0
L 8.99200132 32.70800164 9.24600132 32.20000164 0 P 0
L 8.99200132 32.70800164 9.50000132 32.45400164 0 P 0
L 8.99200132 33.19200118 9.24600132 33.70000118 0 P 0
L 8.99200132 33.19200118 9.50000132 33.44600118 0 P 0
L 8.99200132 34.20800118 9.24600132 33.70000118 0 P 0
L 8.99200132 34.20800118 9.50000132 33.95400118 0 P 0
L 8.99999978 18.2460011 9.50799978 17.9920011 0 P 0
L 8.99999978 18.7540011 9.50799978 19.0080011 0 P 0
L 9.22200086 3.71199918 9.22200086 4.72799918 0 P 0
L 9.22200086 3.71199918 10.23800086 3.71199918 0 P 0
L 9.22200086 4.72799918 10.23800086 4.72799918 0 P 0
L 9.24200082 8.04599864 9.49600082 8.55399864 0 P 0
L 9.24200082 8.04599864 9.75000082 8.29999864 0 P 0
L 9.24200082 9.06199864 9.49600082 8.55399864 0 P 0
L 9.24200082 9.06199864 9.75000082 8.80799864 0 P 0
L 9.25399978 18.5000011 9.50799978 17.9920011 0 P 0
L 9.25399978 18.5000011 9.50799978 19.0080011 0 P 0
L 9.29200072 17.9920011 9.54600072 18.5000011 0 P 0
L 9.29200072 17.9920011 9.80000072 18.2460011 0 P 0
L 9.29200072 19.0080011 9.54600072 18.5000011 0 P 0
L 9.29200072 19.0080011 9.80000072 18.7540011 0 P 0
L 9.50000132 22.9460044 10.00800132 22.6920044 0 P 0
L 9.50000132 23.4540044 10.00800132 23.7080044 0 P 0
L 9.50000132 28.94600256 10.00800132 28.69200256 0 P 0
L 9.50000132 29.45400256 10.00800132 29.70800256 0 P 0
L 9.50000132 30.4460021 10.00800132 30.1920021 0 P 0
L 9.50000132 30.9540021 10.00800132 31.2080021 0 P 0
L 9.50000132 31.94600164 10.00800132 31.69200164 0 P 0
L 9.50000132 32.45400164 10.00800132 32.70800164 0 P 0
L 9.50000132 33.44600118 10.00800132 33.19200118 0 P 0
L 9.50000132 33.95400118 10.00800132 34.20800118 0 P 0
L 9.516999 34.69200072 9.770999 35.20000072 0 P 0
L 9.516999 34.69200072 10.024999 34.94600072 0 P 0
L 9.516999 35.70800072 9.770999 35.20000072 0 P 0
L 9.516999 35.70800072 10.024999 35.45400072 0 P 0
L 9.75000082 8.29999864 10.25800082 8.04599864 0 P 0
L 9.75000082 8.80799864 10.25800082 9.06199864 0 P 0
L 9.75400132 23.2000044 10.00800132 22.6920044 0 P 0
L 9.75400132 23.2000044 10.00800132 23.7080044 0 P 0
L 9.75400132 29.20000256 10.00800132 28.69200256 0 P 0
L 9.75400132 29.20000256 10.00800132 29.70800256 0 P 0
L 9.75400132 30.7000021 10.00800132 30.1920021 0 P 0
L 9.75400132 30.7000021 10.00800132 31.2080021 0 P 0
L 9.75400132 32.20000164 10.00800132 31.69200164 0 P 0
L 9.75400132 32.20000164 10.00800132 32.70800164 0 P 0
L 9.75400132 33.70000118 10.00800132 33.19200118 0 P 0
L 9.75400132 33.70000118 10.00800132 34.20800118 0 P 0
L 9.80000072 18.2460011 10.30800072 17.9920011 0 P 0
L 9.80000072 18.7540011 10.30800072 19.0080011 0 P 0
L 10.00400082 8.55399864 10.25800082 8.04599864 0 P 0
L 10.00400082 8.55399864 10.25800082 9.06199864 0 P 0
L 10.024999 34.94600072 10.532999 34.69200072 0 P 0
L 10.024999 35.45400072 10.532999 35.70800072 0 P 0
L 10.05400072 18.5000011 10.30800072 17.9920011 0 P 0
L 10.05400072 18.5000011 10.30800072 19.0080011 0 P 0
L 10.09199912 17.9920011 10.34599912 18.5000011 0 P 0
L 10.09199912 17.9920011 10.59999912 18.2460011 0 P 0
L 10.09199912 19.0080011 10.34599912 18.5000011 0 P 0
L 10.09199912 19.0080011 10.59999912 18.7540011 0 P 0
L 10.23800086 3.71199918 10.23800086 4.72799918 0 P 0
L 10.278999 35.20000072 10.532999 34.69200072 0 P 0
L 10.278999 35.20000072 10.532999 35.70800072 0 P 0
L 10.49200086 8.04599864 10.74600086 8.55399864 0 P 0
L 10.49200086 8.04599864 11.00000086 8.29999864 0 P 0
L 10.49200086 9.06199864 10.74600086 8.55399864 0 P 0
L 10.49200086 9.06199864 11.00000086 8.80799864 0 P 0
L 10.49200086 28.69200256 10.74600086 29.20000256 0 P 0
L 10.49200086 28.69200256 11.00000086 28.94600256 0 P 0
L 10.49200086 29.70800256 10.74600086 29.20000256 0 P 0
L 10.49200086 29.70800256 11.00000086 29.45400256 0 P 0
L 10.49200086 30.1920021 10.74600086 30.7000021 0 P 0
L 10.49200086 30.1920021 11.00000086 30.4460021 0 P 0
L 10.49200086 31.2080021 10.74600086 30.7000021 0 P 0
L 10.49200086 31.2080021 11.00000086 30.9540021 0 P 0
L 10.49200086 31.69200164 10.74600086 32.20000164 0 P 0
L 10.49200086 31.69200164 11.00000086 31.94600164 0 P 0
L 10.49200086 32.70800164 10.74600086 32.20000164 0 P 0
L 10.49200086 32.70800164 11.00000086 32.45400164 0 P 0
L 10.49200086 33.19200118 10.74600086 33.70000118 0 P 0
L 10.49200086 33.19200118 11.00000086 33.44600118 0 P 0
L 10.49200086 34.20800118 10.74600086 33.70000118 0 P 0
L 10.49200086 34.20800118 11.00000086 33.95400118 0 P 0
L 10.49200086 34.69200072 10.74600086 35.20000072 0 P 0
L 10.49200086 34.69200072 11.00000086 34.94600072 0 P 0
L 10.49200086 35.70800072 10.74600086 35.20000072 0 P 0
L 10.49200086 35.70800072 11.00000086 35.45400072 0 P 0
L 10.59999912 18.2460011 11.10799912 17.9920011 0 P 0
L 10.59999912 18.7540011 11.10799912 19.0080011 0 P 0
L 10.85399912 18.5000011 11.10799912 17.9920011 0 P 0
L 10.85399912 18.5000011 11.10799912 19.0080011 0 P 0
L 10.89200006 17.9920011 11.14600006 18.5000011 0 P 0
L 10.89200006 17.9920011 11.40000006 18.2460011 0 P 0
L 10.89200006 19.0080011 11.14600006 18.5000011 0 P 0
L 10.89200006 19.0080011 11.40000006 18.7540011 0 P 0
L 11.00000086 8.29999864 11.50800086 8.04599864 0 P 0
L 11.00000086 8.80799864 11.50800086 9.06199864 0 P 0
L 11.00000086 28.94600256 11.50800086 28.69200256 0 P 0
L 11.00000086 29.45400256 11.50800086 29.70800256 0 P 0
L 11.00000086 30.4460021 11.50800086 30.1920021 0 P 0
L 11.00000086 30.9540021 11.50800086 31.2080021 0 P 0
L 11.00000086 31.94600164 11.50800086 31.69200164 0 P 0
L 11.00000086 32.45400164 11.50800086 32.70800164 0 P 0
L 11.00000086 33.44600118 11.50800086 33.19200118 0 P 0
L 11.00000086 33.95400118 11.50800086 34.20800118 0 P 0
L 11.00000086 34.94600072 11.50800086 34.69200072 0 P 0
L 11.00000086 35.45400072 11.50800086 35.70800072 0 P 0
L 11.25400086 8.55399864 11.50800086 8.04599864 0 P 0
L 11.25400086 8.55399864 11.50800086 9.06199864 0 P 0
L 11.25400086 29.20000256 11.50800086 28.69200256 0 P 0
L 11.25400086 29.20000256 11.50800086 29.70800256 0 P 0
L 11.25400086 30.7000021 11.50800086 30.1920021 0 P 0
L 11.25400086 30.7000021 11.50800086 31.2080021 0 P 0
L 11.25400086 32.20000164 11.50800086 31.69200164 0 P 0
L 11.25400086 32.20000164 11.50800086 32.70800164 0 P 0
L 11.25400086 33.70000118 11.50800086 33.19200118 0 P 0
L 11.25400086 33.70000118 11.50800086 34.20800118 0 P 0
L 11.25400086 35.20000072 11.50800086 34.69200072 0 P 0
L 11.25400086 35.20000072 11.50800086 35.70800072 0 P 0
L 11.40000006 18.2460011 11.90800006 17.9920011 0 P 0
L 11.40000006 18.7540011 11.90800006 19.0080011 0 P 0
L 11.46700018 34.69200072 11.72100018 35.20000072 0 P 0
L 11.46700018 34.69200072 11.97500018 34.94600072 0 P 0
L 11.46700018 35.70800072 11.72100018 35.20000072 0 P 0
L 11.46700018 35.70800072 11.97500018 35.45400072 0 P 0
L 11.65400006 18.5000011 11.90800006 17.9920011 0 P 0
L 11.65400006 18.5000011 11.90800006 19.0080011 0 P 0
L 11.692001 17.9920011 11.946001 18.5000011 0 P 0
L 11.692001 17.9920011 12.200001 18.2460011 0 P 0
L 11.692001 19.0080011 11.946001 18.5000011 0 P 0
L 11.692001 19.0080011 12.200001 18.7540011 0 P 0
L 11.76200086 3.71199918 11.76200086 4.72799918 0 P 0
L 11.76200086 3.71199918 12.77800086 3.71199918 0 P 0
L 11.76200086 4.72799918 12.77800086 4.72799918 0 P 0
L 11.97500018 34.94600072 12.48300018 34.69200072 0 P 0
L 11.97500018 35.45400072 12.48300018 35.70800072 0 P 0
L 11.9920004 22.6920044 12.2460004 23.2000044 0 P 0
L 11.9920004 22.6920044 12.5000004 22.9460044 0 P 0
L 11.9920004 23.7080044 12.2460004 23.2000044 0 P 0
L 11.9920004 23.7080044 12.5000004 23.4540044 0 P 0
L 11.9920004 24.19200394 12.2460004 24.70000394 0 P 0
L 11.9920004 24.19200394 12.5000004 24.44600394 0 P 0
L 11.9920004 25.20800394 12.2460004 24.70000394 0 P 0
L 11.9920004 25.20800394 12.5000004 24.95400394 0 P 0
L 11.9920004 28.69200256 12.2460004 29.20000256 0 P 0
L 11.9920004 28.69200256 12.5000004 28.94600256 0 P 0
L 11.9920004 29.70800256 12.2460004 29.20000256 0 P 0
L 11.9920004 29.70800256 12.5000004 29.45400256 0 P 0
L 11.9920004 30.1920021 12.2460004 30.7000021 0 P 0
L 11.9920004 30.1920021 12.5000004 30.4460021 0 P 0
L 11.9920004 31.2080021 12.2460004 30.7000021 0 P 0
L 11.9920004 31.2080021 12.5000004 30.9540021 0 P 0
L 11.9920004 31.69200164 12.2460004 32.20000164 0 P 0
L 11.9920004 31.69200164 12.5000004 31.94600164 0 P 0
L 11.9920004 32.70800164 12.2460004 32.20000164 0 P 0
L 11.9920004 32.70800164 12.5000004 32.45400164 0 P 0
L 11.9920004 33.19200118 12.2460004 33.70000118 0 P 0
L 11.9920004 33.19200118 12.5000004 33.44600118 0 P 0
L 11.9920004 34.20800118 12.2460004 33.70000118 0 P 0
L 11.9920004 34.20800118 12.5000004 33.95400118 0 P 0
L 12.200001 18.2460011 12.708001 17.9920011 0 P 0
L 12.200001 18.7540011 12.708001 19.0080011 0 P 0
L 12.22900018 35.20000072 12.48300018 34.69200072 0 P 0
L 12.22900018 35.20000072 12.48300018 35.70800072 0 P 0
L 12.36700092 14.54200038 12.62100092 15.05000038 0 P 0
L 12.36700092 14.54200038 12.87500092 14.79600038 0 P 0
L 12.36700092 15.55800038 12.62100092 15.05000038 0 P 0
L 12.36700092 15.55800038 12.87500092 15.30400038 0 P 0
L 12.454001 18.5000011 12.708001 17.9920011 0 P 0
L 12.454001 18.5000011 12.708001 19.0080011 0 P 0
L 12.4919994 17.9920011 12.7459994 18.5000011 0 P 0
L 12.4919994 17.9920011 12.9999994 18.2460011 0 P 0
L 12.4919994 19.0080011 12.7459994 18.5000011 0 P 0
L 12.4919994 19.0080011 12.9999994 18.7540011 0 P 0
L 12.5000004 22.9460044 13.0080004 22.6920044 0 P 0
L 12.5000004 23.4540044 13.0080004 23.7080044 0 P 0
L 12.5000004 24.44600394 13.0080004 24.19200394 0 P 0
L 12.5000004 24.95400394 13.0080004 25.20800394 0 P 0
L 12.5000004 28.94600256 13.0080004 28.69200256 0 P 0
L 12.5000004 29.45400256 13.0080004 29.70800256 0 P 0
L 12.5000004 30.4460021 13.0080004 30.1920021 0 P 0
L 12.5000004 30.9540021 13.0080004 31.2080021 0 P 0
L 12.5000004 31.94600164 13.0080004 31.69200164 0 P 0
L 12.5000004 32.45400164 13.0080004 32.70800164 0 P 0
L 12.5000004 33.44600118 13.0080004 33.19200118 0 P 0
L 12.5000004 33.95400118 13.0080004 34.20800118 0 P 0
L 12.7540004 23.2000044 13.0080004 22.6920044 0 P 0
L 12.7540004 23.2000044 13.0080004 23.7080044 0 P 0
L 12.7540004 24.70000394 13.0080004 24.19200394 0 P 0
L 12.7540004 24.70000394 13.0080004 25.20800394 0 P 0
L 12.7540004 29.20000256 13.0080004 28.69200256 0 P 0
L 12.7540004 29.20000256 13.0080004 29.70800256 0 P 0
L 12.7540004 30.7000021 13.0080004 30.1920021 0 P 0
L 12.7540004 30.7000021 13.0080004 31.2080021 0 P 0
L 12.7540004 32.20000164 13.0080004 31.69200164 0 P 0
L 12.7540004 32.20000164 13.0080004 32.70800164 0 P 0
L 12.7540004 33.70000118 13.0080004 33.19200118 0 P 0
L 12.7540004 33.70000118 13.0080004 34.20800118 0 P 0
L 12.77800086 3.71199918 12.77800086 4.72799918 0 P 0
L 12.81700002 34.69200072 13.07100002 35.20000072 0 P 0
L 12.81700002 34.69200072 13.32500002 34.94600072 0 P 0
L 12.81700002 35.70800072 13.07100002 35.20000072 0 P 0
L 12.81700002 35.70800072 13.32500002 35.45400072 0 P 0
L 12.87500092 14.79600038 13.38300092 14.54200038 0 P 0
L 12.87500092 15.30400038 13.38300092 15.55800038 0 P 0
L 12.9999994 18.2460011 13.5079994 17.9920011 0 P 0
L 12.9999994 18.7540011 13.5079994 19.0080011 0 P 0
L 13.12900092 15.05000038 13.38300092 14.54200038 0 P 0
L 13.12900092 15.05000038 13.38300092 15.55800038 0 P 0
L 13.14200064 20.94200028 13.39600064 21.45000028 0 P 0
L 13.14200064 20.94200028 13.65000064 21.19600028 0 P 0
L 13.14200064 21.95800028 13.39600064 21.45000028 0 P 0
L 13.14200064 21.95800028 13.65000064 21.70400028 0 P 0
L 13.2539994 18.5000011 13.5079994 17.9920011 0 P 0
L 13.2539994 18.5000011 13.5079994 19.0080011 0 P 0
L 13.32500002 34.94600072 13.83300002 34.69200072 0 P 0
L 13.32500002 35.45400072 13.83300002 35.70800072 0 P 0
L 13.49199994 22.6920044 13.74599994 23.2000044 0 P 0
L 13.49199994 22.6920044 13.99999994 22.9460044 0 P 0
L 13.49199994 23.7080044 13.74599994 23.2000044 0 P 0
L 13.49199994 23.7080044 13.99999994 23.4540044 0 P 0
L 13.49199994 24.19200394 13.74599994 24.70000394 0 P 0
L 13.49199994 24.19200394 13.99999994 24.44600394 0 P 0
L 13.49199994 25.20800394 13.74599994 24.70000394 0 P 0
L 13.49199994 25.20800394 13.99999994 24.95400394 0 P 0
L 13.57900002 35.20000072 13.83300002 34.69200072 0 P 0
L 13.57900002 35.20000072 13.83300002 35.70800072 0 P 0
L 13.65000064 21.19600028 14.15800064 20.94200028 0 P 0
L 13.65000064 21.70400028 14.15800064 21.95800028 0 P 0
L 13.79199934 17.9920011 14.04599934 18.5000011 0 P 0
L 13.79199934 17.9920011 14.29999934 18.2460011 0 P 0
L 13.79199934 19.0080011 14.04599934 18.5000011 0 P 0
L 13.79199934 19.0080011 14.29999934 18.7540011 0 P 0
L 13.79199934 20.94200028 14.04599934 21.45000028 0 P 0
L 13.79199934 20.94200028 14.29999934 21.19600028 0 P 0
L 13.79199934 21.95800028 14.04599934 21.45000028 0 P 0
L 13.79199934 21.95800028 14.29999934 21.70400028 0 P 0
L 13.79199934 25.26700052 14.04599934 25.77500052 0 P 0
L 13.79199934 25.26700052 14.29999934 25.52100052 0 P 0
L 13.79199934 26.28300052 14.04599934 25.77500052 0 P 0
L 13.79199934 26.28300052 14.29999934 26.02900052 0 P 0
L 13.90400064 21.45000028 14.15800064 20.94200028 0 P 0
L 13.90400064 21.45000028 14.15800064 21.95800028 0 P 0
L 13.99999994 22.9460044 14.50799994 22.6920044 0 P 0
L 13.99999994 23.4540044 14.50799994 23.7080044 0 P 0
L 13.99999994 24.44600394 14.50799994 24.19200394 0 P 0
L 13.99999994 24.95400394 14.50799994 25.20800394 0 P 0
L 14.06700006 26.81699996 14.32100006 27.32499996 0 P 0
L 14.06700006 26.81699996 14.57500006 27.07099996 0 P 0
L 14.06700006 27.83299996 14.32100006 27.32499996 0 P 0
L 14.06700006 27.83299996 14.57500006 27.57899996 0 P 0
L 14.25399994 23.2000044 14.50799994 22.6920044 0 P 0
L 14.25399994 23.2000044 14.50799994 23.7080044 0 P 0
L 14.25399994 24.70000394 14.50799994 24.19200394 0 P 0
L 14.25399994 24.70000394 14.50799994 25.20800394 0 P 0
L 14.29999934 18.2460011 14.80799934 17.9920011 0 P 0
L 14.29999934 18.7540011 14.80799934 19.0080011 0 P 0
L 14.29999934 21.19600028 14.80799934 20.94200028 0 P 0
L 14.29999934 21.70400028 14.80799934 21.95800028 0 P 0
L 14.29999934 25.52100052 14.80799934 25.26700052 0 P 0
L 14.29999934 26.02900052 14.80799934 26.28300052 0 P 0
L 14.30200086 3.71199918 14.30200086 4.72799918 0 P 0
L 14.30200086 3.71199918 15.31800086 3.71199918 0 P 0
L 14.30200086 4.72799918 15.31800086 4.72799918 0 P 0
L 14.44200058 20.94200028 14.69600058 21.45000028 0 P 0
L 14.44200058 20.94200028 14.95000058 21.19600028 0 P 0
L 14.44200058 21.95800028 14.69600058 21.45000028 0 P 0
L 14.44200058 21.95800028 14.95000058 21.70400028 0 P 0
L 14.55399934 18.5000011 14.80799934 17.9920011 0 P 0
L 14.55399934 18.5000011 14.80799934 19.0080011 0 P 0
L 14.55399934 21.45000028 14.80799934 20.94200028 0 P 0
L 14.55399934 21.45000028 14.80799934 21.95800028 0 P 0
L 14.55399934 25.77500052 14.80799934 25.26700052 0 P 0
L 14.55399934 25.77500052 14.80799934 26.28300052 0 P 0
L 14.57500006 27.07099996 15.08300006 26.81699996 0 P 0
L 14.57500006 27.57899996 15.08300006 27.83299996 0 P 0
L 14.74199998 13.61700096 14.99599998 14.12500096 0 P 0
L 14.74199998 13.61700096 15.24999998 13.87100096 0 P 0
L 14.74199998 14.63300096 14.99599998 14.12500096 0 P 0
L 14.74199998 14.63300096 15.24999998 14.37900096 0 P 0
L 14.82900006 27.32499996 15.08300006 26.81699996 0 P 0
L 14.82900006 27.32499996 15.08300006 27.83299996 0 P 0
L 14.9170009 25.26700052 15.1710009 25.77500052 0 P 0
L 14.9170009 25.26700052 15.4250009 25.52100052 0 P 0
L 14.9170009 26.28300052 15.1710009 25.77500052 0 P 0
L 14.9170009 26.28300052 15.4250009 26.02900052 0 P 0
L 14.95000058 21.19600028 15.45800058 20.94200028 0 P 0
L 14.95000058 21.70400028 15.45800058 21.95800028 0 P 0
L 14.99199948 18.2420006 15.24599948 18.7500006 0 P 0
L 14.99199948 18.2420006 15.49999948 18.4960006 0 P 0
L 14.99199948 19.2580006 15.24599948 18.7500006 0 P 0
L 14.99199948 19.2580006 15.49999948 19.0040006 0 P 0
L 14.99199948 22.6920044 15.24599948 23.2000044 0 P 0
L 14.99199948 22.6920044 15.49999948 22.9460044 0 P 0
L 14.99199948 23.7080044 15.24599948 23.2000044 0 P 0
L 14.99199948 23.7080044 15.49999948 23.4540044 0 P 0
L 14.99199948 24.19200394 15.24599948 24.70000394 0 P 0
L 14.99199948 24.19200394 15.49999948 24.44600394 0 P 0
L 14.99199948 25.20800394 15.24599948 24.70000394 0 P 0
L 14.99199948 25.20800394 15.49999948 24.95400394 0 P 0
L 15.20400058 21.45000028 15.45800058 20.94200028 0 P 0
L 15.20400058 21.45000028 15.45800058 21.95800028 0 P 0
L 15.24999998 13.87100096 15.75799998 13.61700096 0 P 0
L 15.24999998 14.37900096 15.75799998 14.63300096 0 P 0
L 15.31800086 3.71199918 15.31800086 4.72799918 0 P 0
L 15.3730706 14.48592988 15.6270706 14.99392988 0 P 0
L 15.3730706 14.48592988 15.8810706 14.73992988 0 P 0
L 15.3730706 15.50192988 15.6270706 14.99392988 0 P 0
L 15.3730706 15.50192988 15.8810706 15.24792988 0 P 0
L 15.4250009 25.52100052 15.9330009 25.26700052 0 P 0
L 15.4250009 26.02900052 15.9330009 26.28300052 0 P 0
L 15.49999948 18.4960006 16.00799948 18.2420006 0 P 0
L 15.49999948 19.0040006 16.00799948 19.2580006 0 P 0
L 15.49999948 22.9460044 16.00799948 22.6920044 0 P 0
L 15.49999948 23.4540044 16.00799948 23.7080044 0 P 0
L 15.49999948 24.44600394 16.00799948 24.19200394 0 P 0
L 15.49999948 24.95400394 16.00799948 25.20800394 0 P 0
L 15.50399998 14.12500096 15.75799998 13.61700096 0 P 0
L 15.50399998 14.12500096 15.75799998 14.63300096 0 P 0
L 15.5669996 34.69200072 15.8209996 35.20000072 0 P 0
L 15.5669996 34.69200072 16.0749996 34.94600072 0 P 0
L 15.5669996 35.70800072 15.8209996 35.20000072 0 P 0
L 15.5669996 35.70800072 16.0749996 35.45400072 0 P 0
L 15.59200082 25.96699912 15.84600082 26.47499912 0 P 0
L 15.59200082 25.96699912 16.10000082 26.22099912 0 P 0
L 15.59200082 26.98299912 15.84600082 26.47499912 0 P 0
L 15.59200082 26.98299912 16.10000082 26.72899912 0 P 0
L 15.6790009 25.77500052 15.9330009 25.26700052 0 P 0
L 15.6790009 25.77500052 15.9330009 26.28300052 0 P 0
L 15.75399948 18.7500006 16.00799948 18.2420006 0 P 0
L 15.75399948 18.7500006 16.00799948 19.2580006 0 P 0
L 15.75399948 23.2000044 16.00799948 22.6920044 0 P 0
L 15.75399948 23.2000044 16.00799948 23.7080044 0 P 0
L 15.75399948 24.70000394 16.00799948 24.19200394 0 P 0
L 15.75399948 24.70000394 16.00799948 25.20800394 0 P 0
L 15.79200042 18.2420006 16.04600042 18.7500006 0 P 0
L 15.79200042 18.2420006 16.30000042 18.4960006 0 P 0
L 15.79200042 19.2580006 16.04600042 18.7500006 0 P 0
L 15.79200042 19.2580006 16.30000042 19.0040006 0 P 0
L 15.8810706 14.73992988 16.3890706 14.48592988 0 P 0
L 15.8810706 15.24792988 16.3890706 15.50192988 0 P 0
L 16.0749996 34.94600072 16.5829996 34.69200072 0 P 0
L 16.0749996 35.45400072 16.5829996 35.70800072 0 P 0
L 16.10000082 26.22099912 16.60800082 25.96699912 0 P 0
L 16.10000082 26.72899912 16.60800082 26.98299912 0 P 0
L 16.1350706 14.99392988 16.3890706 14.48592988 0 P 0
L 16.1350706 14.99392988 16.3890706 15.50192988 0 P 0
L 16.30000042 18.4960006 16.80800042 18.2420006 0 P 0
L 16.30000042 19.0040006 16.80800042 19.2580006 0 P 0
L 16.3289996 35.20000072 16.5829996 34.69200072 0 P 0
L 16.3289996 35.20000072 16.5829996 35.70800072 0 P 0
L 16.35400082 26.47499912 16.60800082 25.96699912 0 P 0
L 16.35400082 26.47499912 16.60800082 26.98299912 0 P 0
L 16.49199902 31.69200164 16.74599902 32.20000164 0 P 0
L 16.49199902 31.69200164 16.99999902 31.94600164 0 P 0
L 16.49199902 32.70800164 16.74599902 32.20000164 0 P 0
L 16.49199902 32.70800164 16.99999902 32.45400164 0 P 0
L 16.49199902 33.19200118 16.74599902 33.70000118 0 P 0
L 16.49199902 33.19200118 16.99999902 33.44600118 0 P 0
L 16.49199902 34.20800118 16.74599902 33.70000118 0 P 0
L 16.49199902 34.20800118 16.99999902 33.95400118 0 P 0
L 16.49199902 34.69200072 16.74599902 35.20000072 0 P 0
L 16.49199902 34.69200072 16.99999902 34.94600072 0 P 0
L 16.49199902 35.70800072 16.74599902 35.20000072 0 P 0
L 16.49199902 35.70800072 16.99999902 35.45400072 0 P 0
L 16.55400042 18.7500006 16.80800042 18.2420006 0 P 0
L 16.55400042 18.7500006 16.80800042 19.2580006 0 P 0
L 16.59199882 18.2420006 16.84599882 18.7500006 0 P 0
L 16.59199882 18.2420006 17.09999882 18.4960006 0 P 0
L 16.59199882 19.2580006 16.84599882 18.7500006 0 P 0
L 16.59199882 19.2580006 17.09999882 19.0040006 0 P 0
L 16.84200086 3.71199918 16.84200086 4.72799918 0 P 0
L 16.84200086 3.71199918 17.85800086 3.71199918 0 P 0
L 16.84200086 4.72799918 17.85800086 4.72799918 0 P 0
L 16.99999902 31.94600164 17.50799902 31.69200164 0 P 0
L 16.99999902 32.45400164 17.50799902 32.70800164 0 P 0
L 16.99999902 33.44600118 17.50799902 33.19200118 0 P 0
L 16.99999902 33.95400118 17.50799902 34.20800118 0 P 0
L 16.99999902 34.94600072 17.50799902 34.69200072 0 P 0
L 16.99999902 35.45400072 17.50799902 35.70800072 0 P 0
L 17.09999882 18.4960006 17.60799882 18.2420006 0 P 0
L 17.09999882 19.0040006 17.60799882 19.2580006 0 P 0
L 17.25399902 32.20000164 17.50799902 31.69200164 0 P 0
L 17.25399902 32.20000164 17.50799902 32.70800164 0 P 0
L 17.25399902 33.70000118 17.50799902 33.19200118 0 P 0
L 17.25399902 33.70000118 17.50799902 34.20800118 0 P 0
L 17.25399902 35.20000072 17.50799902 34.69200072 0 P 0
L 17.25399902 35.20000072 17.50799902 35.70800072 0 P 0
L 17.35399882 18.7500006 17.60799882 18.2420006 0 P 0
L 17.35399882 18.7500006 17.60799882 19.2580006 0 P 0
L 17.85800086 3.71199918 17.85800086 4.72799918 0 P 0
L 17.99199856 28.69200256 18.24599856 29.20000256 0 P 0
L 17.99199856 28.69200256 18.49999856 28.94600256 0 P 0
L 17.99199856 29.70800256 18.24599856 29.20000256 0 P 0
L 17.99199856 29.70800256 18.49999856 29.45400256 0 P 0
L 17.99199856 30.1920021 18.24599856 30.7000021 0 P 0
L 17.99199856 30.1920021 18.49999856 30.4460021 0 P 0
L 17.99199856 31.2080021 18.24599856 30.7000021 0 P 0
L 17.99199856 31.2080021 18.49999856 30.9540021 0 P 0
L 17.99199856 31.69200164 18.24599856 32.20000164 0 P 0
L 17.99199856 31.69200164 18.49999856 31.94600164 0 P 0
L 17.99199856 32.70800164 18.24599856 32.20000164 0 P 0
L 17.99199856 32.70800164 18.49999856 32.45400164 0 P 0
L 17.99199856 33.19200118 18.24599856 33.70000118 0 P 0
L 17.99199856 33.19200118 18.49999856 33.44600118 0 P 0
L 17.99199856 34.20800118 18.24599856 33.70000118 0 P 0
L 17.99199856 34.20800118 18.49999856 33.95400118 0 P 0
L 17.99199856 34.69200072 18.24599856 35.20000072 0 P 0
L 17.99199856 34.69200072 18.49999856 34.94600072 0 P 0
L 17.99199856 35.70800072 18.24599856 35.20000072 0 P 0
L 17.99199856 35.70800072 18.49999856 35.45400072 0 P 0
L 17.9920011 9.74600032 18.2460011 9.74600032 0 P 0
L 17.9920011 9.74600032 18.2460011 10.00000032 0 P 0
L 17.9920011 10.25400032 18.2460011 10.00000032 0 P 0
L 17.9920011 10.25400032 18.2460011 10.25400032 0 P 0
L 18.2460011 9.74600032 18.5000011 9.49200032 0 P 0
L 18.2460011 10.25400032 18.5000011 10.50800032 0 P 0
L 18.49999856 28.94600256 19.00799856 28.69200256 0 P 0
L 18.49999856 29.45400256 19.00799856 29.70800256 0 P 0
L 18.49999856 30.4460021 19.00799856 30.1920021 0 P 0
L 18.49999856 30.9540021 19.00799856 31.2080021 0 P 0
L 18.49999856 31.94600164 19.00799856 31.69200164 0 P 0
L 18.49999856 32.45400164 19.00799856 32.70800164 0 P 0
L 18.49999856 33.44600118 19.00799856 33.19200118 0 P 0
L 18.49999856 33.95400118 19.00799856 34.20800118 0 P 0
L 18.49999856 34.94600072 19.00799856 34.69200072 0 P 0
L 18.49999856 35.45400072 19.00799856 35.70800072 0 P 0
L 18.5000011 9.49200032 18.7540011 9.74600032 0 P 0
L 18.5000011 10.50800032 18.7540011 10.25400032 0 P 0
L 18.75399856 29.20000256 19.00799856 28.69200256 0 P 0
L 18.75399856 29.20000256 19.00799856 29.70800256 0 P 0
L 18.75399856 30.7000021 19.00799856 30.1920021 0 P 0
L 18.75399856 30.7000021 19.00799856 31.2080021 0 P 0
L 18.75399856 32.20000164 19.00799856 31.69200164 0 P 0
L 18.75399856 32.20000164 19.00799856 32.70800164 0 P 0
L 18.75399856 33.70000118 19.00799856 33.19200118 0 P 0
L 18.75399856 33.70000118 19.00799856 34.20800118 0 P 0
L 18.75399856 35.20000072 19.00799856 34.69200072 0 P 0
L 18.75399856 35.20000072 19.00799856 35.70800072 0 P 0
L 18.7540011 9.74600032 19.0080011 9.74600032 0 P 0
L 18.7540011 10.00000032 19.0080011 9.74600032 0 P 0
L 18.7540011 10.00000032 19.0080011 10.25400032 0 P 0
L 18.7540011 10.25400032 19.0080011 10.25400032 0 P 0
L 18.9919991 18.2420006 19.2459991 18.7500006 0 P 0
L 18.9919991 18.2420006 19.4999991 18.4960006 0 P 0
L 18.9919991 19.2580006 19.2459991 18.7500006 0 P 0
L 18.9919991 19.2580006 19.4999991 19.0040006 0 P 0
L 19.38200086 3.71199918 19.38200086 4.72799918 0 P 0
L 19.38200086 3.71199918 20.39800086 3.71199918 0 P 0
L 19.38200086 4.72799918 20.39800086 4.72799918 0 P 0
L 19.4919981 22.6920044 19.7459981 23.2000044 0 P 0
L 19.4919981 22.6920044 19.9999981 22.9460044 0 P 0
L 19.4919981 23.7080044 19.7459981 23.2000044 0 P 0
L 19.4919981 23.7080044 19.9999981 23.4540044 0 P 0
L 19.4919981 24.19200394 19.7459981 24.70000394 0 P 0
L 19.4919981 24.19200394 19.9999981 24.44600394 0 P 0
L 19.4919981 25.20800394 19.7459981 24.70000394 0 P 0
L 19.4919981 25.20800394 19.9999981 24.95400394 0 P 0
L 19.4919981 25.69200348 19.7459981 26.20000348 0 P 0
L 19.4919981 25.69200348 19.9999981 25.94600348 0 P 0
L 19.4919981 26.70800348 19.7459981 26.20000348 0 P 0
L 19.4919981 26.70800348 19.9999981 26.45400348 0 P 0
L 19.4919981 27.19200302 19.7459981 27.70000302 0 P 0
L 19.4919981 27.19200302 19.9999981 27.44600302 0 P 0
L 19.4919981 28.20800302 19.7459981 27.70000302 0 P 0
L 19.4919981 28.20800302 19.9999981 27.95400302 0 P 0
L 19.4919981 28.69200256 19.7459981 29.20000256 0 P 0
L 19.4919981 28.69200256 19.9999981 28.94600256 0 P 0
L 19.4919981 29.70800256 19.7459981 29.20000256 0 P 0
L 19.4919981 29.70800256 19.9999981 29.45400256 0 P 0
L 19.4919981 30.1920021 19.7459981 30.7000021 0 P 0
L 19.4919981 30.1920021 19.9999981 30.4460021 0 P 0
L 19.4919981 31.2080021 19.7459981 30.7000021 0 P 0
L 19.4919981 31.2080021 19.9999981 30.9540021 0 P 0
L 19.4919981 31.69200164 19.7459981 32.20000164 0 P 0
L 19.4919981 31.69200164 19.9999981 31.94600164 0 P 0
L 19.4919981 32.70800164 19.7459981 32.20000164 0 P 0
L 19.4919981 32.70800164 19.9999981 32.45400164 0 P 0
L 19.4919981 33.19200118 19.7459981 33.70000118 0 P 0
L 19.4919981 33.19200118 19.9999981 33.44600118 0 P 0
L 19.4919981 34.20800118 19.7459981 33.70000118 0 P 0
L 19.4919981 34.20800118 19.9999981 33.95400118 0 P 0
L 19.4919981 34.69200072 19.7459981 35.20000072 0 P 0
L 19.4919981 34.69200072 19.9999981 34.94600072 0 P 0
L 19.4919981 35.70800072 19.7459981 35.20000072 0 P 0
L 19.4919981 35.70800072 19.9999981 35.45400072 0 P 0
L 19.4999991 18.4960006 20.0079991 18.2420006 0 P 0
L 19.4999991 19.0040006 20.0079991 19.2580006 0 P 0
L 19.61699912 16.49199902 19.87099912 16.99999902 0 P 0
L 19.61699912 16.49199902 20.12499912 16.74599902 0 P 0
L 19.61699912 17.50799902 19.87099912 16.99999902 0 P 0
L 19.61699912 17.50799902 20.12499912 17.25399902 0 P 0
L 19.7539991 18.7500006 20.0079991 18.2420006 0 P 0
L 19.7539991 18.7500006 20.0079991 19.2580006 0 P 0
L 19.79200004 18.2420006 20.04600004 18.7500006 0 P 0
L 19.79200004 18.2420006 20.30000004 18.4960006 0 P 0
L 19.79200004 19.2580006 20.04600004 18.7500006 0 P 0
L 19.79200004 19.2580006 20.30000004 19.0040006 0 P 0
L 19.9999981 22.9460044 20.5079981 22.6920044 0 P 0
L 19.9999981 23.4540044 20.5079981 23.7080044 0 P 0
L 19.9999981 24.44600394 20.5079981 24.19200394 0 P 0
L 19.9999981 24.95400394 20.5079981 25.20800394 0 P 0
L 19.9999981 25.94600348 20.5079981 25.69200348 0 P 0
L 19.9999981 26.45400348 20.5079981 26.70800348 0 P 0
L 19.9999981 27.44600302 20.5079981 27.19200302 0 P 0
L 19.9999981 27.95400302 20.5079981 28.20800302 0 P 0
L 19.9999981 28.94600256 20.5079981 28.69200256 0 P 0
L 19.9999981 29.45400256 20.5079981 29.70800256 0 P 0
L 19.9999981 30.4460021 20.5079981 30.1920021 0 P 0
L 19.9999981 30.9540021 20.5079981 31.2080021 0 P 0
L 19.9999981 31.94600164 20.5079981 31.69200164 0 P 0
L 19.9999981 32.45400164 20.5079981 32.70800164 0 P 0
L 19.9999981 33.44600118 20.5079981 33.19200118 0 P 0
L 19.9999981 33.95400118 20.5079981 34.20800118 0 P 0
L 19.9999981 34.94600072 20.5079981 34.69200072 0 P 0
L 19.9999981 35.45400072 20.5079981 35.70800072 0 P 0
L 20.12499912 16.74599902 20.63299912 16.49199902 0 P 0
L 20.12499912 17.25399902 20.63299912 17.50799902 0 P 0
L 20.2539981 23.2000044 20.5079981 22.6920044 0 P 0
L 20.2539981 23.2000044 20.5079981 23.7080044 0 P 0
L 20.2539981 24.70000394 20.5079981 24.19200394 0 P 0
L 20.2539981 24.70000394 20.5079981 25.20800394 0 P 0
L 20.2539981 26.20000348 20.5079981 25.69200348 0 P 0
L 20.2539981 26.20000348 20.5079981 26.70800348 0 P 0
L 20.2539981 27.70000302 20.5079981 27.19200302 0 P 0
L 20.2539981 27.70000302 20.5079981 28.20800302 0 P 0
L 20.2539981 29.20000256 20.5079981 28.69200256 0 P 0
L 20.2539981 29.20000256 20.5079981 29.70800256 0 P 0
L 20.2539981 30.7000021 20.5079981 30.1920021 0 P 0
L 20.2539981 30.7000021 20.5079981 31.2080021 0 P 0
L 20.2539981 32.20000164 20.5079981 31.69200164 0 P 0
L 20.2539981 32.20000164 20.5079981 32.70800164 0 P 0
L 20.2539981 33.70000118 20.5079981 33.19200118 0 P 0
L 20.2539981 33.70000118 20.5079981 34.20800118 0 P 0
L 20.2539981 35.20000072 20.5079981 34.69200072 0 P 0
L 20.2539981 35.20000072 20.5079981 35.70800072 0 P 0
L 20.30000004 18.4960006 20.80800004 18.2420006 0 P 0
L 20.30000004 19.0040006 20.80800004 19.2580006 0 P 0
L 20.37899912 16.99999902 20.63299912 16.49199902 0 P 0
L 20.37899912 16.99999902 20.63299912 17.50799902 0 P 0
L 20.39800086 3.71199918 20.39800086 4.72799918 0 P 0
L 20.55400004 18.7500006 20.80800004 18.2420006 0 P 0
L 20.55400004 18.7500006 20.80800004 19.2580006 0 P 0
L 20.59200098 18.2420006 20.84600098 18.7500006 0 P 0
L 20.59200098 18.2420006 21.10000098 18.4960006 0 P 0
L 20.59200098 19.2580006 20.84600098 18.7500006 0 P 0
L 20.59200098 19.2580006 21.10000098 19.0040006 0 P 0
L 20.74200068 21.19199978 20.99600068 21.69999978 0 P 0
L 20.74200068 21.19199978 21.25000068 21.44599978 0 P 0
L 20.74200068 22.20799978 20.99600068 21.69999978 0 P 0
L 20.74200068 22.20799978 21.25000068 21.95399978 0 P 0
L 20.74200068 22.69199932 20.99600068 23.19999932 0 P 0
L 20.74200068 22.69199932 21.25000068 22.94599932 0 P 0
L 20.74200068 23.70799932 20.99600068 23.19999932 0 P 0
L 20.74200068 23.70799932 21.25000068 23.45399932 0 P 0
L 20.74200068 24.19199886 20.99600068 24.69999886 0 P 0
L 20.74200068 24.19199886 21.25000068 24.44599886 0 P 0
L 20.74200068 25.20799886 20.99600068 24.69999886 0 P 0
L 20.74200068 25.20799886 21.25000068 24.95399886 0 P 0
L 20.74200068 25.69200094 20.99600068 26.20000094 0 P 0
L 20.74200068 25.69200094 21.25000068 25.94600094 0 P 0
L 20.74200068 26.70800094 20.99600068 26.20000094 0 P 0
L 20.74200068 26.70800094 21.25000068 26.45400094 0 P 0
L 20.74200068 27.19200048 20.99600068 27.70000048 0 P 0
L 20.74200068 27.19200048 21.25000068 27.44600048 0 P 0
L 20.74200068 28.20800048 20.99600068 27.70000048 0 P 0
L 20.74200068 28.20800048 21.25000068 27.95400048 0 P 0
L 20.74200068 28.69200002 20.99600068 29.20000002 0 P 0
L 20.74200068 28.69200002 21.25000068 28.94600002 0 P 0
L 20.74200068 29.70800002 20.99600068 29.20000002 0 P 0
L 20.74200068 29.70800002 21.25000068 29.45400002 0 P 0
L 20.74200068 30.19199956 20.99600068 30.69999956 0 P 0
L 20.74200068 30.19199956 21.25000068 30.44599956 0 P 0
L 20.74200068 31.20799956 20.99600068 30.69999956 0 P 0
L 20.74200068 31.20799956 21.25000068 30.95399956 0 P 0
L 20.74200068 31.6919991 20.99600068 32.1999991 0 P 0
L 20.74200068 31.6919991 21.25000068 31.9459991 0 P 0
L 20.74200068 32.7079991 20.99600068 32.1999991 0 P 0
L 20.74200068 32.7079991 21.25000068 32.4539991 0 P 0
L 20.74200068 33.19200118 20.99600068 33.70000118 0 P 0
L 20.74200068 33.19200118 21.25000068 33.44600118 0 P 0
L 20.74200068 34.20800118 20.99600068 33.70000118 0 P 0
L 20.74200068 34.20800118 21.25000068 33.95400118 0 P 0
L 20.74200068 34.69200072 20.99600068 35.20000072 0 P 0
L 20.74200068 34.69200072 21.25000068 34.94600072 0 P 0
L 20.74200068 35.70800072 20.99600068 35.20000072 0 P 0
L 20.74200068 35.70800072 21.25000068 35.45400072 0 P 0
L 21.10000098 18.4960006 21.60800098 18.2420006 0 P 0
L 21.10000098 19.0040006 21.60800098 19.2580006 0 P 0
L 21.25000068 21.44599978 21.75800068 21.19199978 0 P 0
L 21.25000068 21.95399978 21.75800068 22.20799978 0 P 0
L 21.25000068 22.94599932 21.75800068 22.69199932 0 P 0
L 21.25000068 23.45399932 21.75800068 23.70799932 0 P 0
L 21.25000068 24.44599886 21.75800068 24.19199886 0 P 0
L 21.25000068 24.95399886 21.75800068 25.20799886 0 P 0
L 21.25000068 25.94600094 21.75800068 25.69200094 0 P 0
L 21.25000068 26.45400094 21.75800068 26.70800094 0 P 0
L 21.25000068 27.44600048 21.75800068 27.19200048 0 P 0
L 21.25000068 27.95400048 21.75800068 28.20800048 0 P 0
L 21.25000068 28.94600002 21.75800068 28.69200002 0 P 0
L 21.25000068 29.45400002 21.75800068 29.70800002 0 P 0
L 21.25000068 30.44599956 21.75800068 30.19199956 0 P 0
L 21.25000068 30.95399956 21.75800068 31.20799956 0 P 0
L 21.25000068 31.9459991 21.75800068 31.6919991 0 P 0
L 21.25000068 32.4539991 21.75800068 32.7079991 0 P 0
L 21.25000068 33.44600118 21.75800068 33.19200118 0 P 0
L 21.25000068 33.95400118 21.75800068 34.20800118 0 P 0
L 21.25000068 34.94600072 21.75800068 34.69200072 0 P 0
L 21.25000068 35.45400072 21.75800068 35.70800072 0 P 0
L 21.35400098 18.7500006 21.60800098 18.2420006 0 P 0
L 21.35400098 18.7500006 21.60800098 19.2580006 0 P 0
L 21.50400068 21.69999978 21.75800068 21.19199978 0 P 0
L 21.50400068 21.69999978 21.75800068 22.20799978 0 P 0
L 21.50400068 23.19999932 21.75800068 22.69199932 0 P 0
L 21.50400068 23.19999932 21.75800068 23.70799932 0 P 0
L 21.50400068 24.69999886 21.75800068 24.19199886 0 P 0
L 21.50400068 24.69999886 21.75800068 25.20799886 0 P 0
L 21.50400068 26.20000094 21.75800068 25.69200094 0 P 0
L 21.50400068 26.20000094 21.75800068 26.70800094 0 P 0
L 21.50400068 27.70000048 21.75800068 27.19200048 0 P 0
L 21.50400068 27.70000048 21.75800068 28.20800048 0 P 0
L 21.50400068 29.20000002 21.75800068 28.69200002 0 P 0
L 21.50400068 29.20000002 21.75800068 29.70800002 0 P 0
L 21.50400068 30.69999956 21.75800068 30.19199956 0 P 0
L 21.50400068 30.69999956 21.75800068 31.20799956 0 P 0
L 21.50400068 32.1999991 21.75800068 31.6919991 0 P 0
L 21.50400068 32.1999991 21.75800068 32.7079991 0 P 0
L 21.50400068 33.70000118 21.75800068 33.19200118 0 P 0
L 21.50400068 33.70000118 21.75800068 34.20800118 0 P 0
L 21.50400068 35.20000072 21.75800068 34.69200072 0 P 0
L 21.50400068 35.20000072 21.75800068 35.70800072 0 P 0
