UNITS=MM
#Layer_Color=9474304
#
#Feature symbol names
#
$0 r127
$1 r169.33164

#
#Feature attribute names
#

#
#Layer features
#
A 8.96800086 10.0100003 8.96800086 10.0100003 8.46000086 10.0100003 1 P 0 N
A 14.04800086 8.9940003 14.04800086 8.9940003 13.54000086 8.9940003 1 P 0 N
A 14.04800086 11.0260003 14.04800086 11.0260003 13.54000086 11.0260003 1 P 0 N
L 0.24200104 22.24200022 0.49600104 22.75000022 0 P 0
L 0.24200104 22.24200022 0.75000104 22.49600022 0 P 0
L 0.24200104 23.25800022 0.49600104 22.75000022 0 P 0
L 0.24200104 23.25800022 0.75000104 23.00400022 0 P 0
L 0.24200104 23.74199976 0.49600104 24.24999976 0 P 0
L 0.24200104 23.74199976 0.75000104 23.99599976 0 P 0
L 0.24200104 24.75799976 0.49600104 24.24999976 0 P 0
L 0.24200104 24.75799976 0.75000104 24.50399976 0 P 0
L 0.24200104 25.2419993 0.49600104 25.7499993 0 P 0
L 0.24200104 25.2419993 0.75000104 25.4959993 0 P 0
L 0.24200104 26.2579993 0.49600104 25.7499993 0 P 0
L 0.24200104 26.2579993 0.75000104 26.0039993 0 P 0
L 0.24200104 26.74200138 0.49600104 27.25000138 0 P 0
L 0.24200104 26.74200138 0.75000104 26.99600138 0 P 0
L 0.24200104 27.75800138 0.49600104 27.25000138 0 P 0
L 0.24200104 27.75800138 0.75000104 27.50400138 0 P 0
L 0.24200104 28.24200092 0.49600104 28.75000092 0 P 0
L 0.24200104 28.24200092 0.75000104 28.49600092 0 P 0
L 0.24200104 29.25800092 0.49600104 28.75000092 0 P 0
L 0.24200104 29.25800092 0.75000104 29.00400092 0 P 0
L 0.24200104 29.74200046 0.49600104 30.25000046 0 P 0
L 0.24200104 29.74200046 0.75000104 29.99600046 0 P 0
L 0.24200104 30.75800046 0.49600104 30.25000046 0 P 0
L 0.24200104 30.75800046 0.75000104 30.50400046 0 P 0
L 0.24200104 31.242 0.49600104 31.75 0 P 0
L 0.24200104 31.242 0.75000104 31.496 0 P 0
L 0.24200104 32.258 0.49600104 31.75 0 P 0
L 0.24200104 32.258 0.75000104 32.004 0 P 0
L 0.24200104 32.74199954 0.49600104 33.24999954 0 P 0
L 0.24200104 32.74199954 0.75000104 32.99599954 0 P 0
L 0.24200104 33.75799954 0.49600104 33.24999954 0 P 0
L 0.24200104 33.75799954 0.75000104 33.50399954 0 P 0
L 0.24200104 34.24199908 0.49600104 34.74999908 0 P 0
L 0.24200104 34.24199908 0.75000104 34.49599908 0 P 0
L 0.24200104 35.25799908 0.49600104 34.74999908 0 P 0
L 0.24200104 35.25799908 0.75000104 35.00399908 0 P 0
L 0.24200104 35.74200116 0.49600104 36.25000116 0 P 0
L 0.24200104 35.74200116 0.75000104 35.99600116 0 P 0
L 0.24200104 36.75800116 0.49600104 36.25000116 0 P 0
L 0.24200104 36.75800116 0.75000104 36.50400116 0 P 0
L 0.24200104 37.2420007 0.49600104 37.7500007 0 P 0
L 0.24200104 37.2420007 0.75000104 37.4960007 0 P 0
L 0.24200104 38.2580007 0.49600104 37.7500007 0 P 0
L 0.24200104 38.2580007 0.75000104 38.0040007 0 P 0
L 0.24200104 38.74200024 0.49600104 39.25000024 0 P 0
L 0.24200104 38.74200024 0.75000104 38.99600024 0 P 0
L 0.24200104 39.75800024 0.49600104 39.25000024 0 P 0
L 0.24200104 39.75800024 0.75000104 39.50400024 0 P 0
L 0.75000104 22.49600022 1.25800104 22.24200022 0 P 0
L 0.75000104 23.00400022 1.25800104 23.25800022 0 P 0
L 0.75000104 23.99599976 1.25800104 23.74199976 0 P 0
L 0.75000104 24.50399976 1.25800104 24.75799976 0 P 0
L 0.75000104 25.4959993 1.25800104 25.2419993 0 P 0
L 0.75000104 26.0039993 1.25800104 26.2579993 0 P 0
L 0.75000104 26.99600138 1.25800104 26.74200138 0 P 0
L 0.75000104 27.50400138 1.25800104 27.75800138 0 P 0
L 0.75000104 28.49600092 1.25800104 28.24200092 0 P 0
L 0.75000104 29.00400092 1.25800104 29.25800092 0 P 0
L 0.75000104 29.99600046 1.25800104 29.74200046 0 P 0
L 0.75000104 30.50400046 1.25800104 30.75800046 0 P 0
L 0.75000104 31.496 1.25800104 31.242 0 P 0
L 0.75000104 32.004 1.25800104 32.258 0 P 0
L 0.75000104 32.99599954 1.25800104 32.74199954 0 P 0
L 0.75000104 33.50399954 1.25800104 33.75799954 0 P 0
L 0.75000104 34.49599908 1.25800104 34.24199908 0 P 0
L 0.75000104 35.00399908 1.25800104 35.25799908 0 P 0
L 0.75000104 35.99600116 1.25800104 35.74200116 0 P 0
L 0.75000104 36.50400116 1.25800104 36.75800116 0 P 0
L 0.75000104 37.4960007 1.25800104 37.2420007 0 P 0
L 0.75000104 38.0040007 1.25800104 38.2580007 0 P 0
L 0.75000104 38.99600024 1.25800104 38.74200024 0 P 0
L 0.75000104 39.50400024 1.25800104 39.75800024 0 P 0
L 0.86700106 20.99200018 1.12100106 21.50000018 0 P 0
L 0.86700106 20.99200018 1.37500106 21.24600018 0 P 0
L 0.86700106 22.00800018 1.12100106 21.50000018 0 P 0
L 0.86700106 22.00800018 1.37500106 21.75400018 0 P 0
L 1.00400104 22.75000022 1.25800104 22.24200022 0 P 0
L 1.00400104 22.75000022 1.25800104 23.25800022 0 P 0
L 1.00400104 24.24999976 1.25800104 23.74199976 0 P 0
L 1.00400104 24.24999976 1.25800104 24.75799976 0 P 0
L 1.00400104 25.7499993 1.25800104 25.2419993 0 P 0
L 1.00400104 25.7499993 1.25800104 26.2579993 0 P 0
L 1.00400104 27.25000138 1.25800104 26.74200138 0 P 0
L 1.00400104 27.25000138 1.25800104 27.75800138 0 P 0
L 1.00400104 28.75000092 1.25800104 28.24200092 0 P 0
L 1.00400104 28.75000092 1.25800104 29.25800092 0 P 0
L 1.00400104 30.25000046 1.25800104 29.74200046 0 P 0
L 1.00400104 30.25000046 1.25800104 30.75800046 0 P 0
L 1.00400104 31.75 1.25800104 31.242 0 P 0
L 1.00400104 31.75 1.25800104 32.258 0 P 0
L 1.00400104 33.24999954 1.25800104 32.74199954 0 P 0
L 1.00400104 33.24999954 1.25800104 33.75799954 0 P 0
L 1.00400104 34.74999908 1.25800104 34.24199908 0 P 0
L 1.00400104 34.74999908 1.25800104 35.25799908 0 P 0
L 1.00400104 36.25000116 1.25800104 35.74200116 0 P 0
L 1.00400104 36.25000116 1.25800104 36.75800116 0 P 0
L 1.00400104 37.7500007 1.25800104 37.2420007 0 P 0
L 1.00400104 37.7500007 1.25800104 38.2580007 0 P 0
L 1.00400104 39.25000024 1.25800104 38.74200024 0 P 0
L 1.00400104 39.25000024 1.25800104 39.75800024 0 P 0
L 1.09199934 18.4920001 1.34599934 19.0000001 0 P 0
L 1.09199934 18.4920001 1.59999934 18.7460001 0 P 0
L 1.09199934 19.5080001 1.34599934 19.0000001 0 P 0
L 1.09199934 19.5080001 1.59999934 19.2540001 0 P 0
L 1.37500106 21.24600018 1.88300106 20.99200018 0 P 0
L 1.37500106 21.75400018 1.88300106 22.00800018 0 P 0
L 1.49200362 22.24200022 1.74600362 22.75000022 0 P 0
L 1.49200362 22.24200022 2.00000362 22.49600022 0 P 0
L 1.49200362 23.25800022 1.74600362 22.75000022 0 P 0
L 1.49200362 23.25800022 2.00000362 23.00400022 0 P 0
L 1.49200362 23.74199976 1.74600362 24.24999976 0 P 0
L 1.49200362 23.74199976 2.00000362 23.99599976 0 P 0
L 1.49200362 24.75799976 1.74600362 24.24999976 0 P 0
L 1.49200362 24.75799976 2.00000362 24.50399976 0 P 0
L 1.49200362 25.2419993 1.74600362 25.7499993 0 P 0
L 1.49200362 25.2419993 2.00000362 25.4959993 0 P 0
L 1.49200362 26.2579993 1.74600362 25.7499993 0 P 0
L 1.49200362 26.2579993 2.00000362 26.0039993 0 P 0
L 1.49200362 28.24199838 1.74600362 28.74999838 0 P 0
L 1.49200362 28.24199838 2.00000362 28.49599838 0 P 0
L 1.49200362 29.25799838 1.74600362 28.74999838 0 P 0
L 1.49200362 29.25799838 2.00000362 29.00399838 0 P 0
L 1.49200362 29.74199792 1.74600362 30.24999792 0 P 0
L 1.49200362 29.74199792 2.00000362 29.99599792 0 P 0
L 1.49200362 30.75799792 1.74600362 30.24999792 0 P 0
L 1.49200362 30.75799792 2.00000362 30.50399792 0 P 0
L 1.49200362 31.24199746 1.74600362 31.74999746 0 P 0
L 1.49200362 31.24199746 2.00000362 31.49599746 0 P 0
L 1.49200362 32.25799746 1.74600362 31.74999746 0 P 0
L 1.49200362 32.25799746 2.00000362 32.00399746 0 P 0
L 1.49200362 32.741997 1.74600362 33.249997 0 P 0
L 1.49200362 32.741997 2.00000362 32.995997 0 P 0
L 1.49200362 33.757997 1.74600362 33.249997 0 P 0
L 1.49200362 33.757997 2.00000362 33.503997 0 P 0
L 1.49200362 34.24199654 1.74600362 34.74999654 0 P 0
L 1.49200362 34.24199654 2.00000362 34.49599654 0 P 0
L 1.49200362 35.25799654 1.74600362 34.74999654 0 P 0
L 1.49200362 35.25799654 2.00000362 35.00399654 0 P 0
L 1.49200362 35.74199608 1.74600362 36.24999608 0 P 0
L 1.49200362 35.74199608 2.00000362 35.99599608 0 P 0
L 1.49200362 36.75799608 1.74600362 36.24999608 0 P 0
L 1.49200362 36.75799608 2.00000362 36.50399608 0 P 0
L 1.49200362 37.24199562 1.74600362 37.74999562 0 P 0
L 1.49200362 37.24199562 2.00000362 37.49599562 0 P 0
L 1.49200362 38.25799562 1.74600362 37.74999562 0 P 0
L 1.49200362 38.25799562 2.00000362 38.00399562 0 P 0
L 1.49200362 38.74199516 1.74600362 39.24999516 0 P 0
L 1.49200362 38.74199516 2.00000362 38.99599516 0 P 0
L 1.49200362 39.75799516 1.74600362 39.24999516 0 P 0
L 1.49200362 39.75799516 2.00000362 39.50399516 0 P 0
L 1.51017478 26.72382514 1.76417478 27.23182514 0 P 0
L 1.51017478 26.72382514 2.01817478 26.97782514 0 P 0
L 1.51017478 27.73982514 1.76417478 27.23182514 0 P 0
L 1.51017478 27.73982514 2.01817478 27.48582514 0 P 0
L 1.59999934 18.7460001 2.10799934 18.4920001 0 P 0
L 1.59999934 19.2540001 2.10799934 19.5080001 0 P 0
L 1.60200086 3.71199918 1.60200086 4.72799918 0 P 0
L 1.60200086 3.71199918 2.61800086 3.71199918 0 P 0
L 1.60200086 4.72799918 2.61800086 4.72799918 0 P 0
L 1.62900106 21.50000018 1.88300106 20.99200018 0 P 0
L 1.62900106 21.50000018 1.88300106 22.00800018 0 P 0
L 1.85399934 19.0000001 2.10799934 18.4920001 0 P 0
L 1.85399934 19.0000001 2.10799934 19.5080001 0 P 0
L 1.89200028 16.61700004 2.14600028 17.12500004 0 P 0
L 1.89200028 16.61700004 2.40000028 16.87100004 0 P 0
L 1.89200028 17.63300004 2.14600028 17.12500004 0 P 0
L 1.89200028 17.63300004 2.40000028 17.37900004 0 P 0
L 2.00000362 22.49600022 2.50800362 22.24200022 0 P 0
L 2.00000362 23.00400022 2.50800362 23.25800022 0 P 0
L 2.00000362 23.99599976 2.50800362 23.74199976 0 P 0
L 2.00000362 24.50399976 2.50800362 24.75799976 0 P 0
L 2.00000362 25.4959993 2.50800362 25.2419993 0 P 0
L 2.00000362 26.0039993 2.50800362 26.2579993 0 P 0
L 2.00000362 28.49599838 2.50800362 28.24199838 0 P 0
L 2.00000362 29.00399838 2.50800362 29.25799838 0 P 0
L 2.00000362 29.99599792 2.50800362 29.74199792 0 P 0
L 2.00000362 30.50399792 2.50800362 30.75799792 0 P 0
L 2.00000362 31.49599746 2.50800362 31.24199746 0 P 0
L 2.00000362 32.00399746 2.50800362 32.25799746 0 P 0
L 2.00000362 32.995997 2.50800362 32.741997 0 P 0
L 2.00000362 33.503997 2.50800362 33.757997 0 P 0
L 2.00000362 34.49599654 2.50800362 34.24199654 0 P 0
L 2.00000362 35.00399654 2.50800362 35.25799654 0 P 0
L 2.00000362 35.99599608 2.50800362 35.74199608 0 P 0
L 2.00000362 36.50399608 2.50800362 36.75799608 0 P 0
L 2.00000362 37.49599562 2.50800362 37.24199562 0 P 0
L 2.00000362 38.00399562 2.50800362 38.25799562 0 P 0
L 2.00000362 38.99599516 2.50800362 38.74199516 0 P 0
L 2.00000362 39.50399516 2.50800362 39.75799516 0 P 0
L 2.01817478 26.97782514 2.52617478 26.72382514 0 P 0
L 2.01817478 27.48582514 2.52617478 27.73982514 0 P 0
L 2.25400362 22.75000022 2.50800362 22.24200022 0 P 0
L 2.25400362 22.75000022 2.50800362 23.25800022 0 P 0
L 2.25400362 24.24999976 2.50800362 23.74199976 0 P 0
L 2.25400362 24.24999976 2.50800362 24.75799976 0 P 0
L 2.25400362 25.7499993 2.50800362 25.2419993 0 P 0
L 2.25400362 25.7499993 2.50800362 26.2579993 0 P 0
L 2.25400362 28.74999838 2.50800362 28.24199838 0 P 0
L 2.25400362 28.74999838 2.50800362 29.25799838 0 P 0
L 2.25400362 30.24999792 2.50800362 29.74199792 0 P 0
L 2.25400362 30.24999792 2.50800362 30.75799792 0 P 0
L 2.25400362 31.74999746 2.50800362 31.24199746 0 P 0
L 2.25400362 31.74999746 2.50800362 32.25799746 0 P 0
L 2.25400362 33.249997 2.50800362 32.741997 0 P 0
L 2.25400362 33.249997 2.50800362 33.757997 0 P 0
L 2.25400362 34.74999654 2.50800362 34.24199654 0 P 0
L 2.25400362 34.74999654 2.50800362 35.25799654 0 P 0
L 2.25400362 36.24999608 2.50800362 35.74199608 0 P 0
L 2.25400362 36.24999608 2.50800362 36.75799608 0 P 0
L 2.25400362 37.74999562 2.50800362 37.24199562 0 P 0
L 2.25400362 37.74999562 2.50800362 38.25799562 0 P 0
L 2.25400362 39.24999516 2.50800362 38.74199516 0 P 0
L 2.25400362 39.24999516 2.50800362 39.75799516 0 P 0
L 2.27217478 27.23182514 2.52617478 26.72382514 0 P 0
L 2.27217478 27.23182514 2.52617478 27.73982514 0 P 0
L 2.40000028 16.87100004 2.90800028 16.61700004 0 P 0
L 2.40000028 17.37900004 2.90800028 17.63300004 0 P 0
L 2.5670002 17.24200006 2.8210002 17.75000006 0 P 0
L 2.5670002 17.24200006 3.0750002 17.49600006 0 P 0
L 2.5670002 18.25800006 2.8210002 17.75000006 0 P 0
L 2.5670002 18.25800006 3.0750002 18.00400006 0 P 0
L 2.61800086 3.71199918 2.61800086 4.72799918 0 P 0
L 2.65400028 17.12500004 2.90800028 16.61700004 0 P 0
L 2.65400028 17.12500004 2.90800028 17.63300004 0 P 0
L 2.99200062 9.74600032 3.24600062 9.74600032 0 P 0
L 2.99200062 9.74600032 3.24600062 10.00000032 0 P 0
L 2.99200062 10.25400032 3.24600062 10.00000032 0 P 0
L 2.99200062 10.25400032 3.24600062 10.25400032 0 P 0
L 2.99200316 23.74199976 3.24600316 24.24999976 0 P 0
L 2.99200316 23.74199976 3.50000316 23.99599976 0 P 0
L 2.99200316 24.75799976 3.24600316 24.24999976 0 P 0
L 2.99200316 24.75799976 3.50000316 24.50399976 0 P 0
L 2.99200316 25.2419993 3.24600316 25.7499993 0 P 0
L 2.99200316 25.2419993 3.50000316 25.4959993 0 P 0
L 2.99200316 26.2579993 3.24600316 25.7499993 0 P 0
L 2.99200316 26.2579993 3.50000316 26.0039993 0 P 0
L 2.99200316 26.74199884 3.24600316 27.24999884 0 P 0
L 2.99200316 26.74199884 3.50000316 26.99599884 0 P 0
L 2.99200316 27.75799884 3.24600316 27.24999884 0 P 0
L 2.99200316 27.75799884 3.50000316 27.50399884 0 P 0
L 2.99200316 29.74199792 3.24600316 30.24999792 0 P 0
L 2.99200316 29.74199792 3.50000316 29.99599792 0 P 0
L 2.99200316 30.75799792 3.24600316 30.24999792 0 P 0
L 2.99200316 30.75799792 3.50000316 30.50399792 0 P 0
L 2.99200316 31.24199746 3.24600316 31.74999746 0 P 0
L 2.99200316 31.24199746 3.50000316 31.49599746 0 P 0
L 2.99200316 32.25799746 3.24600316 31.74999746 0 P 0
L 2.99200316 32.25799746 3.50000316 32.00399746 0 P 0
L 2.99200316 32.741997 3.24600316 33.249997 0 P 0
L 2.99200316 32.741997 3.50000316 32.995997 0 P 0
L 2.99200316 33.757997 3.24600316 33.249997 0 P 0
L 2.99200316 33.757997 3.50000316 33.503997 0 P 0
L 2.99200316 34.24199654 3.24600316 34.74999654 0 P 0
L 2.99200316 34.24199654 3.50000316 34.49599654 0 P 0
L 2.99200316 35.25799654 3.24600316 34.74999654 0 P 0
L 2.99200316 35.25799654 3.50000316 35.00399654 0 P 0
L 2.99200316 35.74199608 3.24600316 36.24999608 0 P 0
L 2.99200316 35.74199608 3.50000316 35.99599608 0 P 0
L 2.99200316 36.75799608 3.24600316 36.24999608 0 P 0
L 2.99200316 36.75799608 3.50000316 36.50399608 0 P 0
L 2.99200316 37.24199562 3.24600316 37.74999562 0 P 0
L 2.99200316 37.24199562 3.50000316 37.49599562 0 P 0
L 2.99200316 38.25799562 3.24600316 37.74999562 0 P 0
L 2.99200316 38.25799562 3.50000316 38.00399562 0 P 0
L 2.99200316 38.74199516 3.24600316 39.24999516 0 P 0
L 2.99200316 38.74199516 3.50000316 38.99599516 0 P 0
L 2.99200316 39.75799516 3.24600316 39.24999516 0 P 0
L 2.99200316 39.75799516 3.50000316 39.50399516 0 P 0
L 3.01017432 28.22382468 3.26417432 28.73182468 0 P 0
L 3.01017432 28.22382468 3.51817432 28.47782468 0 P 0
L 3.01017432 29.23982468 3.26417432 28.73182468 0 P 0
L 3.01017432 29.23982468 3.51817432 28.98582468 0 P 0
L 3.0750002 17.49600006 3.5830002 17.24200006 0 P 0
L 3.0750002 18.00400006 3.5830002 18.25800006 0 P 0
L 3.24600062 9.74600032 3.50000062 9.49200032 0 P 0
L 3.24600062 10.25400032 3.50000062 10.50800032 0 P 0
L 3.3290002 17.75000006 3.5830002 17.24200006 0 P 0
L 3.3290002 17.75000006 3.5830002 18.25800006 0 P 0
L 3.44199972 17.91699998 3.69599972 18.42499998 0 P 0
L 3.44199972 17.91699998 3.94999972 18.17099998 0 P 0
L 3.44199972 18.93299998 3.69599972 18.42499998 0 P 0
L 3.44199972 18.93299998 3.94999972 18.67899998 0 P 0
L 3.50000062 9.49200032 3.75400062 9.74600032 0 P 0
L 3.50000062 10.50800032 3.75400062 10.25400032 0 P 0
L 3.50000316 23.99599976 4.00800316 23.74199976 0 P 0
L 3.50000316 24.50399976 4.00800316 24.75799976 0 P 0
L 3.50000316 25.4959993 4.00800316 25.2419993 0 P 0
L 3.50000316 26.0039993 4.00800316 26.2579993 0 P 0
L 3.50000316 26.99599884 4.00800316 26.74199884 0 P 0
L 3.50000316 27.50399884 4.00800316 27.75799884 0 P 0
L 3.50000316 29.99599792 4.00800316 29.74199792 0 P 0
L 3.50000316 30.50399792 4.00800316 30.75799792 0 P 0
L 3.50000316 31.49599746 4.00800316 31.24199746 0 P 0
L 3.50000316 32.00399746 4.00800316 32.25799746 0 P 0
L 3.50000316 32.995997 4.00800316 32.741997 0 P 0
L 3.50000316 33.503997 4.00800316 33.757997 0 P 0
L 3.50000316 34.49599654 4.00800316 34.24199654 0 P 0
L 3.50000316 35.00399654 4.00800316 35.25799654 0 P 0
L 3.50000316 35.99599608 4.00800316 35.74199608 0 P 0
L 3.50000316 36.50399608 4.00800316 36.75799608 0 P 0
L 3.50000316 37.49599562 4.00800316 37.24199562 0 P 0
L 3.50000316 38.00399562 4.00800316 38.25799562 0 P 0
L 3.50000316 38.99599516 4.00800316 38.74199516 0 P 0
L 3.50000316 39.50399516 4.00800316 39.75799516 0 P 0
L 3.51817432 28.47782468 4.02617432 28.22382468 0 P 0
L 3.51817432 28.98582468 4.02617432 29.23982468 0 P 0
L 3.75400062 9.74600032 4.00800062 9.74600032 0 P 0
L 3.75400062 10.00000032 4.00800062 9.74600032 0 P 0
L 3.75400062 10.00000032 4.00800062 10.25400032 0 P 0
L 3.75400062 10.25400032 4.00800062 10.25400032 0 P 0
L 3.75400316 24.24999976 4.00800316 23.74199976 0 P 0
L 3.75400316 24.24999976 4.00800316 24.75799976 0 P 0
L 3.75400316 25.7499993 4.00800316 25.2419993 0 P 0
L 3.75400316 25.7499993 4.00800316 26.2579993 0 P 0
L 3.75400316 27.24999884 4.00800316 26.74199884 0 P 0
L 3.75400316 27.24999884 4.00800316 27.75799884 0 P 0
L 3.75400316 30.24999792 4.00800316 29.74199792 0 P 0
L 3.75400316 30.24999792 4.00800316 30.75799792 0 P 0
L 3.75400316 31.74999746 4.00800316 31.24199746 0 P 0
L 3.75400316 31.74999746 4.00800316 32.25799746 0 P 0
L 3.75400316 33.249997 4.00800316 32.741997 0 P 0
L 3.75400316 33.249997 4.00800316 33.757997 0 P 0
L 3.75400316 34.74999654 4.00800316 34.24199654 0 P 0
L 3.75400316 34.74999654 4.00800316 35.25799654 0 P 0
L 3.75400316 36.24999608 4.00800316 35.74199608 0 P 0
L 3.75400316 36.24999608 4.00800316 36.75799608 0 P 0
L 3.75400316 37.74999562 4.00800316 37.24199562 0 P 0
L 3.75400316 37.74999562 4.00800316 38.25799562 0 P 0
L 3.75400316 39.24999516 4.00800316 38.74199516 0 P 0
L 3.75400316 39.24999516 4.00800316 39.75799516 0 P 0
L 3.77217432 28.73182468 4.02617432 28.22382468 0 P 0
L 3.77217432 28.73182468 4.02617432 29.23982468 0 P 0
L 3.94999972 18.17099998 4.45799972 17.91699998 0 P 0
L 3.94999972 18.67899998 4.45799972 18.93299998 0 P 0
L 4.14200086 3.71199918 4.14200086 4.72799918 0 P 0
L 4.14200086 3.71199918 5.15800086 3.71199918 0 P 0
L 4.14200086 4.72799918 5.15800086 4.72799918 0 P 0
L 4.20399972 18.42499998 4.45799972 17.91699998 0 P 0
L 4.20399972 18.42499998 4.45799972 18.93299998 0 P 0
L 4.21699944 17.96699988 4.47099944 18.47499988 0 P 0
L 4.21699944 17.96699988 4.72499944 18.22099988 0 P 0
L 4.21699944 18.98299988 4.47099944 18.47499988 0 P 0
L 4.21699944 18.98299988 4.72499944 18.72899988 0 P 0
L 4.4920027 34.24199654 4.7460027 34.74999654 0 P 0
L 4.4920027 34.24199654 5.0000027 34.49599654 0 P 0
L 4.4920027 35.25799654 4.7460027 34.74999654 0 P 0
L 4.4920027 35.25799654 5.0000027 35.00399654 0 P 0
L 4.4920027 35.74199608 4.7460027 36.24999608 0 P 0
L 4.4920027 35.74199608 5.0000027 35.99599608 0 P 0
L 4.4920027 36.75799608 4.7460027 36.24999608 0 P 0
L 4.4920027 36.75799608 5.0000027 36.50399608 0 P 0
L 4.4920027 37.24199562 4.7460027 37.74999562 0 P 0
L 4.4920027 37.24199562 5.0000027 37.49599562 0 P 0
L 4.4920027 38.25799562 4.7460027 37.74999562 0 P 0
L 4.4920027 38.25799562 5.0000027 38.00399562 0 P 0
L 4.4920027 38.74199516 4.7460027 39.24999516 0 P 0
L 4.4920027 38.74199516 5.0000027 38.99599516 0 P 0
L 4.4920027 39.75799516 4.7460027 39.24999516 0 P 0
L 4.4920027 39.75799516 5.0000027 39.50399516 0 P 0
L 4.72499944 18.22099988 5.23299944 17.96699988 0 P 0
L 4.72499944 18.72899988 5.23299944 18.98299988 0 P 0
L 4.97899944 18.47499988 5.23299944 17.96699988 0 P 0
L 4.97899944 18.47499988 5.23299944 18.98299988 0 P 0
L 5.0000027 34.49599654 5.5080027 34.24199654 0 P 0
L 5.0000027 35.00399654 5.5080027 35.25799654 0 P 0
L 5.0000027 35.99599608 5.5080027 35.74199608 0 P 0
L 5.0000027 36.50399608 5.5080027 36.75799608 0 P 0
L 5.0000027 37.49599562 5.5080027 37.24199562 0 P 0
L 5.0000027 38.00399562 5.5080027 38.25799562 0 P 0
L 5.0000027 38.99599516 5.5080027 38.74199516 0 P 0
L 5.0000027 39.50399516 5.5080027 39.75799516 0 P 0
L 5.15800086 3.71199918 5.15800086 4.72799918 0 P 0
L 5.2540027 34.74999654 5.5080027 34.24199654 0 P 0
L 5.2540027 34.74999654 5.5080027 35.25799654 0 P 0
L 5.2540027 36.24999608 5.5080027 35.74199608 0 P 0
L 5.2540027 36.24999608 5.5080027 36.75799608 0 P 0
L 5.2540027 37.74999562 5.5080027 37.24199562 0 P 0
L 5.2540027 37.74999562 5.5080027 38.25799562 0 P 0
L 5.2540027 39.24999516 5.5080027 38.74199516 0 P 0
L 5.2540027 39.24999516 5.5080027 39.75799516 0 P 0
L 5.4920007 8.24200028 5.7460007 8.75000028 0 P 0
L 5.4920007 8.24200028 6.0000007 8.49600028 0 P 0
L 5.4920007 9.25800028 5.7460007 8.75000028 0 P 0
L 5.4920007 9.25800028 6.0000007 9.00400028 0 P 0
L 5.8919999 18.36699908 6.1459999 18.87499908 0 P 0
L 5.8919999 18.36699908 6.3999999 18.62099908 0 P 0
L 5.8919999 19.38299908 6.1459999 18.87499908 0 P 0
L 5.8919999 19.38299908 6.3999999 19.12899908 0 P 0
L 5.99200224 35.74199608 6.24600224 36.24999608 0 P 0
L 5.99200224 35.74199608 6.50000224 35.99599608 0 P 0
L 5.99200224 36.75799608 6.24600224 36.24999608 0 P 0
L 5.99200224 36.75799608 6.50000224 36.50399608 0 P 0
L 5.99200224 37.24199562 6.24600224 37.74999562 0 P 0
L 5.99200224 37.24199562 6.50000224 37.49599562 0 P 0
L 5.99200224 38.25799562 6.24600224 37.74999562 0 P 0
L 5.99200224 38.25799562 6.50000224 38.00399562 0 P 0
L 5.99200224 38.74199516 6.24600224 39.24999516 0 P 0
L 5.99200224 38.74199516 6.50000224 38.99599516 0 P 0
L 5.99200224 39.75799516 6.24600224 39.24999516 0 P 0
L 5.99200224 39.75799516 6.50000224 39.50399516 0 P 0
L 6.0000007 8.49600028 6.5080007 8.24200028 0 P 0
L 6.0000007 9.00400028 6.5080007 9.25800028 0 P 0
L 6.2540007 8.75000028 6.5080007 8.24200028 0 P 0
L 6.2540007 8.75000028 6.5080007 9.25800028 0 P 0
L 6.3999999 18.62099908 6.9079999 18.36699908 0 P 0
L 6.3999999 19.12899908 6.9079999 19.38299908 0 P 0
L 6.50000224 35.99599608 7.00800224 35.74199608 0 P 0
L 6.50000224 36.50399608 7.00800224 36.75799608 0 P 0
L 6.50000224 37.49599562 7.00800224 37.24199562 0 P 0
L 6.50000224 38.00399562 7.00800224 38.25799562 0 P 0
L 6.50000224 38.99599516 7.00800224 38.74199516 0 P 0
L 6.50000224 39.50399516 7.00800224 39.75799516 0 P 0
L 6.54200114 20.94200028 6.79600114 21.45000028 0 P 0
L 6.54200114 20.94200028 7.05000114 21.19600028 0 P 0
L 6.54200114 21.95800028 6.79600114 21.45000028 0 P 0
L 6.54200114 21.95800028 7.05000114 21.70400028 0 P 0
L 6.6539999 18.87499908 6.9079999 18.36699908 0 P 0
L 6.6539999 18.87499908 6.9079999 19.38299908 0 P 0
L 6.68200086 3.71199918 6.68200086 4.72799918 0 P 0
L 6.68200086 3.71199918 7.69800086 3.71199918 0 P 0
L 6.68200086 4.72799918 7.69800086 4.72799918 0 P 0
L 6.69200084 36.39199986 6.94600084 36.89999986 0 P 0
L 6.69200084 36.39199986 7.20000084 36.64599986 0 P 0
L 6.69200084 37.40799986 6.94600084 36.89999986 0 P 0
L 6.69200084 37.40799986 7.20000084 37.15399986 0 P 0
L 6.75400224 36.24999608 7.00800224 35.74199608 0 P 0
L 6.75400224 36.24999608 7.00800224 36.75799608 0 P 0
L 6.75400224 37.74999562 7.00800224 37.24199562 0 P 0
L 6.75400224 37.74999562 7.00800224 38.25799562 0 P 0
L 6.75400224 39.24999516 7.00800224 38.74199516 0 P 0
L 6.75400224 39.24999516 7.00800224 39.75799516 0 P 0
L 7.05000114 21.19600028 7.55800114 20.94200028 0 P 0
L 7.05000114 21.70400028 7.55800114 21.95800028 0 P 0
L 7.19199984 12.61700042 7.44599984 13.12500042 0 P 0
L 7.19199984 12.61700042 7.69999984 12.87100042 0 P 0
L 7.19199984 13.63300042 7.44599984 13.12500042 0 P 0
L 7.19199984 13.63300042 7.69999984 13.37900042 0 P 0
L 7.19199984 17.74199906 7.44599984 18.24999906 0 P 0
L 7.19199984 17.74199906 7.69999984 17.99599906 0 P 0
L 7.19199984 18.75799906 7.44599984 18.24999906 0 P 0
L 7.19199984 18.75799906 7.69999984 18.50399906 0 P 0
L 7.19199984 20.94200028 7.44599984 21.45000028 0 P 0
L 7.19199984 20.94200028 7.69999984 21.19600028 0 P 0
L 7.19199984 21.95800028 7.44599984 21.45000028 0 P 0
L 7.19199984 21.95800028 7.69999984 21.70400028 0 P 0
L 7.20000084 36.64599986 7.70800084 36.39199986 0 P 0
L 7.20000084 37.15399986 7.70800084 37.40799986 0 P 0
L 7.29199964 36.96699744 7.54599964 37.47499744 0 P 0
L 7.29199964 36.96699744 7.79999964 37.22099744 0 P 0
L 7.29199964 37.98299744 7.54599964 37.47499744 0 P 0
L 7.29199964 37.98299744 7.79999964 37.72899744 0 P 0
L 7.29199964 38.21699748 7.54599964 38.72499748 0 P 0
L 7.29199964 38.21699748 7.79999964 38.47099748 0 P 0
L 7.29199964 39.23299748 7.54599964 38.72499748 0 P 0
L 7.29199964 39.23299748 7.79999964 38.97899748 0 P 0
L 7.30400114 21.45000028 7.55800114 20.94200028 0 P 0
L 7.30400114 21.45000028 7.55800114 21.95800028 0 P 0
L 7.34199954 29.54199832 7.59599954 30.04999832 0 P 0
L 7.34199954 29.54199832 7.84999954 29.79599832 0 P 0
L 7.34199954 30.55799832 7.59599954 30.04999832 0 P 0
L 7.34199954 30.55799832 7.84999954 30.30399832 0 P 0
L 7.45400084 36.89999986 7.70800084 36.39199986 0 P 0
L 7.45400084 36.89999986 7.70800084 37.40799986 0 P 0
L 7.49200178 22.24200022 7.74600178 22.75000022 0 P 0
L 7.49200178 22.24200022 8.00000178 22.49600022 0 P 0
L 7.49200178 23.25800022 7.74600178 22.75000022 0 P 0
L 7.49200178 23.25800022 8.00000178 23.00400022 0 P 0
L 7.49200178 23.74199976 7.74600178 24.24999976 0 P 0
L 7.49200178 23.74199976 8.00000178 23.99599976 0 P 0
L 7.49200178 24.75799976 7.74600178 24.24999976 0 P 0
L 7.49200178 24.75799976 8.00000178 24.50399976 0 P 0
L 7.49200178 25.2419993 7.74600178 25.7499993 0 P 0
L 7.49200178 25.2419993 8.00000178 25.4959993 0 P 0
L 7.49200178 26.2579993 7.74600178 25.7499993 0 P 0
L 7.49200178 26.2579993 8.00000178 26.0039993 0 P 0
L 7.69800086 3.71199918 7.69800086 4.72799918 0 P 0
L 7.69999984 12.87100042 8.20799984 12.61700042 0 P 0
L 7.69999984 13.37900042 8.20799984 13.63300042 0 P 0
L 7.69999984 17.99599906 8.20799984 17.74199906 0 P 0
L 7.69999984 18.50399906 8.20799984 18.75799906 0 P 0
L 7.69999984 21.19600028 8.20799984 20.94200028 0 P 0
L 7.69999984 21.70400028 8.20799984 21.95800028 0 P 0
L 7.79999964 37.22099744 8.30799964 36.96699744 0 P 0
L 7.79999964 37.72899744 8.30799964 37.98299744 0 P 0
L 7.79999964 38.47099748 8.30799964 38.21699748 0 P 0
L 7.79999964 38.97899748 8.30799964 39.23299748 0 P 0
L 7.81699986 38.76699892 8.07099986 39.27499892 0 P 0
L 7.81699986 38.76699892 8.32499986 39.02099892 0 P 0
L 7.81699986 39.78299892 8.07099986 39.27499892 0 P 0
L 7.81699986 39.78299892 8.32499986 39.52899892 0 P 0
L 7.84200108 20.94200028 8.09600108 21.45000028 0 P 0
L 7.84200108 20.94200028 8.35000108 21.19600028 0 P 0
L 7.84200108 21.95800028 8.09600108 21.45000028 0 P 0
L 7.84200108 21.95800028 8.35000108 21.70400028 0 P 0
L 7.84999954 29.79599832 8.35799954 29.54199832 0 P 0
L 7.84999954 30.30399832 8.35799954 30.55799832 0 P 0
L 7.86699976 37.59199746 8.12099976 38.09999746 0 P 0
L 7.86699976 37.59199746 8.37499976 37.84599746 0 P 0
L 7.86699976 38.60799746 8.12099976 38.09999746 0 P 0
L 7.86699976 38.60799746 8.37499976 38.35399746 0 P 0
L 7.95399984 13.12500042 8.20799984 12.61700042 0 P 0
L 7.95399984 13.12500042 8.20799984 13.63300042 0 P 0
L 7.95399984 18.24999906 8.20799984 17.74199906 0 P 0
L 7.95399984 18.24999906 8.20799984 18.75799906 0 P 0
L 7.95399984 21.45000028 8.20799984 20.94200028 0 P 0
L 7.95399984 21.45000028 8.20799984 21.95800028 0 P 0
L 8.00000178 22.49600022 8.50800178 22.24200022 0 P 0
L 8.00000178 23.00400022 8.50800178 23.25800022 0 P 0
L 8.00000178 23.99599976 8.50800178 23.74199976 0 P 0
L 8.00000178 24.50399976 8.50800178 24.75799976 0 P 0
L 8.00000178 25.4959993 8.50800178 25.2419993 0 P 0
L 8.00000178 26.0039993 8.50800178 26.2579993 0 P 0
L 8.05399964 37.47499744 8.30799964 36.96699744 0 P 0
L 8.05399964 37.47499744 8.30799964 37.98299744 0 P 0
L 8.05399964 38.72499748 8.30799964 38.21699748 0 P 0
L 8.05399964 38.72499748 8.30799964 39.23299748 0 P 0
L 8.10399954 30.04999832 8.35799954 29.54199832 0 P 0
L 8.10399954 30.04999832 8.35799954 30.55799832 0 P 0
L 8.25400178 22.75000022 8.50800178 22.24200022 0 P 0
L 8.25400178 22.75000022 8.50800178 23.25800022 0 P 0
L 8.25400178 24.24999976 8.50800178 23.74199976 0 P 0
L 8.25400178 24.24999976 8.50800178 24.75799976 0 P 0
L 8.25400178 25.7499993 8.50800178 25.2419993 0 P 0
L 8.25400178 25.7499993 8.50800178 26.2579993 0 P 0
L 8.32499986 39.02099892 8.83299986 38.76699892 0 P 0
L 8.32499986 39.52899892 8.83299986 39.78299892 0 P 0
L 8.35000108 21.19600028 8.85800108 20.94200028 0 P 0
L 8.35000108 21.70400028 8.85800108 21.95800028 0 P 0
L 8.36699876 28.1669998 8.62099876 28.6749998 0 P 0
L 8.36699876 28.1669998 8.87499876 28.4209998 0 P 0
L 8.36699876 29.1829998 8.62099876 28.6749998 0 P 0
L 8.36699876 29.1829998 8.87499876 28.9289998 0 P 0
L 8.37499976 37.84599746 8.88299976 37.59199746 0 P 0
L 8.37499976 38.35399746 8.88299976 38.60799746 0 P 0
L 8.57899986 39.27499892 8.83299986 38.76699892 0 P 0
L 8.57899986 39.27499892 8.83299986 39.78299892 0 P 0
L 8.60400108 21.45000028 8.85800108 20.94200028 0 P 0
L 8.60400108 21.45000028 8.85800108 21.95800028 0 P 0
L 8.62899976 38.09999746 8.88299976 37.59199746 0 P 0
L 8.62899976 38.09999746 8.88299976 38.60799746 0 P 0
L 8.87499876 28.4209998 9.38299876 28.1669998 0 P 0
L 8.87499876 28.9289998 9.38299876 29.1829998 0 P 0
L 8.99200132 22.24200022 9.24600132 22.75000022 0 P 0
L 8.99200132 22.24200022 9.50000132 22.49600022 0 P 0
L 8.99200132 23.25800022 9.24600132 22.75000022 0 P 0
L 8.99200132 23.25800022 9.50000132 23.00400022 0 P 0
L 8.99200132 23.74199976 9.24600132 24.24999976 0 P 0
L 8.99200132 23.74199976 9.50000132 23.99599976 0 P 0
L 8.99200132 24.75799976 9.24600132 24.24999976 0 P 0
L 8.99200132 24.75799976 9.50000132 24.50399976 0 P 0
L 8.99200132 25.2419993 9.24600132 25.7499993 0 P 0
L 8.99200132 25.2419993 9.50000132 25.4959993 0 P 0
L 8.99200132 26.2579993 9.24600132 25.7499993 0 P 0
L 8.99200132 26.2579993 9.50000132 26.0039993 0 P 0
L 8.99200132 26.74199884 9.24600132 27.24999884 0 P 0
L 8.99200132 26.74199884 9.50000132 26.99599884 0 P 0
L 8.99200132 27.75799884 9.24600132 27.24999884 0 P 0
L 8.99200132 27.75799884 9.50000132 27.50399884 0 P 0
L 9.12899876 28.6749998 9.38299876 28.1669998 0 P 0
L 9.12899876 28.6749998 9.38299876 29.1829998 0 P 0
L 9.2169996 6.86699922 9.4709996 7.37499922 0 P 0
L 9.2169996 6.86699922 9.7249996 7.12099922 0 P 0
L 9.2169996 7.88299922 9.4709996 7.37499922 0 P 0
L 9.2169996 7.88299922 9.7249996 7.62899922 0 P 0
L 9.2169996 10.86699884 9.4709996 11.37499884 0 P 0
L 9.2169996 10.86699884 9.7249996 11.12099884 0 P 0
L 9.2169996 11.88299884 9.4709996 11.37499884 0 P 0
L 9.2169996 11.88299884 9.7249996 11.62899884 0 P 0
L 9.2169996 15.866999 9.4709996 16.374999 0 P 0
L 9.2169996 15.866999 9.7249996 16.120999 0 P 0
L 9.2169996 16.882999 9.4709996 16.374999 0 P 0
L 9.2169996 16.882999 9.7249996 16.628999 0 P 0
L 9.22200086 3.71199918 9.22200086 4.72799918 0 P 0
L 9.22200086 3.71199918 10.23800086 3.71199918 0 P 0
L 9.22200086 4.72799918 10.23800086 4.72799918 0 P 0
L 9.4169992 35.86699964 9.6709992 36.37499964 0 P 0
L 9.4169992 35.86699964 9.9249992 36.12099964 0 P 0
L 9.4169992 36.88299964 9.6709992 36.37499964 0 P 0
L 9.4169992 36.88299964 9.9249992 36.62899964 0 P 0
L 9.50000132 22.49600022 10.00800132 22.24200022 0 P 0
L 9.50000132 23.00400022 10.00800132 23.25800022 0 P 0
L 9.50000132 23.99599976 10.00800132 23.74199976 0 P 0
L 9.50000132 24.50399976 10.00800132 24.75799976 0 P 0
L 9.50000132 25.4959993 10.00800132 25.2419993 0 P 0
L 9.50000132 26.0039993 10.00800132 26.2579993 0 P 0
L 9.50000132 26.99599884 10.00800132 26.74199884 0 P 0
L 9.50000132 27.50399884 10.00800132 27.75799884 0 P 0
L 9.6169988 31.76700022 9.8709988 32.27500022 0 P 0
L 9.6169988 31.76700022 10.1249988 32.02100022 0 P 0
L 9.6169988 32.78300022 9.8709988 32.27500022 0 P 0
L 9.6169988 32.78300022 10.1249988 32.52900022 0 P 0
L 9.69199992 17.24200006 9.94599992 17.75000006 0 P 0
L 9.69199992 17.24200006 10.19999992 17.49600006 0 P 0
L 9.69199992 18.25800006 9.94599992 17.75000006 0 P 0
L 9.69199992 18.25800006 10.19999992 18.00400006 0 P 0
L 9.7249996 7.12099922 10.2329996 6.86699922 0 P 0
L 9.7249996 7.62899922 10.2329996 7.88299922 0 P 0
L 9.7249996 11.12099884 10.2329996 10.86699884 0 P 0
L 9.7249996 11.62899884 10.2329996 11.88299884 0 P 0
L 9.7249996 16.120999 10.2329996 15.866999 0 P 0
L 9.7249996 16.628999 10.2329996 16.882999 0 P 0
L 9.75400132 22.75000022 10.00800132 22.24200022 0 P 0
L 9.75400132 22.75000022 10.00800132 23.25800022 0 P 0
L 9.75400132 24.24999976 10.00800132 23.74199976 0 P 0
L 9.75400132 24.24999976 10.00800132 24.75799976 0 P 0
L 9.75400132 25.7499993 10.00800132 25.2419993 0 P 0
L 9.75400132 25.7499993 10.00800132 26.2579993 0 P 0
L 9.75400132 27.24999884 10.00800132 26.74199884 0 P 0
L 9.75400132 27.24999884 10.00800132 27.75799884 0 P 0
L 9.76976456 16.36698784 10.02376456 16.87498784 0 P 0
L 9.76976456 16.36698784 10.27776456 16.62098784 0 P 0
L 9.76976456 17.38298784 10.02376456 16.87498784 0 P 0
L 9.76976456 17.38298784 10.27776456 17.12898784 0 P 0
L 9.9249992 36.12099964 10.4329992 35.86699964 0 P 0
L 9.9249992 36.62899964 10.4329992 36.88299964 0 P 0
L 9.9789996 7.37499922 10.2329996 6.86699922 0 P 0
L 9.9789996 7.37499922 10.2329996 7.88299922 0 P 0
L 9.9789996 11.37499884 10.2329996 10.86699884 0 P 0
L 9.9789996 11.37499884 10.2329996 11.88299884 0 P 0
L 9.9789996 16.374999 10.2329996 15.866999 0 P 0
L 9.9789996 16.374999 10.2329996 16.882999 0 P 0
L 10.06700044 33.36399982 10.32100044 33.87199982 0 P 0
L 10.06700044 33.36399982 10.57500044 33.61799982 0 P 0
L 10.06700044 34.37999982 10.32100044 33.87199982 0 P 0
L 10.06700044 34.37999982 10.57500044 34.12599982 0 P 0
L 10.06700044 35.09199738 10.32100044 35.59999738 0 P 0
L 10.06700044 35.09199738 10.57500044 35.34599738 0 P 0
L 10.06700044 36.10799738 10.32100044 35.59999738 0 P 0
L 10.06700044 36.10799738 10.57500044 35.85399738 0 P 0
L 10.1249988 32.02100022 10.6329988 31.76700022 0 P 0
L 10.1249988 32.52900022 10.6329988 32.78300022 0 P 0
L 10.1789992 36.37499964 10.4329992 35.86699964 0 P 0
L 10.1789992 36.37499964 10.4329992 36.88299964 0 P 0
L 10.19999992 17.49600006 10.70799992 17.24200006 0 P 0
L 10.19999992 18.00400006 10.70799992 18.25800006 0 P 0
L 10.23800086 3.71199918 10.23800086 4.72799918 0 P 0
L 10.27776456 16.62098784 10.78576456 16.36698784 0 P 0
L 10.27776456 17.12898784 10.78576456 17.38298784 0 P 0
L 10.29200126 35.86699964 10.54600126 36.37499964 0 P 0
L 10.29200126 35.86699964 10.80000126 36.12099964 0 P 0
L 10.29200126 36.88299964 10.54600126 36.37499964 0 P 0
L 10.29200126 36.88299964 10.80000126 36.62899964 0 P 0
L 10.3789988 32.27500022 10.6329988 31.76700022 0 P 0
L 10.3789988 32.27500022 10.6329988 32.78300022 0 P 0
L 10.45399992 17.75000006 10.70799992 17.24200006 0 P 0
L 10.45399992 17.75000006 10.70799992 18.25800006 0 P 0
L 10.49200086 7.86699976 10.74600086 8.37499976 0 P 0
L 10.49200086 7.86699976 11.00000086 8.12099976 0 P 0
L 10.49200086 8.88299976 10.74600086 8.37499976 0 P 0
L 10.49200086 8.88299976 11.00000086 8.62899976 0 P 0
L 10.49200086 10.86699884 10.74600086 11.37499884 0 P 0
L 10.49200086 10.86699884 11.00000086 11.12099884 0 P 0
L 10.49200086 11.88299884 10.74600086 11.37499884 0 P 0
L 10.49200086 11.88299884 11.00000086 11.62899884 0 P 0
L 10.49200086 16.71699984 10.74600086 17.22499984 0 P 0
L 10.49200086 16.71699984 11.00000086 16.97099984 0 P 0
L 10.49200086 17.73299984 10.74600086 17.22499984 0 P 0
L 10.49200086 17.73299984 11.00000086 17.47899984 0 P 0
L 10.53176456 16.87498784 10.78576456 16.36698784 0 P 0
L 10.53176456 16.87498784 10.78576456 17.38298784 0 P 0
L 10.57500044 33.61799982 11.08300044 33.36399982 0 P 0
L 10.57500044 34.12599982 11.08300044 34.37999982 0 P 0
L 10.57500044 35.34599738 11.08300044 35.09199738 0 P 0
L 10.57500044 35.85399738 11.08300044 36.10799738 0 P 0
L 10.80000126 36.12099964 11.30800126 35.86699964 0 P 0
L 10.80000126 36.62899964 11.30800126 36.88299964 0 P 0
L 10.82900044 33.87199982 11.08300044 33.36399982 0 P 0
L 10.82900044 33.87199982 11.08300044 34.37999982 0 P 0
L 10.82900044 35.59999738 11.08300044 35.09199738 0 P 0
L 10.82900044 35.59999738 11.08300044 36.10799738 0 P 0
L 10.91699874 32.5419974 11.17099874 33.0499974 0 P 0
L 10.91699874 32.5419974 11.42499874 32.7959974 0 P 0
L 10.91699874 33.5579974 11.17099874 33.0499974 0 P 0
L 10.91699874 33.5579974 11.42499874 33.3039974 0 P 0
L 10.91699874 34.24199654 11.17099874 34.74999654 0 P 0
L 10.91699874 34.24199654 11.42499874 34.49599654 0 P 0
L 10.91699874 35.25799654 11.17099874 34.74999654 0 P 0
L 10.91699874 35.25799654 11.42499874 35.00399654 0 P 0
L 11.00000086 8.12099976 11.50800086 7.86699976 0 P 0
L 11.00000086 8.62899976 11.50800086 8.88299976 0 P 0
L 11.00000086 11.12099884 11.50800086 10.86699884 0 P 0
L 11.00000086 11.62899884 11.50800086 11.88299884 0 P 0
L 11.00000086 16.97099984 11.50800086 16.71699984 0 P 0
L 11.00000086 17.47899984 11.50800086 17.73299984 0 P 0
L 11.05400126 36.37499964 11.30800126 35.86699964 0 P 0
L 11.05400126 36.37499964 11.30800126 36.88299964 0 P 0
L 11.25400086 8.37499976 11.50800086 7.86699976 0 P 0
L 11.25400086 8.37499976 11.50800086 8.88299976 0 P 0
L 11.25400086 11.37499884 11.50800086 10.86699884 0 P 0
L 11.25400086 11.37499884 11.50800086 11.88299884 0 P 0
L 11.25400086 17.22499984 11.50800086 16.71699984 0 P 0
L 11.25400086 17.22499984 11.50800086 17.73299984 0 P 0
L 11.29199926 17.86700008 11.54599926 18.37500008 0 P 0
L 11.29199926 17.86700008 11.79999926 18.12100008 0 P 0
L 11.29199926 18.88300008 11.54599926 18.37500008 0 P 0
L 11.29199926 18.88300008 11.79999926 18.62900008 0 P 0
L 11.42499874 32.7959974 11.93299874 32.5419974 0 P 0
L 11.42499874 33.3039974 11.93299874 33.5579974 0 P 0
L 11.42499874 34.49599654 11.93299874 34.24199654 0 P 0
L 11.42499874 35.00399654 11.93299874 35.25799654 0 P 0
L 11.54199876 35.86699964 11.79599876 36.37499964 0 P 0
L 11.54199876 35.86699964 12.04999876 36.12099964 0 P 0
L 11.54199876 36.88299964 11.79599876 36.37499964 0 P 0
L 11.54199876 36.88299964 12.04999876 36.62899964 0 P 0
L 11.67899874 33.0499974 11.93299874 32.5419974 0 P 0
L 11.67899874 33.0499974 11.93299874 33.5579974 0 P 0
L 11.67899874 34.74999654 11.93299874 34.24199654 0 P 0
L 11.67899874 34.74999654 11.93299874 35.25799654 0 P 0
L 11.76200086 3.71199918 11.76200086 4.72799918 0 P 0
L 11.76200086 3.71199918 12.77800086 3.71199918 0 P 0
L 11.76200086 4.72799918 12.77800086 4.72799918 0 P 0
L 11.79999926 18.12100008 12.30799926 17.86700008 0 P 0
L 11.79999926 18.62900008 12.30799926 18.88300008 0 P 0
L 12.04999876 36.12099964 12.55799876 35.86699964 0 P 0
L 12.04999876 36.62899964 12.55799876 36.88299964 0 P 0
L 12.05399926 18.37500008 12.30799926 17.86700008 0 P 0
L 12.05399926 18.37500008 12.30799926 18.88300008 0 P 0
L 12.0920002 18.36699908 12.3460002 18.87499908 0 P 0
L 12.0920002 18.36699908 12.6000002 18.62099908 0 P 0
L 12.0920002 19.38299908 12.3460002 18.87499908 0 P 0
L 12.0920002 19.38299908 12.6000002 19.12899908 0 P 0
L 12.16699878 14.49200048 12.42099878 15.00000048 0 P 0
L 12.16699878 14.49200048 12.67499878 14.74600048 0 P 0
L 12.16699878 15.50800048 12.42099878 15.00000048 0 P 0
L 12.16699878 15.50800048 12.67499878 15.25400048 0 P 0
L 12.16699878 28.54200032 12.42099878 29.05000032 0 P 0
L 12.16699878 28.54200032 12.67499878 28.79600032 0 P 0
L 12.16699878 29.55800032 12.42099878 29.05000032 0 P 0
L 12.16699878 29.55800032 12.67499878 29.30400032 0 P 0
L 12.30399876 36.37499964 12.55799876 35.86699964 0 P 0
L 12.30399876 36.37499964 12.55799876 36.88299964 0 P 0
L 12.6000002 18.62099908 13.1080002 18.36699908 0 P 0
L 12.6000002 19.12899908 13.1080002 19.38299908 0 P 0
L 12.67499878 14.74600048 13.18299878 14.49200048 0 P 0
L 12.67499878 15.25400048 13.18299878 15.50800048 0 P 0
L 12.67499878 28.79600032 13.18299878 28.54200032 0 P 0
L 12.67499878 29.30400032 13.18299878 29.55800032 0 P 0
L 12.77800086 3.71199918 12.77800086 4.72799918 0 P 0
L 12.8540002 18.87499908 13.1080002 18.36699908 0 P 0
L 12.8540002 18.87499908 13.1080002 19.38299908 0 P 0
L 12.92899878 15.00000048 13.18299878 14.49200048 0 P 0
L 12.92899878 15.00000048 13.18299878 15.50800048 0 P 0
L 12.92899878 29.05000032 13.18299878 28.54200032 0 P 0
L 12.92899878 29.05000032 13.18299878 29.55800032 0 P 0
L 13.16699932 20.94200028 13.42099932 21.45000028 0 P 0
L 13.16699932 20.94200028 13.67499932 21.19600028 0 P 0
L 13.16699932 21.95800028 13.42099932 21.45000028 0 P 0
L 13.16699932 21.95800028 13.67499932 21.70400028 0 P 0
L 13.49199994 22.24200022 13.74599994 22.75000022 0 P 0
L 13.49199994 22.24200022 13.99999994 22.49600022 0 P 0
L 13.49199994 23.25800022 13.74599994 22.75000022 0 P 0
L 13.49199994 23.25800022 13.99999994 23.00400022 0 P 0
L 13.49199994 23.74199976 13.74599994 24.24999976 0 P 0
L 13.49199994 23.74199976 13.99999994 23.99599976 0 P 0
L 13.49199994 24.75799976 13.74599994 24.24999976 0 P 0
L 13.49199994 24.75799976 13.99999994 24.50399976 0 P 0
L 13.49199994 25.2419993 13.74599994 25.7499993 0 P 0
L 13.49199994 25.2419993 13.99999994 25.4959993 0 P 0
L 13.49199994 26.2579993 13.74599994 25.7499993 0 P 0
L 13.49199994 26.2579993 13.99999994 26.0039993 0 P 0
L 13.49199994 26.74199884 13.74599994 27.24999884 0 P 0
L 13.49199994 26.74199884 13.99999994 26.99599884 0 P 0
L 13.49199994 27.75799884 13.74599994 27.24999884 0 P 0
L 13.49199994 27.75799884 13.99999994 27.50399884 0 P 0
L 13.67499932 21.19600028 14.18299932 20.94200028 0 P 0
L 13.67499932 21.70400028 14.18299932 21.95800028 0 P 0
L 13.69199954 36.99199866 13.94599954 37.49999866 0 P 0
L 13.69199954 36.99199866 14.19999954 37.24599866 0 P 0
L 13.69199954 38.00799866 13.94599954 37.49999866 0 P 0
L 13.69199954 38.00799866 14.19999954 37.75399866 0 P 0
L 13.69199954 38.21699748 13.94599954 38.72499748 0 P 0
L 13.69199954 38.21699748 14.19999954 38.47099748 0 P 0
L 13.69199954 39.23299748 13.94599954 38.72499748 0 P 0
L 13.69199954 39.23299748 14.19999954 38.97899748 0 P 0
L 13.72516432 29.55941764 13.97916432 30.06741764 0 P 0
L 13.72516432 29.55941764 14.23316432 29.81341764 0 P 0
L 13.72516432 30.57541764 13.97916432 30.06741764 0 P 0
L 13.72516432 30.57541764 14.23316432 30.32141764 0 P 0
L 13.79199934 9.49200032 14.04599934 10.00000032 0 P 0
L 13.79199934 9.49200032 14.29999934 9.74600032 0 P 0
L 13.79199934 10.50800032 14.04599934 10.00000032 0 P 0
L 13.79199934 10.50800032 14.29999934 10.25400032 0 P 0
L 13.79199934 20.94200028 14.04599934 21.45000028 0 P 0
L 13.79199934 20.94200028 14.29999934 21.19600028 0 P 0
L 13.79199934 21.95800028 14.04599934 21.45000028 0 P 0
L 13.79199934 21.95800028 14.29999934 21.70400028 0 P 0
L 13.92899932 21.45000028 14.18299932 20.94200028 0 P 0
L 13.92899932 21.45000028 14.18299932 21.95800028 0 P 0
L 13.99999994 22.49600022 14.50799994 22.24200022 0 P 0
L 13.99999994 23.00400022 14.50799994 23.25800022 0 P 0
L 13.99999994 23.99599976 14.50799994 23.74199976 0 P 0
L 13.99999994 24.50399976 14.50799994 24.75799976 0 P 0
L 13.99999994 25.4959993 14.50799994 25.2419993 0 P 0
L 13.99999994 26.0039993 14.50799994 26.2579993 0 P 0
L 13.99999994 26.99599884 14.50799994 26.74199884 0 P 0
L 13.99999994 27.50399884 14.50799994 27.75799884 0 P 0
L 14.19999954 37.24599866 14.70799954 36.99199866 0 P 0
L 14.19999954 37.75399866 14.70799954 38.00799866 0 P 0
L 14.19999954 38.47099748 14.70799954 38.21699748 0 P 0
L 14.19999954 38.97899748 14.70799954 39.23299748 0 P 0
L 14.23316432 29.81341764 14.74116432 29.55941764 0 P 0
L 14.23316432 30.32141764 14.74116432 30.57541764 0 P 0
L 14.25399994 22.75000022 14.50799994 22.24200022 0 P 0
L 14.25399994 22.75000022 14.50799994 23.25800022 0 P 0
L 14.25399994 24.24999976 14.50799994 23.74199976 0 P 0
L 14.25399994 24.24999976 14.50799994 24.75799976 0 P 0
L 14.25399994 25.7499993 14.50799994 25.2419993 0 P 0
L 14.25399994 25.7499993 14.50799994 26.2579993 0 P 0
L 14.25399994 27.24999884 14.50799994 26.74199884 0 P 0
L 14.25399994 27.24999884 14.50799994 27.75799884 0 P 0
L 14.29200088 36.36699864 14.54600088 36.87499864 0 P 0
L 14.29200088 36.36699864 14.80000088 36.62099864 0 P 0
L 14.29200088 37.38299864 14.54600088 36.87499864 0 P 0
L 14.29200088 37.38299864 14.80000088 37.12899864 0 P 0
L 14.29200088 37.592 14.54600088 38.1 0 P 0
L 14.29200088 37.592 14.80000088 37.846 0 P 0
L 14.29200088 38.608 14.54600088 38.1 0 P 0
L 14.29200088 38.608 14.80000088 38.354 0 P 0
L 14.29200088 38.76699892 14.54600088 39.27499892 0 P 0
L 14.29200088 38.76699892 14.80000088 39.02099892 0 P 0
L 14.29200088 39.78299892 14.54600088 39.27499892 0 P 0
L 14.29200088 39.78299892 14.80000088 39.52899892 0 P 0
L 14.29999934 9.74600032 14.80799934 9.49200032 0 P 0
L 14.29999934 10.25400032 14.80799934 10.50800032 0 P 0
L 14.29999934 21.19600028 14.80799934 20.94200028 0 P 0
L 14.29999934 21.70400028 14.80799934 21.95800028 0 P 0
L 14.30200086 3.71199918 14.30200086 4.72799918 0 P 0
L 14.30200086 3.71199918 15.31800086 3.71199918 0 P 0
L 14.30200086 4.72799918 15.31800086 4.72799918 0 P 0
L 14.41699936 20.94200028 14.67099936 21.45000028 0 P 0
L 14.41699936 20.94200028 14.92499936 21.19600028 0 P 0
L 14.41699936 21.95800028 14.67099936 21.45000028 0 P 0
L 14.41699936 21.95800028 14.92499936 21.70400028 0 P 0
L 14.45399954 37.49999866 14.70799954 36.99199866 0 P 0
L 14.45399954 37.49999866 14.70799954 38.00799866 0 P 0
L 14.45399954 38.72499748 14.70799954 38.21699748 0 P 0
L 14.45399954 38.72499748 14.70799954 39.23299748 0 P 0
L 14.48716432 30.06741764 14.74116432 29.55941764 0 P 0
L 14.48716432 30.06741764 14.74116432 30.57541764 0 P 0
L 14.49200048 33.8670011 14.74600048 34.3750011 0 P 0
L 14.49200048 33.8670011 15.00000048 34.1210011 0 P 0
L 14.49200048 34.8830011 14.74600048 34.3750011 0 P 0
L 14.49200048 34.8830011 15.00000048 34.6290011 0 P 0
L 14.55399934 10.00000032 14.80799934 9.49200032 0 P 0
L 14.55399934 10.00000032 14.80799934 10.50800032 0 P 0
L 14.55399934 21.45000028 14.80799934 20.94200028 0 P 0
L 14.55399934 21.45000028 14.80799934 21.95800028 0 P 0
L 14.80000088 36.62099864 15.30800088 36.36699864 0 P 0
L 14.80000088 37.12899864 15.30800088 37.38299864 0 P 0
L 14.80000088 37.846 15.30800088 37.592 0 P 0
L 14.80000088 38.354 15.30800088 38.608 0 P 0
L 14.80000088 39.02099892 15.30800088 38.76699892 0 P 0
L 14.80000088 39.52899892 15.30800088 39.78299892 0 P 0
L 14.92499936 21.19600028 15.43299936 20.94200028 0 P 0
L 14.92499936 21.70400028 15.43299936 21.95800028 0 P 0
L 14.99199948 22.24200022 15.24599948 22.75000022 0 P 0
L 14.99199948 22.24200022 15.49999948 22.49600022 0 P 0
L 14.99199948 23.25800022 15.24599948 22.75000022 0 P 0
L 14.99199948 23.25800022 15.49999948 23.00400022 0 P 0
L 14.99199948 23.74199976 15.24599948 24.24999976 0 P 0
L 14.99199948 23.74199976 15.49999948 23.99599976 0 P 0
L 14.99199948 24.75799976 15.24599948 24.24999976 0 P 0
L 14.99199948 24.75799976 15.49999948 24.50399976 0 P 0
L 14.99199948 25.2419993 15.24599948 25.7499993 0 P 0
L 14.99199948 25.2419993 15.49999948 25.4959993 0 P 0
L 14.99199948 26.2579993 15.24599948 25.7499993 0 P 0
L 14.99199948 26.2579993 15.49999948 26.0039993 0 P 0
L 14.99199948 26.74199884 15.24599948 27.24999884 0 P 0
L 14.99199948 26.74199884 15.49999948 26.99599884 0 P 0
L 14.99199948 27.75799884 15.24599948 27.24999884 0 P 0
L 14.99199948 27.75799884 15.49999948 27.50399884 0 P 0
L 14.99199948 31.24199746 15.24599948 31.74999746 0 P 0
L 14.99199948 31.24199746 15.49999948 31.49599746 0 P 0
L 14.99199948 32.25799746 15.24599948 31.74999746 0 P 0
L 14.99199948 32.25799746 15.49999948 32.00399746 0 P 0
L 14.99199948 35.74199608 15.24599948 36.24999608 0 P 0
L 14.99199948 35.74199608 15.49999948 35.99599608 0 P 0
L 14.99199948 36.75799608 15.24599948 36.24999608 0 P 0
L 14.99199948 36.75799608 15.49999948 36.50399608 0 P 0
L 14.99199948 37.24199562 15.24599948 37.74999562 0 P 0
L 14.99199948 37.24199562 15.49999948 37.49599562 0 P 0
L 14.99199948 38.25799562 15.24599948 37.74999562 0 P 0
L 14.99199948 38.25799562 15.49999948 38.00399562 0 P 0
L 15.00000048 34.1210011 15.50800048 33.8670011 0 P 0
L 15.00000048 34.6290011 15.50800048 34.8830011 0 P 0
L 15.05400088 36.87499864 15.30800088 36.36699864 0 P 0
L 15.05400088 36.87499864 15.30800088 37.38299864 0 P 0
L 15.05400088 38.1 15.30800088 37.592 0 P 0
L 15.05400088 38.1 15.30800088 38.608 0 P 0
L 15.05400088 39.27499892 15.30800088 38.76699892 0 P 0
L 15.05400088 39.27499892 15.30800088 39.78299892 0 P 0
L 15.09199928 21.3670007 15.34599928 21.8750007 0 P 0
L 15.09199928 21.3670007 15.59999928 21.6210007 0 P 0
L 15.09199928 22.3830007 15.34599928 21.8750007 0 P 0
L 15.09199928 22.3830007 15.59999928 22.1290007 0 P 0
L 15.17899936 21.45000028 15.43299936 20.94200028 0 P 0
L 15.17899936 21.45000028 15.43299936 21.95800028 0 P 0
L 15.25400048 34.3750011 15.50800048 33.8670011 0 P 0
L 15.25400048 34.3750011 15.50800048 34.8830011 0 P 0
L 15.31800086 3.71199918 15.31800086 4.72799918 0 P 0
L 15.49999948 22.49600022 16.00799948 22.24200022 0 P 0
L 15.49999948 23.00400022 16.00799948 23.25800022 0 P 0
L 15.49999948 23.99599976 16.00799948 23.74199976 0 P 0
L 15.49999948 24.50399976 16.00799948 24.75799976 0 P 0
L 15.49999948 25.4959993 16.00799948 25.2419993 0 P 0
L 15.49999948 26.0039993 16.00799948 26.2579993 0 P 0
L 15.49999948 26.99599884 16.00799948 26.74199884 0 P 0
L 15.49999948 27.50399884 16.00799948 27.75799884 0 P 0
L 15.49999948 31.49599746 16.00799948 31.24199746 0 P 0
L 15.49999948 32.00399746 16.00799948 32.25799746 0 P 0
L 15.49999948 35.99599608 16.00799948 35.74199608 0 P 0
L 15.49999948 36.50399608 16.00799948 36.75799608 0 P 0
L 15.49999948 37.49599562 16.00799948 37.24199562 0 P 0
L 15.49999948 38.00399562 16.00799948 38.25799562 0 P 0
L 15.59999928 21.6210007 16.10799928 21.3670007 0 P 0
L 15.59999928 22.1290007 16.10799928 22.3830007 0 P 0
L 15.75399948 22.75000022 16.00799948 22.24200022 0 P 0
L 15.75399948 22.75000022 16.00799948 23.25800022 0 P 0
L 15.75399948 24.24999976 16.00799948 23.74199976 0 P 0
L 15.75399948 24.24999976 16.00799948 24.75799976 0 P 0
L 15.75399948 25.7499993 16.00799948 25.2419993 0 P 0
L 15.75399948 25.7499993 16.00799948 26.2579993 0 P 0
L 15.75399948 27.24999884 16.00799948 26.74199884 0 P 0
L 15.75399948 27.24999884 16.00799948 27.75799884 0 P 0
L 15.75399948 31.74999746 16.00799948 31.24199746 0 P 0
L 15.75399948 31.74999746 16.00799948 32.25799746 0 P 0
L 15.75399948 36.24999608 16.00799948 35.74199608 0 P 0
L 15.75399948 36.24999608 16.00799948 36.75799608 0 P 0
L 15.75399948 37.74999562 16.00799948 37.24199562 0 P 0
L 15.75399948 37.74999562 16.00799948 38.25799562 0 P 0
L 15.85399928 21.8750007 16.10799928 21.3670007 0 P 0
L 15.85399928 21.8750007 16.10799928 22.3830007 0 P 0
L 16.49199902 19.84199994 16.74599902 20.34999994 0 P 0
L 16.49199902 19.84199994 16.99999902 20.09599994 0 P 0
L 16.49199902 20.84200048 16.74599902 21.35000048 0 P 0
L 16.49199902 20.84200048 16.99999902 21.09600048 0 P 0
L 16.49199902 20.85799994 16.74599902 20.34999994 0 P 0
L 16.49199902 20.85799994 16.99999902 20.60399994 0 P 0
L 16.49199902 21.85800048 16.74599902 21.35000048 0 P 0
L 16.49199902 21.85800048 16.99999902 21.60400048 0 P 0
L 16.49199902 22.24200022 16.74599902 22.75000022 0 P 0
L 16.49199902 22.24200022 16.99999902 22.49600022 0 P 0
L 16.49199902 23.25800022 16.74599902 22.75000022 0 P 0
L 16.49199902 23.25800022 16.99999902 23.00400022 0 P 0
L 16.49199902 23.74199976 16.74599902 24.24999976 0 P 0
L 16.49199902 23.74199976 16.99999902 23.99599976 0 P 0
L 16.49199902 24.75799976 16.74599902 24.24999976 0 P 0
L 16.49199902 24.75799976 16.99999902 24.50399976 0 P 0
L 16.49199902 25.2419993 16.74599902 25.7499993 0 P 0
L 16.49199902 25.2419993 16.99999902 25.4959993 0 P 0
L 16.49199902 26.2579993 16.74599902 25.7499993 0 P 0
L 16.49199902 26.2579993 16.99999902 26.0039993 0 P 0
L 16.49199902 26.74199884 16.74599902 27.24999884 0 P 0
L 16.49199902 26.74199884 16.99999902 26.99599884 0 P 0
L 16.49199902 27.75799884 16.74599902 27.24999884 0 P 0
L 16.49199902 27.75799884 16.99999902 27.50399884 0 P 0
L 16.49199902 31.24199746 16.74599902 31.74999746 0 P 0
L 16.49199902 31.24199746 16.99999902 31.49599746 0 P 0
L 16.49199902 32.25799746 16.74599902 31.74999746 0 P 0
L 16.49199902 32.25799746 16.99999902 32.00399746 0 P 0
L 16.49199902 35.74199608 16.74599902 36.24999608 0 P 0
L 16.49199902 35.74199608 16.99999902 35.99599608 0 P 0
L 16.49199902 36.75799608 16.74599902 36.24999608 0 P 0
L 16.49199902 36.75799608 16.99999902 36.50399608 0 P 0
L 16.49199902 37.24199562 16.74599902 37.74999562 0 P 0
L 16.49199902 37.24199562 16.99999902 37.49599562 0 P 0
L 16.49199902 38.25799562 16.74599902 37.74999562 0 P 0
L 16.49199902 38.25799562 16.99999902 38.00399562 0 P 0
L 16.49199902 38.74199516 16.74599902 39.24999516 0 P 0
L 16.49199902 38.74199516 16.99999902 38.99599516 0 P 0
L 16.49199902 39.75799516 16.74599902 39.24999516 0 P 0
L 16.49199902 39.75799516 16.99999902 39.50399516 0 P 0
L 16.84200086 3.71199918 16.84200086 4.72799918 0 P 0
L 16.84200086 3.71199918 17.85800086 3.71199918 0 P 0
L 16.84200086 4.72799918 17.85800086 4.72799918 0 P 0
L 16.99999902 20.09599994 17.50799902 19.84199994 0 P 0
L 16.99999902 20.60399994 17.50799902 20.85799994 0 P 0
L 16.99999902 21.09600048 17.50799902 20.84200048 0 P 0
L 16.99999902 21.60400048 17.50799902 21.85800048 0 P 0
L 16.99999902 22.49600022 17.50799902 22.24200022 0 P 0
L 16.99999902 23.00400022 17.50799902 23.25800022 0 P 0
L 16.99999902 23.99599976 17.50799902 23.74199976 0 P 0
L 16.99999902 24.50399976 17.50799902 24.75799976 0 P 0
L 16.99999902 25.4959993 17.50799902 25.2419993 0 P 0
L 16.99999902 26.0039993 17.50799902 26.2579993 0 P 0
L 16.99999902 26.99599884 17.50799902 26.74199884 0 P 0
L 16.99999902 27.50399884 17.50799902 27.75799884 0 P 0
L 16.99999902 31.49599746 17.50799902 31.24199746 0 P 0
L 16.99999902 32.00399746 17.50799902 32.25799746 0 P 0
L 16.99999902 35.99599608 17.50799902 35.74199608 0 P 0
L 16.99999902 36.50399608 17.50799902 36.75799608 0 P 0
L 16.99999902 37.49599562 17.50799902 37.24199562 0 P 0
L 16.99999902 38.00399562 17.50799902 38.25799562 0 P 0
L 16.99999902 38.99599516 17.50799902 38.74199516 0 P 0
L 16.99999902 39.50399516 17.50799902 39.75799516 0 P 0
L 17.25399902 20.34999994 17.50799902 19.84199994 0 P 0
L 17.25399902 20.34999994 17.50799902 20.85799994 0 P 0
L 17.25399902 21.35000048 17.50799902 20.84200048 0 P 0
L 17.25399902 21.35000048 17.50799902 21.85800048 0 P 0
L 17.25399902 22.75000022 17.50799902 22.24200022 0 P 0
L 17.25399902 22.75000022 17.50799902 23.25800022 0 P 0
L 17.25399902 24.24999976 17.50799902 23.74199976 0 P 0
L 17.25399902 24.24999976 17.50799902 24.75799976 0 P 0
L 17.25399902 25.7499993 17.50799902 25.2419993 0 P 0
L 17.25399902 25.7499993 17.50799902 26.2579993 0 P 0
L 17.25399902 27.24999884 17.50799902 26.74199884 0 P 0
L 17.25399902 27.24999884 17.50799902 27.75799884 0 P 0
L 17.25399902 31.74999746 17.50799902 31.24199746 0 P 0
L 17.25399902 31.74999746 17.50799902 32.25799746 0 P 0
L 17.25399902 36.24999608 17.50799902 35.74199608 0 P 0
L 17.25399902 36.24999608 17.50799902 36.75799608 0 P 0
L 17.25399902 37.74999562 17.50799902 37.24199562 0 P 0
L 17.25399902 37.74999562 17.50799902 38.25799562 0 P 0
L 17.25399902 39.24999516 17.50799902 38.74199516 0 P 0
L 17.25399902 39.24999516 17.50799902 39.75799516 0 P 0
L 17.85800086 3.71199918 17.85800086 4.72799918 0 P 0
L 17.99199856 19.84199994 18.24599856 20.34999994 0 P 0
L 17.99199856 19.84199994 18.49999856 20.09599994 0 P 0
L 17.99199856 20.84200048 18.24599856 21.35000048 0 P 0
L 17.99199856 20.84200048 18.49999856 21.09600048 0 P 0
L 17.99199856 20.85799994 18.24599856 20.34999994 0 P 0
L 17.99199856 20.85799994 18.49999856 20.60399994 0 P 0
L 17.99199856 21.85800048 18.24599856 21.35000048 0 P 0
L 17.99199856 21.85800048 18.49999856 21.60400048 0 P 0
L 17.99199856 22.24200022 18.24599856 22.75000022 0 P 0
L 17.99199856 22.24200022 18.49999856 22.49600022 0 P 0
L 17.99199856 23.25800022 18.24599856 22.75000022 0 P 0
L 17.99199856 23.25800022 18.49999856 23.00400022 0 P 0
L 17.99199856 23.74199976 18.24599856 24.24999976 0 P 0
L 17.99199856 23.74199976 18.49999856 23.99599976 0 P 0
L 17.99199856 24.75799976 18.24599856 24.24999976 0 P 0
L 17.99199856 24.75799976 18.49999856 24.50399976 0 P 0
L 17.99199856 25.2419993 18.24599856 25.7499993 0 P 0
L 17.99199856 25.2419993 18.49999856 25.4959993 0 P 0
L 17.99199856 26.2579993 18.24599856 25.7499993 0 P 0
L 17.99199856 26.2579993 18.49999856 26.0039993 0 P 0
L 17.99199856 26.74199884 18.24599856 27.24999884 0 P 0
L 17.99199856 26.74199884 18.49999856 26.99599884 0 P 0
L 17.99199856 27.75799884 18.24599856 27.24999884 0 P 0
L 17.99199856 27.75799884 18.49999856 27.50399884 0 P 0
L 17.99199856 28.24199838 18.24599856 28.74999838 0 P 0
L 17.99199856 28.24199838 18.49999856 28.49599838 0 P 0
L 17.99199856 29.25799838 18.24599856 28.74999838 0 P 0
L 17.99199856 29.25799838 18.49999856 29.00399838 0 P 0
L 17.99199856 29.74199792 18.24599856 30.24999792 0 P 0
L 17.99199856 29.74199792 18.49999856 29.99599792 0 P 0
L 17.99199856 30.75799792 18.24599856 30.24999792 0 P 0
L 17.99199856 30.75799792 18.49999856 30.50399792 0 P 0
L 17.99199856 31.24199746 18.24599856 31.74999746 0 P 0
L 17.99199856 31.24199746 18.49999856 31.49599746 0 P 0
L 17.99199856 32.25799746 18.24599856 31.74999746 0 P 0
L 17.99199856 32.25799746 18.49999856 32.00399746 0 P 0
L 17.99199856 32.741997 18.24599856 33.249997 0 P 0
L 17.99199856 32.741997 18.49999856 32.995997 0 P 0
L 17.99199856 33.757997 18.24599856 33.249997 0 P 0
L 17.99199856 33.757997 18.49999856 33.503997 0 P 0
L 17.99199856 34.24199654 18.24599856 34.74999654 0 P 0
L 17.99199856 34.24199654 18.49999856 34.49599654 0 P 0
L 17.99199856 35.25799654 18.24599856 34.74999654 0 P 0
L 17.99199856 35.25799654 18.49999856 35.00399654 0 P 0
L 17.99199856 35.74199608 18.24599856 36.24999608 0 P 0
L 17.99199856 35.74199608 18.49999856 35.99599608 0 P 0
L 17.99199856 36.75799608 18.24599856 36.24999608 0 P 0
L 17.99199856 36.75799608 18.49999856 36.50399608 0 P 0
L 17.99199856 37.24199562 18.24599856 37.74999562 0 P 0
L 17.99199856 37.24199562 18.49999856 37.49599562 0 P 0
L 17.99199856 38.25799562 18.24599856 37.74999562 0 P 0
L 17.99199856 38.25799562 18.49999856 38.00399562 0 P 0
L 17.99199856 38.74199516 18.24599856 39.24999516 0 P 0
L 17.99199856 38.74199516 18.49999856 38.99599516 0 P 0
L 17.99199856 39.75799516 18.24599856 39.24999516 0 P 0
L 17.99199856 39.75799516 18.49999856 39.50399516 0 P 0
L 17.9920011 9.74600032 18.2460011 9.74600032 0 P 0
L 17.9920011 9.74600032 18.2460011 10.00000032 0 P 0
L 17.9920011 10.25400032 18.2460011 10.00000032 0 P 0
L 17.9920011 10.25400032 18.2460011 10.25400032 0 P 0
L 18.2460011 9.74600032 18.5000011 9.49200032 0 P 0
L 18.2460011 10.25400032 18.5000011 10.50800032 0 P 0
L 18.49999856 20.09599994 19.00799856 19.84199994 0 P 0
L 18.49999856 20.60399994 19.00799856 20.85799994 0 P 0
L 18.49999856 21.09600048 19.00799856 20.84200048 0 P 0
L 18.49999856 21.60400048 19.00799856 21.85800048 0 P 0
L 18.49999856 22.49600022 19.00799856 22.24200022 0 P 0
L 18.49999856 23.00400022 19.00799856 23.25800022 0 P 0
L 18.49999856 23.99599976 19.00799856 23.74199976 0 P 0
L 18.49999856 24.50399976 19.00799856 24.75799976 0 P 0
L 18.49999856 25.4959993 19.00799856 25.2419993 0 P 0
L 18.49999856 26.0039993 19.00799856 26.2579993 0 P 0
L 18.49999856 26.99599884 19.00799856 26.74199884 0 P 0
L 18.49999856 27.50399884 19.00799856 27.75799884 0 P 0
L 18.49999856 28.49599838 19.00799856 28.24199838 0 P 0
L 18.49999856 29.00399838 19.00799856 29.25799838 0 P 0
L 18.49999856 29.99599792 19.00799856 29.74199792 0 P 0
L 18.49999856 30.50399792 19.00799856 30.75799792 0 P 0
L 18.49999856 31.49599746 19.00799856 31.24199746 0 P 0
L 18.49999856 32.00399746 19.00799856 32.25799746 0 P 0
L 18.49999856 32.995997 19.00799856 32.741997 0 P 0
L 18.49999856 33.503997 19.00799856 33.757997 0 P 0
L 18.49999856 34.49599654 19.00799856 34.24199654 0 P 0
L 18.49999856 35.00399654 19.00799856 35.25799654 0 P 0
L 18.49999856 35.99599608 19.00799856 35.74199608 0 P 0
L 18.49999856 36.50399608 19.00799856 36.75799608 0 P 0
L 18.49999856 37.49599562 19.00799856 37.24199562 0 P 0
L 18.49999856 38.00399562 19.00799856 38.25799562 0 P 0
L 18.49999856 38.99599516 19.00799856 38.74199516 0 P 0
L 18.49999856 39.50399516 19.00799856 39.75799516 0 P 0
L 18.5000011 9.49200032 18.7540011 9.74600032 0 P 0
L 18.5000011 10.50800032 18.7540011 10.25400032 0 P 0
L 18.75399856 20.34999994 19.00799856 19.84199994 0 P 0
L 18.75399856 20.34999994 19.00799856 20.85799994 0 P 0
L 18.75399856 21.35000048 19.00799856 20.84200048 0 P 0
L 18.75399856 21.35000048 19.00799856 21.85800048 0 P 0
L 18.75399856 22.75000022 19.00799856 22.24200022 0 P 0
L 18.75399856 22.75000022 19.00799856 23.25800022 0 P 0
L 18.75399856 24.24999976 19.00799856 23.74199976 0 P 0
L 18.75399856 24.24999976 19.00799856 24.75799976 0 P 0
L 18.75399856 25.7499993 19.00799856 25.2419993 0 P 0
L 18.75399856 25.7499993 19.00799856 26.2579993 0 P 0
L 18.75399856 27.24999884 19.00799856 26.74199884 0 P 0
L 18.75399856 27.24999884 19.00799856 27.75799884 0 P 0
L 18.75399856 28.74999838 19.00799856 28.24199838 0 P 0
L 18.75399856 28.74999838 19.00799856 29.25799838 0 P 0
L 18.75399856 30.24999792 19.00799856 29.74199792 0 P 0
L 18.75399856 30.24999792 19.00799856 30.75799792 0 P 0
L 18.75399856 31.74999746 19.00799856 31.24199746 0 P 0
L 18.75399856 31.74999746 19.00799856 32.25799746 0 P 0
L 18.75399856 33.249997 19.00799856 32.741997 0 P 0
L 18.75399856 33.249997 19.00799856 33.757997 0 P 0
L 18.75399856 34.74999654 19.00799856 34.24199654 0 P 0
L 18.75399856 34.74999654 19.00799856 35.25799654 0 P 0
L 18.75399856 36.24999608 19.00799856 35.74199608 0 P 0
L 18.75399856 36.24999608 19.00799856 36.75799608 0 P 0
L 18.75399856 37.74999562 19.00799856 37.24199562 0 P 0
L 18.75399856 37.74999562 19.00799856 38.25799562 0 P 0
L 18.75399856 39.24999516 19.00799856 38.74199516 0 P 0
L 18.75399856 39.24999516 19.00799856 39.75799516 0 P 0
L 18.7540011 9.74600032 19.0080011 9.74600032 0 P 0
L 18.7540011 10.00000032 19.0080011 9.74600032 0 P 0
L 18.7540011 10.00000032 19.0080011 10.25400032 0 P 0
L 18.7540011 10.25400032 19.0080011 10.25400032 0 P 0
L 19.38200086 3.71199918 19.38200086 4.72799918 0 P 0
L 19.38200086 3.71199918 20.39800086 3.71199918 0 P 0
L 19.38200086 4.72799918 20.39800086 4.72799918 0 P 0
L 19.4919981 19.84199994 19.7459981 20.34999994 0 P 0
L 19.4919981 19.84199994 19.9999981 20.09599994 0 P 0
L 19.4919981 20.84200048 19.7459981 21.35000048 0 P 0
L 19.4919981 20.84200048 19.9999981 21.09600048 0 P 0
L 19.4919981 20.85799994 19.7459981 20.34999994 0 P 0
L 19.4919981 20.85799994 19.9999981 20.60399994 0 P 0
L 19.4919981 21.85800048 19.7459981 21.35000048 0 P 0
L 19.4919981 21.85800048 19.9999981 21.60400048 0 P 0
L 19.4919981 22.24200022 19.7459981 22.75000022 0 P 0
L 19.4919981 22.24200022 19.9999981 22.49600022 0 P 0
L 19.4919981 23.25800022 19.7459981 22.75000022 0 P 0
L 19.4919981 23.25800022 19.9999981 23.00400022 0 P 0
L 19.4919981 23.74199976 19.7459981 24.24999976 0 P 0
L 19.4919981 23.74199976 19.9999981 23.99599976 0 P 0
L 19.4919981 24.75799976 19.7459981 24.24999976 0 P 0
L 19.4919981 24.75799976 19.9999981 24.50399976 0 P 0
L 19.4919981 25.2419993 19.7459981 25.7499993 0 P 0
L 19.4919981 25.2419993 19.9999981 25.4959993 0 P 0
L 19.4919981 26.2579993 19.7459981 25.7499993 0 P 0
L 19.4919981 26.2579993 19.9999981 26.0039993 0 P 0
L 19.4919981 26.74199884 19.7459981 27.24999884 0 P 0
L 19.4919981 26.74199884 19.9999981 26.99599884 0 P 0
L 19.4919981 27.75799884 19.7459981 27.24999884 0 P 0
L 19.4919981 27.75799884 19.9999981 27.50399884 0 P 0
L 19.4919981 28.24199838 19.7459981 28.74999838 0 P 0
L 19.4919981 28.24199838 19.9999981 28.49599838 0 P 0
L 19.4919981 29.25799838 19.7459981 28.74999838 0 P 0
L 19.4919981 29.25799838 19.9999981 29.00399838 0 P 0
L 19.4919981 29.74199792 19.7459981 30.24999792 0 P 0
L 19.4919981 29.74199792 19.9999981 29.99599792 0 P 0
L 19.4919981 30.75799792 19.7459981 30.24999792 0 P 0
L 19.4919981 30.75799792 19.9999981 30.50399792 0 P 0
L 19.4919981 31.24199746 19.7459981 31.74999746 0 P 0
L 19.4919981 31.24199746 19.9999981 31.49599746 0 P 0
L 19.4919981 32.25799746 19.7459981 31.74999746 0 P 0
L 19.4919981 32.25799746 19.9999981 32.00399746 0 P 0
L 19.4919981 32.741997 19.7459981 33.249997 0 P 0
L 19.4919981 32.741997 19.9999981 32.995997 0 P 0
L 19.4919981 33.757997 19.7459981 33.249997 0 P 0
L 19.4919981 33.757997 19.9999981 33.503997 0 P 0
L 19.4919981 34.24199654 19.7459981 34.74999654 0 P 0
L 19.4919981 34.24199654 19.9999981 34.49599654 0 P 0
L 19.4919981 35.25799654 19.7459981 34.74999654 0 P 0
L 19.4919981 35.25799654 19.9999981 35.00399654 0 P 0
L 19.4919981 35.74199608 19.7459981 36.24999608 0 P 0
L 19.4919981 35.74199608 19.9999981 35.99599608 0 P 0
L 19.4919981 36.75799608 19.7459981 36.24999608 0 P 0
L 19.4919981 36.75799608 19.9999981 36.50399608 0 P 0
L 19.4919981 37.24199562 19.7459981 37.74999562 0 P 0
L 19.4919981 37.24199562 19.9999981 37.49599562 0 P 0
L 19.4919981 38.25799562 19.7459981 37.74999562 0 P 0
L 19.4919981 38.25799562 19.9999981 38.00399562 0 P 0
L 19.4919981 38.74199516 19.7459981 39.24999516 0 P 0
L 19.4919981 38.74199516 19.9999981 38.99599516 0 P 0
L 19.4919981 39.75799516 19.7459981 39.24999516 0 P 0
L 19.4919981 39.75799516 19.9999981 39.50399516 0 P 0
L 19.9999981 20.09599994 20.5079981 19.84199994 0 P 0
L 19.9999981 20.60399994 20.5079981 20.85799994 0 P 0
L 19.9999981 21.09600048 20.5079981 20.84200048 0 P 0
L 19.9999981 21.60400048 20.5079981 21.85800048 0 P 0
L 19.9999981 22.49600022 20.5079981 22.24200022 0 P 0
L 19.9999981 23.00400022 20.5079981 23.25800022 0 P 0
L 19.9999981 23.99599976 20.5079981 23.74199976 0 P 0
L 19.9999981 24.50399976 20.5079981 24.75799976 0 P 0
L 19.9999981 25.4959993 20.5079981 25.2419993 0 P 0
L 19.9999981 26.0039993 20.5079981 26.2579993 0 P 0
L 19.9999981 26.99599884 20.5079981 26.74199884 0 P 0
L 19.9999981 27.50399884 20.5079981 27.75799884 0 P 0
L 19.9999981 28.49599838 20.5079981 28.24199838 0 P 0
L 19.9999981 29.00399838 20.5079981 29.25799838 0 P 0
L 19.9999981 29.99599792 20.5079981 29.74199792 0 P 0
L 19.9999981 30.50399792 20.5079981 30.75799792 0 P 0
L 19.9999981 31.49599746 20.5079981 31.24199746 0 P 0
L 19.9999981 32.00399746 20.5079981 32.25799746 0 P 0
L 19.9999981 32.995997 20.5079981 32.741997 0 P 0
L 19.9999981 33.503997 20.5079981 33.757997 0 P 0
L 19.9999981 34.49599654 20.5079981 34.24199654 0 P 0
L 19.9999981 35.00399654 20.5079981 35.25799654 0 P 0
L 19.9999981 35.99599608 20.5079981 35.74199608 0 P 0
L 19.9999981 36.50399608 20.5079981 36.75799608 0 P 0
L 19.9999981 37.49599562 20.5079981 37.24199562 0 P 0
L 19.9999981 38.00399562 20.5079981 38.25799562 0 P 0
L 19.9999981 38.99599516 20.5079981 38.74199516 0 P 0
L 19.9999981 39.50399516 20.5079981 39.75799516 0 P 0
L 20.2539981 20.34999994 20.5079981 19.84199994 0 P 0
L 20.2539981 20.34999994 20.5079981 20.85799994 0 P 0
L 20.2539981 21.35000048 20.5079981 20.84200048 0 P 0
L 20.2539981 21.35000048 20.5079981 21.85800048 0 P 0
L 20.2539981 22.75000022 20.5079981 22.24200022 0 P 0
L 20.2539981 22.75000022 20.5079981 23.25800022 0 P 0
L 20.2539981 24.24999976 20.5079981 23.74199976 0 P 0
L 20.2539981 24.24999976 20.5079981 24.75799976 0 P 0
L 20.2539981 25.7499993 20.5079981 25.2419993 0 P 0
L 20.2539981 25.7499993 20.5079981 26.2579993 0 P 0
L 20.2539981 27.24999884 20.5079981 26.74199884 0 P 0
L 20.2539981 27.24999884 20.5079981 27.75799884 0 P 0
L 20.2539981 28.74999838 20.5079981 28.24199838 0 P 0
L 20.2539981 28.74999838 20.5079981 29.25799838 0 P 0
L 20.2539981 30.24999792 20.5079981 29.74199792 0 P 0
L 20.2539981 30.24999792 20.5079981 30.75799792 0 P 0
L 20.2539981 31.74999746 20.5079981 31.24199746 0 P 0
L 20.2539981 31.74999746 20.5079981 32.25799746 0 P 0
L 20.2539981 33.249997 20.5079981 32.741997 0 P 0
L 20.2539981 33.249997 20.5079981 33.757997 0 P 0
L 20.2539981 34.74999654 20.5079981 34.24199654 0 P 0
L 20.2539981 34.74999654 20.5079981 35.25799654 0 P 0
L 20.2539981 36.24999608 20.5079981 35.74199608 0 P 0
L 20.2539981 36.24999608 20.5079981 36.75799608 0 P 0
L 20.2539981 37.74999562 20.5079981 37.24199562 0 P 0
L 20.2539981 37.74999562 20.5079981 38.25799562 0 P 0
L 20.2539981 39.24999516 20.5079981 38.74199516 0 P 0
L 20.2539981 39.24999516 20.5079981 39.75799516 0 P 0
L 20.39800086 3.71199918 20.39800086 4.72799918 0 P 0
L 20.74200068 19.84199994 20.99600068 20.34999994 0 P 0
L 20.74200068 19.84199994 21.25000068 20.09599994 0 P 0
L 20.74200068 20.84200048 20.99600068 21.35000048 0 P 0
L 20.74200068 20.84200048 21.25000068 21.09600048 0 P 0
L 20.74200068 20.85799994 20.99600068 20.34999994 0 P 0
L 20.74200068 20.85799994 21.25000068 20.60399994 0 P 0
L 20.74200068 21.85800048 20.99600068 21.35000048 0 P 0
L 20.74200068 21.85800048 21.25000068 21.60400048 0 P 0
L 20.74200068 22.24200022 20.99600068 22.75000022 0 P 0
L 20.74200068 22.24200022 21.25000068 22.49600022 0 P 0
L 20.74200068 23.25800022 20.99600068 22.75000022 0 P 0
L 20.74200068 23.25800022 21.25000068 23.00400022 0 P 0
L 20.74200068 23.74199976 20.99600068 24.24999976 0 P 0
L 20.74200068 23.74199976 21.25000068 23.99599976 0 P 0
L 20.74200068 24.75799976 20.99600068 24.24999976 0 P 0
L 20.74200068 24.75799976 21.25000068 24.50399976 0 P 0
L 20.74200068 25.2419993 20.99600068 25.7499993 0 P 0
L 20.74200068 25.2419993 21.25000068 25.4959993 0 P 0
L 20.74200068 26.2579993 20.99600068 25.7499993 0 P 0
L 20.74200068 26.2579993 21.25000068 26.0039993 0 P 0
L 20.74200068 26.74200138 20.99600068 27.25000138 0 P 0
L 20.74200068 26.74200138 21.25000068 26.99600138 0 P 0
L 20.74200068 27.75800138 20.99600068 27.25000138 0 P 0
L 20.74200068 27.75800138 21.25000068 27.50400138 0 P 0
L 20.74200068 28.24200092 20.99600068 28.75000092 0 P 0
L 20.74200068 28.24200092 21.25000068 28.49600092 0 P 0
L 20.74200068 29.25800092 20.99600068 28.75000092 0 P 0
L 20.74200068 29.25800092 21.25000068 29.00400092 0 P 0
L 20.74200068 29.74200046 20.99600068 30.25000046 0 P 0
L 20.74200068 29.74200046 21.25000068 29.99600046 0 P 0
L 20.74200068 30.75800046 20.99600068 30.25000046 0 P 0
L 20.74200068 30.75800046 21.25000068 30.50400046 0 P 0
L 20.74200068 31.242 20.99600068 31.75 0 P 0
L 20.74200068 31.242 21.25000068 31.496 0 P 0
L 20.74200068 32.258 20.99600068 31.75 0 P 0
L 20.74200068 32.258 21.25000068 32.004 0 P 0
L 20.74200068 32.74199954 20.99600068 33.24999954 0 P 0
L 20.74200068 32.74199954 21.25000068 32.99599954 0 P 0
L 20.74200068 33.75799954 20.99600068 33.24999954 0 P 0
L 20.74200068 33.75799954 21.25000068 33.50399954 0 P 0
L 20.74200068 34.24199908 20.99600068 34.74999908 0 P 0
L 20.74200068 34.24199908 21.25000068 34.49599908 0 P 0
L 20.74200068 35.25799908 20.99600068 34.74999908 0 P 0
L 20.74200068 35.25799908 21.25000068 35.00399908 0 P 0
L 20.74200068 35.74200116 20.99600068 36.25000116 0 P 0
L 20.74200068 35.74200116 21.25000068 35.99600116 0 P 0
L 20.74200068 36.75800116 20.99600068 36.25000116 0 P 0
L 20.74200068 36.75800116 21.25000068 36.50400116 0 P 0
L 20.74200068 37.2420007 20.99600068 37.7500007 0 P 0
L 20.74200068 37.2420007 21.25000068 37.4960007 0 P 0
L 20.74200068 38.2580007 20.99600068 37.7500007 0 P 0
L 20.74200068 38.2580007 21.25000068 38.0040007 0 P 0
L 20.74200068 38.74200024 20.99600068 39.25000024 0 P 0
L 20.74200068 38.74200024 21.25000068 38.99600024 0 P 0
L 20.74200068 39.75800024 20.99600068 39.25000024 0 P 0
L 20.74200068 39.75800024 21.25000068 39.50400024 0 P 0
L 21.25000068 20.09599994 21.75800068 19.84199994 0 P 0
L 21.25000068 20.60399994 21.75800068 20.85799994 0 P 0
L 21.25000068 21.09600048 21.75800068 20.84200048 0 P 0
L 21.25000068 21.60400048 21.75800068 21.85800048 0 P 0
L 21.25000068 22.49600022 21.75800068 22.24200022 0 P 0
L 21.25000068 23.00400022 21.75800068 23.25800022 0 P 0
L 21.25000068 23.99599976 21.75800068 23.74199976 0 P 0
L 21.25000068 24.50399976 21.75800068 24.75799976 0 P 0
L 21.25000068 25.4959993 21.75800068 25.2419993 0 P 0
L 21.25000068 26.0039993 21.75800068 26.2579993 0 P 0
L 21.25000068 26.99600138 21.75800068 26.74200138 0 P 0
L 21.25000068 27.50400138 21.75800068 27.75800138 0 P 0
L 21.25000068 28.49600092 21.75800068 28.24200092 0 P 0
L 21.25000068 29.00400092 21.75800068 29.25800092 0 P 0
L 21.25000068 29.99600046 21.75800068 29.74200046 0 P 0
L 21.25000068 30.50400046 21.75800068 30.75800046 0 P 0
L 21.25000068 31.496 21.75800068 31.242 0 P 0
L 21.25000068 32.004 21.75800068 32.258 0 P 0
L 21.25000068 32.99599954 21.75800068 32.74199954 0 P 0
L 21.25000068 33.50399954 21.75800068 33.75799954 0 P 0
L 21.25000068 34.49599908 21.75800068 34.24199908 0 P 0
L 21.25000068 35.00399908 21.75800068 35.25799908 0 P 0
L 21.25000068 35.99600116 21.75800068 35.74200116 0 P 0
L 21.25000068 36.50400116 21.75800068 36.75800116 0 P 0
L 21.25000068 37.4960007 21.75800068 37.2420007 0 P 0
L 21.25000068 38.0040007 21.75800068 38.2580007 0 P 0
L 21.25000068 38.99600024 21.75800068 38.74200024 0 P 0
L 21.25000068 39.50400024 21.75800068 39.75800024 0 P 0
L 21.50400068 20.34999994 21.75800068 19.84199994 0 P 0
L 21.50400068 20.34999994 21.75800068 20.85799994 0 P 0
L 21.50400068 21.35000048 21.75800068 20.84200048 0 P 0
L 21.50400068 21.35000048 21.75800068 21.85800048 0 P 0
L 21.50400068 22.75000022 21.75800068 22.24200022 0 P 0
L 21.50400068 22.75000022 21.75800068 23.25800022 0 P 0
L 21.50400068 24.24999976 21.75800068 23.74199976 0 P 0
L 21.50400068 24.24999976 21.75800068 24.75799976 0 P 0
L 21.50400068 25.7499993 21.75800068 25.2419993 0 P 0
L 21.50400068 25.7499993 21.75800068 26.2579993 0 P 0
L 21.50400068 27.25000138 21.75800068 26.74200138 0 P 0
L 21.50400068 27.25000138 21.75800068 27.75800138 0 P 0
L 21.50400068 28.75000092 21.75800068 28.24200092 0 P 0
L 21.50400068 28.75000092 21.75800068 29.25800092 0 P 0
L 21.50400068 30.25000046 21.75800068 29.74200046 0 P 0
L 21.50400068 30.25000046 21.75800068 30.75800046 0 P 0
L 21.50400068 31.75 21.75800068 31.242 0 P 0
L 21.50400068 31.75 21.75800068 32.258 0 P 0
L 21.50400068 33.24999954 21.75800068 32.74199954 0 P 0
L 21.50400068 33.24999954 21.75800068 33.75799954 0 P 0
L 21.50400068 34.74999908 21.75800068 34.24199908 0 P 0
L 21.50400068 34.74999908 21.75800068 35.25799908 0 P 0
L 21.50400068 36.25000116 21.75800068 35.74200116 0 P 0
L 21.50400068 36.25000116 21.75800068 36.75800116 0 P 0
L 21.50400068 37.7500007 21.75800068 37.2420007 0 P 0
L 21.50400068 37.7500007 21.75800068 38.2580007 0 P 0
L 21.50400068 39.25000024 21.75800068 38.74200024 0 P 0
L 21.50400068 39.25000024 21.75800068 39.75800024 0 P 0
