UNITS=MM
#Layer_Color=32768
#
#Feature symbol names
#
$0 r49.9999
$1 r9.99998
$2 r5.00126
$3 r99.9998

#
#Feature attribute names
#
@0 .nomenclature
@1 .string
@2 .string_angle

#
#Feature attribute text strings
#
&0 U1

#
#Layer features
#
L 2.72500344 9.99999778 2.72500344 12.77499858 0 P 0
L 2.72500344 9.99999778 7.3250044 9.99999778 0 P 0
L 2.72500344 12.77499858 7.3250044 12.77499858 0 P 0
L 2.7750008 16.40000022 2.7750008 19.17500102 0 P 0
L 2.7750008 16.40000022 7.37500176 16.40000022 0 P 0
L 2.7750008 19.17500102 7.37500176 19.17500102 0 P 0
L 4.52500492 11.39999752 5.52500292 11.39999752 0 P 0
L 4.57500228 17.79999996 5.57500028 17.79999996 0 P 0
L 5.02500392 10.89999852 5.02500392 11.89999652 0 P 0
L 5.07500128 17.30000096 5.07500128 18.29999896 0 P 0
L 7.3250044 9.99999778 7.3250044 12.77499858 0 P 0
L 7.37500176 16.40000022 7.37500176 19.17500102 0 P 0
L 7.90000198 16.67500094 7.90000198 18.12500312 0 P 0
L 7.90000198 16.67500094 8.70000038 16.67500094 0 P 0
L 7.90000198 18.12500312 8.70000038 18.12500312 0 P 0
L 7.97504374 17.37500208 8.57504254 17.37500208 0 P 0
L 8.025003 10.27499596 8.025003 11.72499814 0 P 0
L 8.025003 10.27499596 8.8250014 10.27499596 0 P 0
L 8.025003 11.72499814 8.8250014 11.72499814 0 P 0
L 8.10004476 10.9749971 8.70004356 10.9749971 0 P 0
L 8.30000118 17.05000146 8.30000118 17.67500148 0 P 0
L 8.4250022 10.64999648 8.4250022 11.2749965 0 P 0
L 8.70000038 16.67500094 8.70000038 18.12500312 0 P 0
L 8.8250014 10.27499596 8.8250014 11.72499814 0 P 0
L 9.49000134 -6.07000056 9.49000134 5.1949985 0 P 0
L 9.49000134 -6.07000056 30.50999994 -6.07000056 0 P 0
L 9.49000134 5.1949985 30.50999994 5.1949985 0 P 0
L 12.57499644 12.6850013 12.57499644 13.88500144 0 P 0
L 12.57499644 12.6850013 14.77499458 12.6850013 0 P 0
L 12.57499644 13.88500144 14.77499458 13.88500144 0 P 0
L 12.57499644 18.08500066 12.57499644 19.2850008 0 P 0
L 12.57499644 18.08500066 14.77499458 18.08500066 0 P 0
L 12.57499644 19.2850008 14.77499458 19.2850008 0 P 0
L 13.199999 13.98500124 13.199999 17.9850034 0 P 0
L 13.199999 13.98500124 15.07499906 13.98500124 0 P 0
L 13.199999 17.9850034 15.07499906 17.9850034 0 P 0
L 13.39999606 13.2850001 13.94999496 13.2850001 3 P 0
L 13.39999606 18.68499946 13.94999496 18.68499946 3 P 0
L 13.62499688 15.98500232 14.62499742 15.98500232 0 P 0
L 13.67499678 13.01000192 13.67499678 13.56000082 3 P 0
L 13.67499678 18.41000128 13.67499678 18.96000018 3 P 0
L 14.12499842 15.48500078 14.12499842 16.48500132 0 P 0
L 14.77499458 12.6850013 14.77499458 13.88500144 0 P 0
L 14.77499458 18.08500066 14.77499458 19.2850008 0 P 0
L 15.07499906 13.98500124 15.07499906 17.9850034 0 P 0
L 15.50000202 18.84000042 15.50000202 20.36000246 2 P 0
L 15.50000202 18.84000042 16.30000042 18.84000042 2 P 0
L 15.50000202 20.36000246 16.30000042 20.36000246 2 P 0
L 15.60000182 19.60000144 16.20000062 19.60000144 1 P 0
L 15.90000122 19.30000204 15.90000122 19.90000338 1 P 0
L 16.30000042 18.84000042 16.30000042 20.36000246 2 P 0
L 16.50000256 12.8499997 16.50000256 19.8499984 0 P 0
L 16.50000256 12.8499997 23.50000126 12.8499997 0 P 0
L 16.50000256 19.8499984 23.50000126 19.8499984 0 P 0
L 19.50000164 1.39999974 20.49999964 1.39999974 0 P 0
L 19.50000164 16.34999778 20.49999964 16.34999778 0 P 0
L 20.00000064 0.90000074 20.00000064 1.89999874 0 P 0
L 20.00000064 15.84999878 20.00000064 16.84999678 0 P 0
L 20.10000298 14.91709234 20.10000298 15.08370364 3 P 0 ;0,1=0,2=270.000000
L 20.10000298 15.08370364 21.09968094 15.08370364 3 P 0 ;0,1=0,2=270.000000
L 20.10000298 15.25031748 20.10000298 14.91709234 3 P 0 ;0,1=0,2=270.000000
L 20.10000298 15.75015646 20.26661682 15.58354516 3 P 0 ;0,1=0,2=270.000000
L 20.10000298 16.0833816 20.10000298 15.75015646 3 P 0 ;0,1=0,2=270.000000
L 20.26661682 15.58354516 21.09968094 15.58354516 3 P 0 ;0,1=0,2=270.000000
L 20.26661682 16.24999544 20.10000298 16.0833816 3 P 0 ;0,1=0,2=270.000000
L 20.59999944 7.7999971 20.59999944 8.59999804 0 P 0
L 20.59999944 7.7999971 22.20000132 7.7999971 0 P 0
L 20.59999944 8.59999804 22.20000132 8.59999804 0 P 0
L 20.59999944 8.99999724 20.59999944 9.79999818 0 P 0
L 20.59999944 8.99999724 22.20000132 8.99999724 0 P 0
L 20.59999944 9.79999818 22.20000132 9.79999818 0 P 0
L 21.09968094 15.08370364 20.9330671 15.25031748 3 P 0 ;0,1=0,2=270.000000
L 21.09968094 16.24999544 20.26661682 16.24999544 3 P 0 ;0,1=0,2=270.000000
L 21.10000098 8.19999884 21.69999978 8.19999884 0 P 0
L 21.10000098 9.39999898 21.69999978 9.39999898 0 P 0
L 21.40000038 7.89999944 21.40000038 8.49999824 0 P 0
L 21.40000038 9.09999958 21.40000038 9.69999838 0 P 0
L 22.20000132 7.7999971 22.20000132 8.59999804 0 P 0
L 22.20000132 8.99999724 22.20000132 9.79999818 0 P 0
L 22.50000072 7.60000004 22.50000072 10.00000032 0 P 0
L 22.50000072 7.60000004 25.4999998 7.60000004 0 P 0
L 22.50000072 10.00000032 25.4999998 10.00000032 0 P 0
L 23.50000126 8.80000018 24.49999926 8.80000018 0 P 0
L 23.50000126 12.8499997 23.50000126 19.8499984 0 P 0
L 24.00000026 8.30000118 24.00000026 9.29999918 0 P 0
L 25.4999998 7.60000004 25.4999998 10.00000032 0 P 0
L 25.899999 8.89999998 25.899999 10.50000186 0 P 0
L 25.899999 8.89999998 26.69999994 8.89999998 0 P 0
L 25.899999 10.50000186 26.69999994 10.50000186 0 P 0
L 26.00000134 9.70000092 26.60000014 9.70000092 0 P 0
L 26.30000074 9.40000152 26.30000074 10.00000032 0 P 0
L 26.69999994 8.89999998 26.69999994 10.50000186 0 P 0
L 30.50999994 -6.07000056 30.50999994 5.1949985 0 P 0
