UNITS=MM
#Layer_Color=32768
#
#Feature symbol names
#
$0 r49.9999
$1 r99.9998

#
#Feature attribute names
#
@0 .nomenclature
@1 .string
@2 .string_angle

#
#Feature attribute text strings
#
&0 U1

#
#Layer features
#
L -0.01000252 25.67499818 -0.01000252 40.07499986 0 P 0
L -0.01000252 25.67499818 10.389997 25.67499818 0 P 0
L -0.01000252 40.07499986 10.389997 40.07499986 0 P 0
L 0.49000156 -6.02000066 0.49000156 5.2449984 0 P 0
L 0.49000156 -6.02000066 21.51000016 -6.02000066 0 P 0
L 0.49000156 5.2449984 21.51000016 5.2449984 0 P 0
L 1.20000014 13.60000074 1.20000014 16.37500154 0 P 0
L 1.20000014 13.60000074 5.8000011 13.60000074 0 P 0
L 1.20000014 16.37500154 5.8000011 16.37500154 0 P 0
L 1.58679896 18.29999896 1.58679896 19.90000084 0 P 0
L 1.58679896 18.29999896 2.3867999 18.29999896 0 P 0
L 1.58679896 19.90000084 2.3867999 19.90000084 0 P 0
L 1.6868013 19.0999999 2.2868001 19.0999999 0 P 0
L 1.8263997 16.59258556 1.8263997 17.39258396 0 P 0
L 1.8263997 16.59258556 3.27640188 16.59258556 0 P 0
L 1.8263997 17.39258396 3.27640188 17.39258396 0 P 0
L 1.9868007 18.8000005 1.9868007 19.3999993 0 P 0
L 2.20140022 16.99258476 2.82640024 16.99258476 0 P 0
L 2.3867999 18.29999896 2.3867999 19.90000084 0 P 0
L 2.52640084 16.7175434 2.52640084 17.3175422 0 P 0
L 2.5867995 18.29999896 2.5867995 19.90000084 0 P 0
L 2.5867995 18.29999896 3.38680044 18.29999896 0 P 0
L 2.5867995 19.90000084 3.38680044 19.90000084 0 P 0
L 2.68680184 19.0999999 3.28680064 19.0999999 0 P 0
L 2.98680124 18.8000005 2.98680124 19.3999993 0 P 0
L 3.00000162 15.00000048 3.99999962 15.00000048 0 P 0
L 3.27640188 16.59258556 3.27640188 17.39258396 0 P 0
L 3.38680044 18.29999896 3.38680044 19.90000084 0 P 0
L 3.50000062 14.50000148 3.50000062 15.49999948 0 P 0
L 3.58779826 18.30079906 3.58779826 19.90080094 0 P 0
L 3.58779826 18.30079906 4.3877992 18.30079906 0 P 0
L 3.58779826 19.90080094 4.3877992 19.90080094 0 P 0
L 3.6878006 19.1008 4.2877994 19.1008 0 P 0
L 3.9878 18.8008006 3.9878 19.4007994 0 P 0
L 4.09031694 32.97500136 4.92338106 32.97500136 1 P 0 ;0,1=0,2=90.000000
L 4.09031694 34.14129316 4.25693078 33.97467932 1 P 0 ;0,1=0,2=90.000000
L 4.3877992 18.30079906 4.3877992 19.90080094 0 P 0
L 4.60659734 18.29999896 4.60659734 19.90000084 0 P 0
L 4.60659734 18.29999896 5.40659828 18.29999896 0 P 0
L 4.60659734 19.90000084 5.40659828 19.90000084 0 P 0
L 4.68999824 32.87499902 5.68999624 32.87499902 1 P 0
L 4.70659968 19.0999999 5.30659848 19.0999999 0 P 0
L 4.92338106 32.97500136 5.0899949 33.1416152 1 P 0 ;0,1=0,2=90.000000
L 4.92338106 33.64145164 4.09031694 33.64145164 1 P 0 ;0,1=0,2=90.000000
L 5.00659908 18.8000005 5.00659908 19.3999993 0 P 0
L 5.0899949 33.1416152 5.0899949 33.47484034 1 P 0 ;0,1=0,2=90.000000
L 5.0899949 33.47484034 4.92338106 33.64145164 1 P 0 ;0,1=0,2=90.000000
L 5.0899949 33.97467932 5.0899949 34.30790446 1 P 0 ;0,1=0,2=90.000000
L 5.0899949 34.14129316 4.09031694 34.14129316 1 P 0 ;0,1=0,2=90.000000
L 5.0899949 34.30790446 5.0899949 34.14129316 1 P 0 ;0,1=0,2=90.000000
L 5.18999724 32.37500002 5.18999724 32.87499902 1 P 0
L 5.18999724 32.87499902 5.18999724 33.37499802 1 P 0
L 5.18999724 32.87499902 5.18999724 33.37499802 1 P 0
L 5.40659828 18.29999896 5.40659828 19.90000084 0 P 0
L 5.60659788 18.29999896 5.60659788 19.90000084 0 P 0
L 5.60659788 18.29999896 6.40659882 18.29999896 0 P 0
L 5.60659788 19.90000084 6.40659882 19.90000084 0 P 0
L 5.70660022 19.0999999 6.30659902 19.0999999 0 P 0
L 5.8000011 13.60000074 5.8000011 16.37500154 0 P 0
L 6.00659962 18.8000005 6.00659962 19.3999993 0 P 0
L 6.40659882 18.29999896 6.40659882 19.90000084 0 P 0
L 6.60659842 18.29999896 6.60659842 19.90000084 0 P 0
L 6.60659842 18.29999896 7.40659936 18.29999896 0 P 0
L 6.60659842 19.90000084 7.40659936 19.90000084 0 P 0
L 6.70660076 19.0999999 7.30659956 19.0999999 0 P 0
L 7.00660016 18.8000005 7.00660016 19.3999993 0 P 0
L 7.40659936 18.29999896 7.40659936 19.90000084 0 P 0
L 7.60000004 18.29999896 7.60000004 19.90000084 0 P 0
L 7.60000004 18.29999896 8.40000098 18.29999896 0 P 0
L 7.60000004 19.90000084 8.40000098 19.90000084 0 P 0
L 7.69999984 19.0999999 8.29999864 19.0999999 0 P 0
L 7.99999924 18.8000005 7.99999924 19.3999993 0 P 0
L 8.40000098 18.29999896 8.40000098 19.90000084 0 P 0
L 8.60000058 18.29999896 8.60000058 19.90000084 0 P 0
L 8.60000058 18.29999896 9.40000152 18.29999896 0 P 0
L 8.60000058 19.90000084 9.40000152 19.90000084 0 P 0
L 8.70000038 19.0999999 9.29999918 19.0999999 0 P 0
L 8.99999978 18.8000005 8.99999978 19.3999993 0 P 0
L 9.40000152 18.29999896 9.40000152 19.90000084 0 P 0
L 10.389997 25.67499818 10.389997 40.07499986 0 P 0
L 10.39999952 12.7999998 10.39999952 15.20000008 0 P 0
L 10.39999952 12.7999998 13.3999986 12.7999998 0 P 0
L 10.39999952 15.20000008 13.3999986 15.20000008 0 P 0
L 10.50000186 1.44999964 11.49999986 1.44999964 0 P 0
L 10.88999854 33.79999844 10.88999854 34.99999858 0 P 0
L 10.88999854 33.79999844 13.08999922 33.79999844 0 P 0
L 10.88999854 34.99999858 13.08999922 34.99999858 0 P 0
L 10.88999854 35.00000112 10.88999854 36.20000126 0 P 0
L 10.88999854 35.00000112 13.08999922 35.00000112 0 P 0
L 10.88999854 36.20000126 13.08999922 36.20000126 0 P 0
L 11.00000086 0.95000064 11.00000086 1.94999864 0 P 0
L 11.40000006 13.99999994 12.39999806 13.99999994 0 P 0
L 11.68999694 35.59999992 12.28999828 35.59999992 1 P 0
L 11.68999948 34.39999978 12.29000082 34.39999978 1 P 0
L 11.7500019 17.7000027 11.7500019 19.90000338 0 P 0
L 11.7500019 17.7000027 13.05000184 17.7000027 0 P 0
L 11.7500019 19.90000338 13.05000184 19.90000338 0 P 0
L 11.89999906 13.50000094 11.89999906 14.49999894 0 P 0
L 11.9000016 18.80000304 12.90000214 18.80000304 1 P 0
L 11.98999888 34.09999784 11.98999888 34.69999918 1 P 0
L 11.98999888 35.30000052 11.98999888 35.90000186 1 P 0
L 12.4000006 18.30000404 12.4000006 19.30000204 1 P 0
L 13.05000184 17.7000027 13.05000184 19.90000338 0 P 0
L 13.08999922 33.79999844 13.08999922 34.99999858 0 P 0
L 13.08999922 35.00000112 13.08999922 36.20000126 0 P 0
L 13.30000134 18.29999896 13.30000134 19.90000084 0 P 0
L 13.30000134 18.29999896 14.10000228 18.29999896 0 P 0
L 13.30000134 19.90000084 14.10000228 19.90000084 0 P 0
L 13.3999986 12.7999998 13.3999986 15.20000008 0 P 0
L 13.40000114 19.0999999 13.99999994 19.0999999 0 P 0
L 13.70000054 18.8000005 13.70000054 19.3999993 0 P 0
L 14.10000228 18.29999896 14.10000228 19.90000084 0 P 0
L 15.09999774 18.29999896 15.09999774 19.90000084 0 P 0
L 15.09999774 18.29999896 15.89999868 18.29999896 0 P 0
L 15.09999774 19.90000084 15.89999868 19.90000084 0 P 0
L 15.20000008 19.0999999 15.79999888 19.0999999 0 P 0
L 15.49999948 18.8000005 15.49999948 19.3999993 0 P 0
L 15.89999868 18.29999896 15.89999868 19.90000084 0 P 0
L 16.09999828 18.29999896 16.09999828 19.90000084 0 P 0
L 16.09999828 18.29999896 16.89999922 18.29999896 0 P 0
L 16.09999828 19.90000084 16.89999922 19.90000084 0 P 0
L 16.20000062 13.62499942 16.20000062 16.40000022 0 P 0
L 16.20000062 13.62499942 20.80000158 13.62499942 0 P 0
L 16.20000062 16.40000022 20.80000158 16.40000022 0 P 0
L 16.20000062 19.0999999 16.79999942 19.0999999 0 P 0
L 16.24999798 16.59999982 16.24999798 17.39999822 0 P 0
L 16.24999798 16.59999982 17.70000016 16.59999982 0 P 0
L 16.24999798 17.39999822 17.70000016 17.39999822 0 P 0
L 16.50000002 18.8000005 16.50000002 19.3999993 0 P 0
L 16.69999962 16.99999902 17.32499964 16.99999902 0 P 0
L 16.89999922 18.29999896 16.89999922 19.90000084 0 P 0
L 16.99999902 16.67504158 16.99999902 17.27504038 0 P 0
L 17.09999882 18.29999896 17.09999882 19.90000084 0 P 0
L 17.09999882 18.29999896 17.89999976 18.29999896 0 P 0
L 17.09999882 19.90000084 17.89999976 19.90000084 0 P 0
L 17.20000116 19.0999999 17.79999996 19.0999999 0 P 0
L 17.50000056 18.8000005 17.50000056 19.3999993 0 P 0
L 17.70000016 16.59999982 17.70000016 17.39999822 0 P 0
L 17.89999976 18.29999896 17.89999976 19.90000084 0 P 0
L 18.0000021 15.00000048 19.0000001 15.00000048 0 P 0
L 18.09999936 18.29999896 18.09999936 19.90000084 0 P 0
L 18.09999936 18.29999896 18.9000003 18.29999896 0 P 0
L 18.09999936 19.90000084 18.9000003 19.90000084 0 P 0
L 18.2000017 19.0999999 18.8000005 19.0999999 0 P 0
L 18.5000011 14.50000148 18.5000011 15.49999948 0 P 0
L 18.5000011 18.8000005 18.5000011 19.3999993 0 P 0
L 18.9000003 18.29999896 18.9000003 19.90000084 0 P 0
L 18.99999756 18.29999896 18.99999756 19.90000084 0 P 0
L 18.99999756 18.29999896 19.7999985 18.29999896 0 P 0
L 18.99999756 19.90000084 19.7999985 19.90000084 0 P 0
L 19.0999999 19.0999999 19.6999987 19.0999999 0 P 0
L 19.3999993 18.8000005 19.3999993 19.3999993 0 P 0
L 19.7999985 18.29999896 19.7999985 19.90000084 0 P 0
L 20.2499976 17.69999762 20.2499976 19.8999983 0 P 0
L 20.2499976 17.69999762 21.54999754 17.69999762 0 P 0
L 20.2499976 19.8999983 21.54999754 19.8999983 0 P 0
L 20.3999973 18.79999796 21.39999784 18.79999796 1 P 0
L 20.80000158 13.62499942 20.80000158 16.40000022 0 P 0
L 20.89999884 18.29999896 20.89999884 19.29999696 1 P 0
L 21.51000016 -6.02000066 21.51000016 5.2449984 0 P 0
L 21.54999754 17.69999762 21.54999754 19.8999983 0 P 0
