UNITS=MM
#Layer_Color=9474304
#
#Feature symbol names
#
$0 r127
$1 r169.33164

#
#Feature attribute names
#

#
#Layer features
#
A 36.98200122 6.45500106 36.98200122 6.45500106 36.47400122 6.45500106 1 P 0 N
A 37.99800122 11.53500106 37.99800122 11.53500106 37.49000122 11.53500106 1 P 0 N
A 39.01400122 6.45500106 39.01400122 6.45500106 38.50600122 6.45500106 1 P 0 N
L 0.24200104 1.25800104 0.75000104 0.24200104 0 P 0
L 0.24200104 1.25800104 1.25800104 1.25800104 0 P 0
L 0.24200104 5.25800066 0.75000104 4.24200066 0 P 0
L 0.24200104 5.25800066 1.25800104 5.25800066 0 P 0
L 0.24200104 6.7580002 0.75000104 5.7420002 0 P 0
L 0.24200104 6.7580002 1.25800104 6.7580002 0 P 0
L 0.24200104 8.25799974 0.75000104 7.24199974 0 P 0
L 0.24200104 8.25799974 1.25800104 8.25799974 0 P 0
L 0.24200104 9.75799928 0.75000104 8.74199928 0 P 0
L 0.24200104 9.75799928 1.25800104 9.75799928 0 P 0
L 0.24200104 11.25799882 0.75000104 10.24199882 0 P 0
L 0.24200104 11.25799882 1.25800104 11.25799882 0 P 0
L 0.24200104 12.7580009 0.75000104 11.7420009 0 P 0
L 0.24200104 12.7580009 1.25800104 12.7580009 0 P 0
L 0.24200104 14.25800044 0.75000104 13.24200044 0 P 0
L 0.24200104 14.25800044 1.25800104 14.25800044 0 P 0
L 0.24200104 15.75799998 0.75000104 14.74199998 0 P 0
L 0.24200104 15.75799998 1.25800104 15.75799998 0 P 0
L 0.24200104 17.25799952 0.75000104 16.24199952 0 P 0
L 0.24200104 17.25799952 1.25800104 17.25799952 0 P 0
L 0.24200104 18.75799906 0.75000104 17.74199906 0 P 0
L 0.24200104 18.75799906 1.25800104 18.75799906 0 P 0
L 0.24200104 20.25800114 0.75000104 19.24200114 0 P 0
L 0.24200104 20.25800114 1.25800104 20.25800114 0 P 0
L 0.24200104 21.75800068 0.75000104 20.74200068 0 P 0
L 0.24200104 21.75800068 1.25800104 21.75800068 0 P 0
L 0.75000104 0.24200104 1.25800104 1.25800104 0 P 0
L 0.75000104 4.24200066 1.25800104 5.25800066 0 P 0
L 0.75000104 5.7420002 1.25800104 6.7580002 0 P 0
L 0.75000104 7.24199974 1.25800104 8.25799974 0 P 0
L 0.75000104 8.74199928 1.25800104 9.75799928 0 P 0
L 0.75000104 10.24199882 1.25800104 11.25799882 0 P 0
L 0.75000104 11.7420009 1.25800104 12.7580009 0 P 0
L 0.75000104 13.24200044 1.25800104 14.25800044 0 P 0
L 0.75000104 14.74199998 1.25800104 15.75799998 0 P 0
L 0.75000104 16.24199952 1.25800104 17.25799952 0 P 0
L 0.75000104 17.74199906 1.25800104 18.75799906 0 P 0
L 0.75000104 19.24200114 1.25800104 20.25800114 0 P 0
L 0.75000104 20.74200068 1.25800104 21.75800068 0 P 0
L 1.49200108 5.2580032 2.00000108 4.2420032 0 P 0
L 1.49200108 5.2580032 2.50800108 5.2580032 0 P 0
L 1.49200108 6.75800274 2.00000108 5.74200274 0 P 0
L 1.49200108 6.75800274 2.50800108 6.75800274 0 P 0
L 1.49200108 8.25800228 2.00000108 7.24200228 0 P 0
L 1.49200108 8.25800228 2.50800108 8.25800228 0 P 0
L 1.49200108 9.75800182 2.00000108 8.74200182 0 P 0
L 1.49200108 9.75800182 2.50800108 9.75800182 0 P 0
L 1.49200108 11.25800136 2.00000108 10.24200136 0 P 0
L 1.49200108 11.25800136 2.50800108 11.25800136 0 P 0
L 1.49200108 12.7580009 2.00000108 11.7420009 0 P 0
L 1.49200108 12.7580009 2.50800108 12.7580009 0 P 0
L 1.49200108 14.25800044 2.00000108 13.24200044 0 P 0
L 1.49200108 14.25800044 2.50800108 14.25800044 0 P 0
L 1.49200108 15.75799998 2.00000108 14.74199998 0 P 0
L 1.49200108 15.75799998 2.50800108 15.75799998 0 P 0
L 1.49200108 17.25799952 2.00000108 16.24199952 0 P 0
L 1.49200108 17.25799952 2.50800108 17.25799952 0 P 0
L 1.49200108 18.75799906 2.00000108 17.74199906 0 P 0
L 1.49200108 18.75799906 2.50800108 18.75799906 0 P 0
L 1.49200108 20.2579986 2.00000108 19.2419986 0 P 0
L 1.49200108 20.2579986 2.50800108 20.2579986 0 P 0
L 1.49200108 21.75799814 2.00000108 20.74199814 0 P 0
L 1.49200108 21.75799814 2.50800108 21.75799814 0 P 0
L 1.99200008 2.24600008 1.99200008 2.75400008 0 P 0
L 1.99200008 2.24600008 2.24600008 2.24600008 0 P 0
L 1.99200008 2.75400008 2.24600008 2.75400008 0 P 0
L 2.00000108 4.2420032 2.50800108 5.2580032 0 P 0
L 2.00000108 5.74200274 2.50800108 6.75800274 0 P 0
L 2.00000108 7.24200228 2.50800108 8.25800228 0 P 0
L 2.00000108 8.74200182 2.50800108 9.75800182 0 P 0
L 2.00000108 10.24200136 2.50800108 11.25800136 0 P 0
L 2.00000108 11.7420009 2.50800108 12.7580009 0 P 0
L 2.00000108 13.24200044 2.50800108 14.25800044 0 P 0
L 2.00000108 14.74199998 2.50800108 15.75799998 0 P 0
L 2.00000108 16.24199952 2.50800108 17.25799952 0 P 0
L 2.00000108 17.74199906 2.50800108 18.75799906 0 P 0
L 2.00000108 19.2419986 2.50800108 20.2579986 0 P 0
L 2.00000108 20.74199814 2.50800108 21.75799814 0 P 0
L 2.24600008 1.99200008 2.24600008 2.24600008 0 P 0
L 2.24600008 1.99200008 2.75400008 1.99200008 0 P 0
L 2.24600008 2.75400008 2.24600008 3.00800008 0 P 0
L 2.24600008 3.00800008 2.75400008 3.00800008 0 P 0
L 2.75400008 1.99200008 2.75400008 2.24600008 0 P 0
L 2.75400008 2.24600008 3.00800008 2.24600008 0 P 0
L 2.75400008 2.75400008 2.75400008 3.00800008 0 P 0
L 2.75400008 2.75400008 3.00800008 2.75400008 0 P 0
L 2.99200062 5.2580032 3.50000062 4.2420032 0 P 0
L 2.99200062 5.2580032 4.00800062 5.2580032 0 P 0
L 2.99200062 6.75800274 3.50000062 5.74200274 0 P 0
L 2.99200062 6.75800274 4.00800062 6.75800274 0 P 0
L 2.99200062 8.25800228 3.50000062 7.24200228 0 P 0
L 2.99200062 8.25800228 4.00800062 8.25800228 0 P 0
L 2.99200062 9.75800182 3.50000062 8.74200182 0 P 0
L 2.99200062 9.75800182 4.00800062 9.75800182 0 P 0
L 2.99200062 11.25800136 3.50000062 10.24200136 0 P 0
L 2.99200062 11.25800136 4.00800062 11.25800136 0 P 0
L 2.99200062 12.7580009 3.50000062 11.7420009 0 P 0
L 2.99200062 12.7580009 4.00800062 12.7580009 0 P 0
L 2.99200062 14.25800044 3.50000062 13.24200044 0 P 0
L 2.99200062 14.25800044 4.00800062 14.25800044 0 P 0
L 2.99200062 15.75799998 3.50000062 14.74199998 0 P 0
L 2.99200062 15.75799998 4.00800062 15.75799998 0 P 0
L 2.99200062 17.25799952 3.50000062 16.24199952 0 P 0
L 2.99200062 17.25799952 4.00800062 17.25799952 0 P 0
L 2.99200062 18.75799906 3.50000062 17.74199906 0 P 0
L 2.99200062 18.75799906 4.00800062 18.75799906 0 P 0
L 2.99200062 20.2579986 3.50000062 19.2419986 0 P 0
L 2.99200062 20.2579986 4.00800062 20.2579986 0 P 0
L 2.99200062 21.75799814 3.50000062 20.74199814 0 P 0
L 2.99200062 21.75799814 4.00800062 21.75799814 0 P 0
L 3.00800008 2.24600008 3.00800008 2.75400008 0 P 0
L 3.50000062 4.2420032 4.00800062 5.2580032 0 P 0
L 3.50000062 5.74200274 4.00800062 6.75800274 0 P 0
L 3.50000062 7.24200228 4.00800062 8.25800228 0 P 0
L 3.50000062 8.74200182 4.00800062 9.75800182 0 P 0
L 3.50000062 10.24200136 4.00800062 11.25800136 0 P 0
L 3.50000062 11.7420009 4.00800062 12.7580009 0 P 0
L 3.50000062 13.24200044 4.00800062 14.25800044 0 P 0
L 3.50000062 14.74199998 4.00800062 15.75799998 0 P 0
L 3.50000062 16.24199952 4.00800062 17.25799952 0 P 0
L 3.50000062 17.74199906 4.00800062 18.75799906 0 P 0
L 3.50000062 19.2419986 4.00800062 20.2579986 0 P 0
L 3.50000062 20.74199814 4.00800062 21.75799814 0 P 0
L 4.49200016 1.25800104 5.00000016 0.24200104 0 P 0
L 4.49200016 1.25800104 5.50800016 1.25800104 0 P 0
L 4.49200016 2.25799904 5.00000016 1.24199904 0 P 0
L 4.49200016 2.25799904 5.50800016 2.25799904 0 P 0
L 4.49200016 3.75800366 5.00000016 2.74200366 0 P 0
L 4.49200016 3.75800366 5.50800016 3.75800366 0 P 0
L 4.49200016 5.2580032 5.00000016 4.2420032 0 P 0
L 4.49200016 5.2580032 5.50800016 5.2580032 0 P 0
L 4.49200016 6.75800274 5.00000016 5.74200274 0 P 0
L 4.49200016 6.75800274 5.50800016 6.75800274 0 P 0
L 4.49200016 8.25800228 5.00000016 7.24200228 0 P 0
L 4.49200016 8.25800228 5.50800016 8.25800228 0 P 0
L 4.49200016 9.75800182 5.00000016 8.74200182 0 P 0
L 4.49200016 9.75800182 5.50800016 9.75800182 0 P 0
L 4.49200016 11.25800136 5.00000016 10.24200136 0 P 0
L 4.49200016 11.25800136 5.50800016 11.25800136 0 P 0
L 4.49200016 12.7580009 5.00000016 11.7420009 0 P 0
L 4.49200016 12.7580009 5.50800016 12.7580009 0 P 0
L 4.49200016 14.25800044 5.00000016 13.24200044 0 P 0
L 4.49200016 14.25800044 5.50800016 14.25800044 0 P 0
L 4.49200016 15.75799998 5.00000016 14.74199998 0 P 0
L 4.49200016 15.75799998 5.50800016 15.75799998 0 P 0
L 4.49200016 17.25799952 5.00000016 16.24199952 0 P 0
L 4.49200016 17.25799952 5.50800016 17.25799952 0 P 0
L 4.49200016 18.75799906 5.00000016 17.74199906 0 P 0
L 4.49200016 18.75799906 5.50800016 18.75799906 0 P 0
L 4.49200016 20.2579986 5.00000016 19.2419986 0 P 0
L 4.49200016 20.2579986 5.50800016 20.2579986 0 P 0
L 4.49200016 21.75799814 5.00000016 20.74199814 0 P 0
L 4.49200016 21.75799814 5.50800016 21.75799814 0 P 0
L 5.00000016 0.24200104 5.50800016 1.25800104 0 P 0
L 5.00000016 1.24199904 5.50800016 2.25799904 0 P 0
L 5.00000016 2.74200366 5.50800016 3.75800366 0 P 0
L 5.00000016 4.2420032 5.50800016 5.2580032 0 P 0
L 5.00000016 5.74200274 5.50800016 6.75800274 0 P 0
L 5.00000016 7.24200228 5.50800016 8.25800228 0 P 0
L 5.00000016 8.74200182 5.50800016 9.75800182 0 P 0
L 5.00000016 10.24200136 5.50800016 11.25800136 0 P 0
L 5.00000016 11.7420009 5.50800016 12.7580009 0 P 0
L 5.00000016 13.24200044 5.50800016 14.25800044 0 P 0
L 5.00000016 14.74199998 5.50800016 15.75799998 0 P 0
L 5.00000016 16.24199952 5.50800016 17.25799952 0 P 0
L 5.00000016 17.74199906 5.50800016 18.75799906 0 P 0
L 5.00000016 19.2419986 5.50800016 20.2579986 0 P 0
L 5.00000016 20.74199814 5.50800016 21.75799814 0 P 0
L 5.9919997 1.25800104 6.4999997 0.24200104 0 P 0
L 5.9919997 1.25800104 7.0079997 1.25800104 0 P 0
L 5.9919997 2.25799904 6.4999997 1.24199904 0 P 0
L 5.9919997 2.25799904 7.0079997 2.25799904 0 P 0
L 5.9919997 3.75800366 6.4999997 2.74200366 0 P 0
L 5.9919997 3.75800366 7.0079997 3.75800366 0 P 0
L 5.9919997 5.2580032 6.4999997 4.2420032 0 P 0
L 5.9919997 5.2580032 7.0079997 5.2580032 0 P 0
L 5.9919997 6.75800274 6.4999997 5.74200274 0 P 0
L 5.9919997 6.75800274 7.0079997 6.75800274 0 P 0
L 5.9919997 8.25800228 6.4999997 7.24200228 0 P 0
L 5.9919997 8.25800228 7.0079997 8.25800228 0 P 0
L 5.9919997 12.7580009 6.4999997 11.7420009 0 P 0
L 5.9919997 12.7580009 7.0079997 12.7580009 0 P 0
L 5.9919997 14.25800044 6.4999997 13.24200044 0 P 0
L 5.9919997 14.25800044 7.0079997 14.25800044 0 P 0
L 5.9919997 15.75799998 6.4999997 14.74199998 0 P 0
L 5.9919997 15.75799998 7.0079997 15.75799998 0 P 0
L 5.9919997 17.25799952 6.4999997 16.24199952 0 P 0
L 5.9919997 17.25799952 7.0079997 17.25799952 0 P 0
L 5.9919997 18.75799906 6.4999997 17.74199906 0 P 0
L 5.9919997 18.75799906 7.0079997 18.75799906 0 P 0
L 5.9919997 20.2579986 6.4999997 19.2419986 0 P 0
L 5.9919997 20.2579986 7.0079997 20.2579986 0 P 0
L 5.9919997 21.75799814 6.4999997 20.74199814 0 P 0
L 5.9919997 21.75799814 7.0079997 21.75799814 0 P 0
L 6.4999997 0.24200104 7.0079997 1.25800104 0 P 0
L 6.4999997 1.24199904 7.0079997 2.25799904 0 P 0
L 6.4999997 2.74200366 7.0079997 3.75800366 0 P 0
L 6.4999997 4.2420032 7.0079997 5.2580032 0 P 0
L 6.4999997 5.74200274 7.0079997 6.75800274 0 P 0
L 6.4999997 7.24200228 7.0079997 8.25800228 0 P 0
L 6.4999997 11.7420009 7.0079997 12.7580009 0 P 0
L 6.4999997 13.24200044 7.0079997 14.25800044 0 P 0
L 6.4999997 14.74199998 7.0079997 15.75799998 0 P 0
L 6.4999997 16.24199952 7.0079997 17.25799952 0 P 0
L 6.4999997 17.74199906 7.0079997 18.75799906 0 P 0
L 6.4999997 19.2419986 7.0079997 20.2579986 0 P 0
L 6.4999997 20.74199814 7.0079997 21.75799814 0 P 0
L 7.49199924 1.25800104 7.99999924 0.24200104 0 P 0
L 7.49199924 1.25800104 8.50799924 1.25800104 0 P 0
L 7.49199924 2.25799904 7.99999924 1.24199904 0 P 0
L 7.49199924 2.25799904 8.50799924 2.25799904 0 P 0
L 7.49199924 3.75800366 7.99999924 2.74200366 0 P 0
L 7.49199924 3.75800366 8.50799924 3.75800366 0 P 0
L 7.49199924 5.2580032 7.99999924 4.2420032 0 P 0
L 7.49199924 5.2580032 8.50799924 5.2580032 0 P 0
L 7.49199924 6.75800274 7.99999924 5.74200274 0 P 0
L 7.49199924 6.75800274 8.50799924 6.75800274 0 P 0
L 7.49199924 8.25800228 7.99999924 7.24200228 0 P 0
L 7.49199924 8.25800228 8.50799924 8.25800228 0 P 0
L 7.49199924 9.75800182 7.99999924 8.74200182 0 P 0
L 7.49199924 9.75800182 8.50799924 9.75800182 0 P 0
L 7.49199924 11.25800136 7.99999924 10.24200136 0 P 0
L 7.49199924 11.25800136 8.50799924 11.25800136 0 P 0
L 7.49199924 12.7580009 7.99999924 11.7420009 0 P 0
L 7.49199924 12.7580009 8.50799924 12.7580009 0 P 0
L 7.49199924 14.25800044 7.99999924 13.24200044 0 P 0
L 7.49199924 14.25800044 8.50799924 14.25800044 0 P 0
L 7.49199924 18.75799906 7.99999924 17.74199906 0 P 0
L 7.49199924 18.75799906 8.50799924 18.75799906 0 P 0
L 7.49199924 20.2579986 7.99999924 19.2419986 0 P 0
L 7.49199924 20.2579986 8.50799924 20.2579986 0 P 0
L 7.49199924 21.75799814 7.99999924 20.74199814 0 P 0
L 7.49199924 21.75799814 8.50799924 21.75799814 0 P 0
L 7.99999924 0.24200104 8.50799924 1.25800104 0 P 0
L 7.99999924 1.24199904 8.50799924 2.25799904 0 P 0
L 7.99999924 2.74200366 8.50799924 3.75800366 0 P 0
L 7.99999924 4.2420032 8.50799924 5.2580032 0 P 0
L 7.99999924 5.74200274 8.50799924 6.75800274 0 P 0
L 7.99999924 7.24200228 8.50799924 8.25800228 0 P 0
L 7.99999924 8.74200182 8.50799924 9.75800182 0 P 0
L 7.99999924 10.24200136 8.50799924 11.25800136 0 P 0
L 7.99999924 11.7420009 8.50799924 12.7580009 0 P 0
L 7.99999924 13.24200044 8.50799924 14.25800044 0 P 0
L 7.99999924 17.74199906 8.50799924 18.75799906 0 P 0
L 7.99999924 19.2419986 8.50799924 20.2579986 0 P 0
L 7.99999924 20.74199814 8.50799924 21.75799814 0 P 0
L 8.49199978 17.30799942 8.99999978 16.29199942 0 P 0
L 8.49199978 17.30799942 9.50799978 17.30799942 0 P 0
L 8.99199878 1.25800104 9.49999878 0.24200104 0 P 0
L 8.99199878 1.25800104 10.00799878 1.25800104 0 P 0
L 8.99199878 2.25799904 9.49999878 1.24199904 0 P 0
L 8.99199878 2.25799904 10.00799878 2.25799904 0 P 0
L 8.99199878 3.75800366 9.49999878 2.74200366 0 P 0
L 8.99199878 3.75800366 10.00799878 3.75800366 0 P 0
L 8.99199878 5.2580032 9.49999878 4.2420032 0 P 0
L 8.99199878 5.2580032 10.00799878 5.2580032 0 P 0
L 8.99199878 6.75800274 9.49999878 5.74200274 0 P 0
L 8.99199878 6.75800274 10.00799878 6.75800274 0 P 0
L 8.99199878 8.25800228 9.49999878 7.24200228 0 P 0
L 8.99199878 8.25800228 10.00799878 8.25800228 0 P 0
L 8.99199878 12.7580009 9.49999878 11.7420009 0 P 0
L 8.99199878 12.7580009 10.00799878 12.7580009 0 P 0
L 8.99199878 14.25800044 9.49999878 13.24200044 0 P 0
L 8.99199878 14.25800044 10.00799878 14.25800044 0 P 0
L 8.99199878 18.75799906 9.49999878 17.74199906 0 P 0
L 8.99199878 18.75799906 10.00799878 18.75799906 0 P 0
L 8.99199878 20.2579986 9.49999878 19.2419986 0 P 0
L 8.99199878 20.2579986 10.00799878 20.2579986 0 P 0
L 8.99199878 21.75799814 9.49999878 20.74199814 0 P 0
L 8.99199878 21.75799814 10.00799878 21.75799814 0 P 0
L 8.99999978 16.29199942 9.50799978 17.30799942 0 P 0
L 9.49999878 0.24200104 10.00799878 1.25800104 0 P 0
L 9.49999878 1.24199904 10.00799878 2.25799904 0 P 0
L 9.49999878 2.74200366 10.00799878 3.75800366 0 P 0
L 9.49999878 4.2420032 10.00799878 5.2580032 0 P 0
L 9.49999878 5.74200274 10.00799878 6.75800274 0 P 0
L 9.49999878 7.24200228 10.00799878 8.25800228 0 P 0
L 9.49999878 11.7420009 10.00799878 12.7580009 0 P 0
L 9.49999878 13.24200044 10.00799878 14.25800044 0 P 0
L 9.49999878 17.74199906 10.00799878 18.75799906 0 P 0
L 9.49999878 19.2419986 10.00799878 20.2579986 0 P 0
L 9.49999878 20.74199814 10.00799878 21.75799814 0 P 0
L 10.49199832 6.75800274 10.99999832 5.74200274 0 P 0
L 10.49199832 6.75800274 11.50799832 6.75800274 0 P 0
L 10.49199832 8.25800228 10.99999832 7.24200228 0 P 0
L 10.49199832 8.25800228 11.50799832 8.25800228 0 P 0
L 10.49199832 12.7580009 10.99999832 11.7420009 0 P 0
L 10.49199832 12.7580009 11.50799832 12.7580009 0 P 0
L 10.49199832 14.25800044 10.99999832 13.24200044 0 P 0
L 10.49199832 14.25800044 11.50799832 14.25800044 0 P 0
L 10.49199832 18.75799906 10.99999832 17.74199906 0 P 0
L 10.49199832 18.75799906 11.50799832 18.75799906 0 P 0
L 10.49199832 20.2579986 10.99999832 19.2419986 0 P 0
L 10.49199832 20.2579986 11.50799832 20.2579986 0 P 0
L 10.49199832 21.75799814 10.99999832 20.74199814 0 P 0
L 10.49199832 21.75799814 11.50799832 21.75799814 0 P 0
L 10.49200086 1.25800104 11.00000086 0.24200104 0 P 0
L 10.49200086 1.25800104 11.50800086 1.25800104 0 P 0
L 10.49200086 2.25799904 11.00000086 1.24199904 0 P 0
L 10.49200086 2.25799904 11.50800086 2.25799904 0 P 0
L 10.60200064 3.66199928 10.60200064 4.67799928 0 P 0
L 10.60200064 3.66199928 11.61800064 3.66199928 0 P 0
L 10.60200064 4.67799928 11.61800064 4.67799928 0 P 0
L 10.99999832 5.74200274 11.50799832 6.75800274 0 P 0
L 10.99999832 7.24200228 11.50799832 8.25800228 0 P 0
L 10.99999832 11.7420009 11.50799832 12.7580009 0 P 0
L 10.99999832 13.24200044 11.50799832 14.25800044 0 P 0
L 10.99999832 17.74199906 11.50799832 18.75799906 0 P 0
L 10.99999832 19.2419986 11.50799832 20.2579986 0 P 0
L 10.99999832 20.74199814 11.50799832 21.75799814 0 P 0
L 11.00000086 0.24200104 11.50800086 1.25800104 0 P 0
L 11.00000086 1.24199904 11.50800086 2.25799904 0 P 0
L 11.49199886 9.80799918 11.99999886 8.79199918 0 P 0
L 11.49199886 9.80799918 12.50799886 9.80799918 0 P 0
L 11.61800064 3.66199928 11.61800064 4.67799928 0 P 0
L 11.99199786 3.75800366 12.49999786 2.74200366 0 P 0
L 11.99199786 3.75800366 13.00799786 3.75800366 0 P 0
L 11.99199786 5.2580032 12.49999786 4.2420032 0 P 0
L 11.99199786 5.2580032 13.00799786 5.2580032 0 P 0
L 11.99199786 6.75800274 12.49999786 5.74200274 0 P 0
L 11.99199786 6.75800274 13.00799786 6.75800274 0 P 0
L 11.99199786 8.25800228 12.49999786 7.24200228 0 P 0
L 11.99199786 8.25800228 13.00799786 8.25800228 0 P 0
L 11.99199786 14.25800044 12.49999786 13.24200044 0 P 0
L 11.99199786 14.25800044 13.00799786 14.25800044 0 P 0
L 11.99199786 18.75799906 12.49999786 17.74199906 0 P 0
L 11.99199786 18.75799906 13.00799786 18.75799906 0 P 0
L 11.99199786 20.2579986 12.49999786 19.2419986 0 P 0
L 11.99199786 20.2579986 13.00799786 20.2579986 0 P 0
L 11.99199786 21.75799814 12.49999786 20.74199814 0 P 0
L 11.99199786 21.75799814 13.00799786 21.75799814 0 P 0
L 11.9920004 1.25800104 12.5000004 0.24200104 0 P 0
L 11.9920004 1.25800104 13.0080004 1.25800104 0 P 0
L 11.9920004 2.25799904 12.5000004 1.24199904 0 P 0
L 11.9920004 2.25799904 13.0080004 2.25799904 0 P 0
L 11.99999886 8.79199918 12.50799886 9.80799918 0 P 0
L 12.49999786 2.74200366 13.00799786 3.75800366 0 P 0
L 12.49999786 4.2420032 13.00799786 5.2580032 0 P 0
L 12.49999786 5.74200274 13.00799786 6.75800274 0 P 0
L 12.49999786 7.24200228 13.00799786 8.25800228 0 P 0
L 12.49999786 13.24200044 13.00799786 14.25800044 0 P 0
L 12.49999786 17.74199906 13.00799786 18.75799906 0 P 0
L 12.49999786 19.2419986 13.00799786 20.2579986 0 P 0
L 12.49999786 20.74199814 13.00799786 21.75799814 0 P 0
L 12.5000004 0.24200104 13.0080004 1.25800104 0 P 0
L 12.5000004 1.24199904 13.0080004 2.25799904 0 P 0
L 12.99200094 10.90799952 13.50000094 9.89199952 0 P 0
L 12.99200094 10.90799952 14.00800094 10.90799952 0 P 0
L 13.14200064 3.66199928 13.14200064 4.67799928 0 P 0
L 13.14200064 3.66199928 14.15800064 3.66199928 0 P 0
L 13.14200064 4.67799928 14.15800064 4.67799928 0 P 0
L 13.4919974 14.25800044 13.9999974 13.24200044 0 P 0
L 13.4919974 14.25800044 14.5079974 14.25800044 0 P 0
L 13.4919974 18.75799906 13.9999974 17.74199906 0 P 0
L 13.4919974 18.75799906 14.5079974 18.75799906 0 P 0
L 13.4919974 20.2579986 13.9999974 19.2419986 0 P 0
L 13.4919974 20.2579986 14.5079974 20.2579986 0 P 0
L 13.4919974 21.75799814 13.9999974 20.74199814 0 P 0
L 13.4919974 21.75799814 14.5079974 21.75799814 0 P 0
L 13.49199994 1.25800104 13.99999994 0.24200104 0 P 0
L 13.49199994 1.25800104 14.50799994 1.25800104 0 P 0
L 13.49199994 2.25799904 13.99999994 1.24199904 0 P 0
L 13.49199994 2.25799904 14.50799994 2.25799904 0 P 0
L 13.50000094 9.89199952 14.00800094 10.90799952 0 P 0
L 13.9999974 13.24200044 14.5079974 14.25800044 0 P 0
L 13.9999974 17.74199906 14.5079974 18.75799906 0 P 0
L 13.9999974 19.2419986 14.5079974 20.2579986 0 P 0
L 13.9999974 20.74199814 14.5079974 21.75799814 0 P 0
L 13.99999994 0.24200104 14.50799994 1.25800104 0 P 0
L 13.99999994 1.24199904 14.50799994 2.25799904 0 P 0
L 14.15800064 3.66199928 14.15800064 4.67799928 0 P 0
L 14.26699966 8.70799884 14.77499966 7.69199884 0 P 0
L 14.26699966 8.70799884 15.28299966 8.70799884 0 P 0
L 14.41699936 3.75800112 14.92499936 2.74200112 0 P 0
L 14.41699936 3.75800112 15.43299936 3.75800112 0 P 0
L 14.77499966 7.69199884 15.28299966 8.70799884 0 P 0
L 14.92499936 2.74200112 15.43299936 3.75800112 0 P 0
L 14.99199694 6.75800274 15.49999694 5.74200274 0 P 0
L 14.99199694 6.75800274 16.00799694 6.75800274 0 P 0
L 14.99199948 1.25800104 15.49999948 0.24200104 0 P 0
L 14.99199948 1.25800104 16.00799948 1.25800104 0 P 0
L 14.99199948 2.25799904 15.49999948 1.24199904 0 P 0
L 14.99199948 2.25799904 16.00799948 2.25799904 0 P 0
L 15.09199928 7.90800044 15.59999928 6.89200044 0 P 0
L 15.09199928 7.90800044 16.10799928 7.90800044 0 P 0
L 15.49999694 5.74200274 16.00799694 6.75800274 0 P 0
L 15.49999948 0.24200104 16.00799948 1.25800104 0 P 0
L 15.49999948 1.24199904 16.00799948 2.25799904 0 P 0
L 15.59999928 6.89200044 16.10799928 7.90800044 0 P 0
L 15.68200064 3.66199928 15.68200064 4.67799928 0 P 0
L 15.68200064 3.66199928 16.69800064 3.66199928 0 P 0
L 15.68200064 4.67799928 16.69800064 4.67799928 0 P 0
L 16.36700054 7.18300062 16.87500054 6.16700062 0 P 0
L 16.36700054 7.18300062 17.38300054 7.18300062 0 P 0
L 16.49199902 1.25800104 16.99999902 0.24200104 0 P 0
L 16.49199902 1.25800104 17.50799902 1.25800104 0 P 0
L 16.49199902 2.25799904 16.99999902 1.24199904 0 P 0
L 16.49199902 2.25799904 17.50799902 2.25799904 0 P 0
L 16.69800064 3.66199928 16.69800064 4.67799928 0 P 0
L 16.87500054 6.16700062 17.38300054 7.18300062 0 P 0
L 16.94200066 3.75800112 17.45000066 2.74200112 0 P 0
L 16.94200066 3.75800112 17.95800066 3.75800112 0 P 0
L 16.99999902 0.24200104 17.50799902 1.25800104 0 P 0
L 16.99999902 1.24199904 17.50799902 2.25799904 0 P 0
L 17.45000066 2.74200112 17.95800066 3.75800112 0 P 0
L 17.9920011 2.50800108 18.5000011 1.49200108 0 P 0
L 17.9920011 2.50800108 19.0080011 2.50800108 0 P 0
L 18.042001 18.58300068 18.550001 17.56700068 0 P 0
L 18.042001 18.58300068 19.058001 18.58300068 0 P 0
L 18.11699958 13.1080002 18.62499958 12.0920002 0 P 0
L 18.11699958 13.1080002 19.13299958 13.1080002 0 P 0
L 18.11699958 16.40800122 18.62499958 15.39200122 0 P 0
L 18.11699958 16.40800122 19.13299958 16.40800122 0 P 0
L 18.22200064 3.66199928 18.22200064 4.67799928 0 P 0
L 18.22200064 3.66199928 19.23800064 3.66199928 0 P 0
L 18.22200064 4.67799928 19.23800064 4.67799928 0 P 0
L 18.5000011 1.49200108 19.0080011 2.50800108 0 P 0
L 18.550001 17.56700068 19.058001 18.58300068 0 P 0
L 18.62499958 12.0920002 19.13299958 13.1080002 0 P 0
L 18.62499958 15.39200122 19.13299958 16.40800122 0 P 0
L 18.7419996 18.58300068 19.2499996 17.56700068 0 P 0
L 18.7419996 18.58300068 19.7579996 18.58300068 0 P 0
L 18.9419992 12.28300058 19.4499992 11.26700058 0 P 0
L 18.9419992 12.28300058 19.9579992 12.28300058 0 P 0
L 19.23800064 3.66199928 19.23800064 4.67799928 0 P 0
L 19.2499996 17.56700068 19.7579996 18.58300068 0 P 0
L 19.4499992 11.26700058 19.9579992 12.28300058 0 P 0
L 19.49199556 3.75800366 19.99999556 2.74200366 0 P 0
L 19.49199556 3.75800366 20.50799556 3.75800366 0 P 0
L 19.49199556 5.2580032 19.99999556 4.2420032 0 P 0
L 19.49199556 5.2580032 20.50799556 5.2580032 0 P 0
L 19.49199556 6.75800274 19.99999556 5.74200274 0 P 0
L 19.49199556 6.75800274 20.50799556 6.75800274 0 P 0
L 19.49200064 2.50800108 20.00000064 1.49200108 0 P 0
L 19.49200064 2.50800108 20.50800064 2.50800108 0 P 0
L 19.49200064 16.40800122 20.00000064 15.39200122 0 P 0
L 19.49200064 16.40800122 20.50800064 16.40800122 0 P 0
L 19.99999556 2.74200366 20.50799556 3.75800366 0 P 0
L 19.99999556 4.2420032 20.50799556 5.2580032 0 P 0
L 19.99999556 5.74200274 20.50799556 6.75800274 0 P 0
L 20.00000064 1.49200108 20.50800064 2.50800108 0 P 0
L 20.00000064 15.39200122 20.50800064 16.40800122 0 P 0
L 20.04199954 12.28300058 20.54999954 11.26700058 0 P 0
L 20.04199954 12.28300058 21.05799954 12.28300058 0 P 0
L 20.24199914 18.58300068 20.74999914 17.56700068 0 P 0
L 20.24199914 18.58300068 21.25799914 18.58300068 0 P 0
L 20.54999954 11.26700058 21.05799954 12.28300058 0 P 0
L 20.74999914 17.56700068 21.25799914 18.58300068 0 P 0
L 20.76200064 3.66199928 20.76200064 4.67799928 0 P 0
L 20.76200064 3.66199928 21.77800064 3.66199928 0 P 0
L 20.76200064 4.67799928 21.77800064 4.67799928 0 P 0
L 20.86699916 13.1080002 21.37499916 12.0920002 0 P 0
L 20.86699916 13.1080002 21.88299916 13.1080002 0 P 0
L 20.86699916 16.40800122 21.37499916 15.39200122 0 P 0
L 20.86699916 16.40800122 21.88299916 16.40800122 0 P 0
L 20.89200038 14.55799984 21.40000038 13.54199984 0 P 0
L 20.89200038 14.55799984 21.90800038 14.55799984 0 P 0
L 20.89200038 15.30800088 21.40000038 14.29200088 0 P 0
L 20.89200038 15.30800088 21.90800038 15.30800088 0 P 0
L 20.94200028 18.58300068 21.45000028 17.56700068 0 P 0
L 20.94200028 18.58300068 21.95800028 18.58300068 0 P 0
L 20.99200272 2.50800108 21.50000272 1.49200108 0 P 0
L 20.99200272 2.50800108 22.00800272 2.50800108 0 P 0
L 21.37499916 12.0920002 21.88299916 13.1080002 0 P 0
L 21.37499916 15.39200122 21.88299916 16.40800122 0 P 0
L 21.40000038 13.54199984 21.90800038 14.55799984 0 P 0
L 21.40000038 14.29200088 21.90800038 15.30800088 0 P 0
L 21.45000028 17.56700068 21.95800028 18.58300068 0 P 0
L 21.50000272 1.49200108 22.00800272 2.50800108 0 P 0
L 21.77800064 3.66199928 21.77800064 4.67799928 0 P 0
L 21.99200072 6.7580002 22.50000072 5.7420002 0 P 0
L 21.99200072 6.7580002 23.00800072 6.7580002 0 P 0
L 22.0169994 3.75800112 22.5249994 2.74200112 0 P 0
L 22.0169994 3.75800112 23.0329994 3.75800112 0 P 0
L 22.49200226 1.25800104 23.00000226 0.24200104 0 P 0
L 22.49200226 1.25800104 23.50800226 1.25800104 0 P 0
L 22.49200226 2.25799904 23.00000226 1.24199904 0 P 0
L 22.49200226 2.25799904 23.50800226 2.25799904 0 P 0
L 22.50000072 5.7420002 23.00800072 6.7580002 0 P 0
L 22.5249994 2.74200112 23.0329994 3.75800112 0 P 0
L 23.00000226 0.24200104 23.50800226 1.25800104 0 P 0
L 23.00000226 1.24199904 23.50800226 2.25799904 0 P 0
L 23.30200064 3.66199928 23.30200064 4.67799928 0 P 0
L 23.30200064 3.66199928 24.31800064 3.66199928 0 P 0
L 23.30200064 4.67799928 24.31800064 4.67799928 0 P 0
L 23.84199956 5.85799946 24.34999956 4.84199946 0 P 0
L 23.84199956 5.85799946 24.85799956 5.85799946 0 P 0
L 23.89199946 7.93299912 24.39999946 6.91699912 0 P 0
L 23.89199946 7.93299912 24.90799946 7.93299912 0 P 0
L 23.9920018 1.25800104 24.5000018 0.24200104 0 P 0
L 23.9920018 1.25800104 25.0080018 1.25800104 0 P 0
L 23.9920018 2.25799904 24.5000018 1.24199904 0 P 0
L 23.9920018 2.25799904 25.0080018 2.25799904 0 P 0
L 24.31800064 3.66199928 24.31800064 4.67799928 0 P 0
L 24.34999956 4.84199946 24.85799956 5.85799946 0 P 0
L 24.39999946 6.91699912 24.90799946 7.93299912 0 P 0
L 24.5000018 0.24200104 25.0080018 1.25800104 0 P 0
L 24.5000018 1.24199904 25.0080018 2.25799904 0 P 0
L 24.5920006 3.75800112 25.1000006 2.74200112 0 P 0
L 24.5920006 3.75800112 25.6080006 3.75800112 0 P 0
L 24.66699918 8.70799884 25.17499918 7.69199884 0 P 0
L 24.66699918 8.70799884 25.68299918 8.70799884 0 P 0
L 24.892 12.55799876 25.4 11.54199876 0 P 0
L 24.892 12.55799876 25.908 12.55799876 0 P 0
L 24.892 13.6579991 25.4 12.6419991 0 P 0
L 24.892 13.6579991 25.908 13.6579991 0 P 0
L 25.1000006 2.74200112 25.6080006 3.75800112 0 P 0
L 25.17499918 7.69199884 25.68299918 8.70799884 0 P 0
L 25.4 11.54199876 25.908 12.55799876 0 P 0
L 25.4 12.6419991 25.908 13.6579991 0 P 0
L 25.49199372 6.75800274 25.99999372 5.74200274 0 P 0
L 25.49199372 6.75800274 26.50799372 6.75800274 0 P 0
L 25.49199372 8.25800228 25.99999372 7.24200228 0 P 0
L 25.49199372 8.25800228 26.50799372 8.25800228 0 P 0
L 25.49199372 14.25800044 25.99999372 13.24200044 0 P 0
L 25.49199372 14.25800044 26.50799372 14.25800044 0 P 0
L 25.49199372 18.75799906 25.99999372 17.74199906 0 P 0
L 25.49199372 18.75799906 26.50799372 18.75799906 0 P 0
L 25.49199372 20.2579986 25.99999372 19.2419986 0 P 0
L 25.49199372 20.2579986 26.50799372 20.2579986 0 P 0
L 25.49199372 21.75799814 25.99999372 20.74199814 0 P 0
L 25.49199372 21.75799814 26.50799372 21.75799814 0 P 0
L 25.4919988 15.35800078 25.9999988 14.34200078 0 P 0
L 25.4919988 15.35800078 26.5079988 15.35800078 0 P 0
L 25.4919988 17.47999806 25.9999988 16.46399806 0 P 0
L 25.4919988 17.47999806 26.5079988 17.47999806 0 P 0
L 25.49200134 1.25800104 26.00000134 0.24200104 0 P 0
L 25.49200134 1.25800104 26.50800134 1.25800104 0 P 0
L 25.49200134 2.25799904 26.00000134 1.24199904 0 P 0
L 25.49200134 2.25799904 26.50800134 2.25799904 0 P 0
L 25.84200064 3.66199928 25.84200064 4.67799928 0 P 0
L 25.84200064 3.66199928 26.85800064 3.66199928 0 P 0
L 25.84200064 4.67799928 26.85800064 4.67799928 0 P 0
L 25.99999372 5.74200274 26.50799372 6.75800274 0 P 0
L 25.99999372 7.24200228 26.50799372 8.25800228 0 P 0
L 25.99999372 13.24200044 26.50799372 14.25800044 0 P 0
L 25.99999372 17.74199906 26.50799372 18.75799906 0 P 0
L 25.99999372 19.2419986 26.50799372 20.2579986 0 P 0
L 25.99999372 20.74199814 26.50799372 21.75799814 0 P 0
L 25.9999988 14.34200078 26.5079988 15.35800078 0 P 0
L 25.9999988 16.46399806 26.5079988 17.47999806 0 P 0
L 26.00000134 0.24200104 26.50800134 1.25800104 0 P 0
L 26.00000134 1.24199904 26.50800134 2.25799904 0 P 0
L 26.85800064 3.66199928 26.85800064 4.67799928 0 P 0
L 26.99199326 3.75800366 27.49999326 2.74200366 0 P 0
L 26.99199326 3.75800366 28.00799326 3.75800366 0 P 0
L 26.99199326 5.2580032 27.49999326 4.2420032 0 P 0
L 26.99199326 5.2580032 28.00799326 5.2580032 0 P 0
L 26.99199326 6.75800274 27.49999326 5.74200274 0 P 0
L 26.99199326 6.75800274 28.00799326 6.75800274 0 P 0
L 26.99199326 8.25800228 27.49999326 7.24200228 0 P 0
L 26.99199326 8.25800228 28.00799326 8.25800228 0 P 0
L 26.99199326 9.75800182 27.49999326 8.74200182 0 P 0
L 26.99199326 9.75800182 28.00799326 9.75800182 0 P 0
L 26.99199326 11.25800136 27.49999326 10.24200136 0 P 0
L 26.99199326 11.25800136 28.00799326 11.25800136 0 P 0
L 26.99199326 12.7580009 27.49999326 11.7420009 0 P 0
L 26.99199326 12.7580009 28.00799326 12.7580009 0 P 0
L 26.99199326 14.25800044 27.49999326 13.24200044 0 P 0
L 26.99199326 14.25800044 28.00799326 14.25800044 0 P 0
L 26.99199326 18.75799906 27.49999326 17.74199906 0 P 0
L 26.99199326 18.75799906 28.00799326 18.75799906 0 P 0
L 26.99199326 20.2579986 27.49999326 19.2419986 0 P 0
L 26.99199326 20.2579986 28.00799326 20.2579986 0 P 0
L 26.99199326 21.75799814 27.49999326 20.74199814 0 P 0
L 26.99199326 21.75799814 28.00799326 21.75799814 0 P 0
L 26.99200088 1.25800104 27.50000088 0.24200104 0 P 0
L 26.99200088 1.25800104 28.00800088 1.25800104 0 P 0
L 26.99200088 2.25799904 27.50000088 1.24199904 0 P 0
L 26.99200088 2.25799904 28.00800088 2.25799904 0 P 0
L 26.99200088 15.35800078 27.50000088 14.34200078 0 P 0
L 26.99200088 15.35800078 28.00800088 15.35800078 0 P 0
L 26.99200088 17.47999806 27.50000088 16.46399806 0 P 0
L 26.99200088 17.47999806 28.00800088 17.47999806 0 P 0
L 27.49999326 2.74200366 28.00799326 3.75800366 0 P 0
L 27.49999326 4.2420032 28.00799326 5.2580032 0 P 0
L 27.49999326 5.74200274 28.00799326 6.75800274 0 P 0
L 27.49999326 7.24200228 28.00799326 8.25800228 0 P 0
L 27.49999326 8.74200182 28.00799326 9.75800182 0 P 0
L 27.49999326 10.24200136 28.00799326 11.25800136 0 P 0
L 27.49999326 11.7420009 28.00799326 12.7580009 0 P 0
L 27.49999326 13.24200044 28.00799326 14.25800044 0 P 0
L 27.49999326 17.74199906 28.00799326 18.75799906 0 P 0
L 27.49999326 19.2419986 28.00799326 20.2579986 0 P 0
L 27.49999326 20.74199814 28.00799326 21.75799814 0 P 0
L 27.50000088 0.24200104 28.00800088 1.25800104 0 P 0
L 27.50000088 1.24199904 28.00800088 2.25799904 0 P 0
L 27.50000088 14.34200078 28.00800088 15.35800078 0 P 0
L 27.50000088 16.46399806 28.00800088 17.47999806 0 P 0
L 28.2169997 9.50799978 28.7249997 8.49199978 0 P 0
L 28.2169997 9.50799978 29.2329997 9.50799978 0 P 0
L 28.2169997 16.40800122 28.7249997 15.39200122 0 P 0
L 28.2169997 16.40800122 29.2329997 16.40800122 0 P 0
L 28.38200064 3.66199928 28.38200064 4.67799928 0 P 0
L 28.38200064 3.66199928 29.39800064 3.66199928 0 P 0
L 28.38200064 4.67799928 29.39800064 4.67799928 0 P 0
L 28.4919928 6.75800274 28.9999928 5.74200274 0 P 0
L 28.4919928 6.75800274 29.5079928 6.75800274 0 P 0
L 28.4919928 8.25800228 28.9999928 7.24200228 0 P 0
L 28.4919928 8.25800228 29.5079928 8.25800228 0 P 0
L 28.4919928 18.75799906 28.9999928 17.74199906 0 P 0
L 28.4919928 18.75799906 29.5079928 18.75799906 0 P 0
L 28.4919928 20.2579986 28.9999928 19.2419986 0 P 0
L 28.4919928 20.2579986 29.5079928 20.2579986 0 P 0
L 28.4919928 21.75799814 28.9999928 20.74199814 0 P 0
L 28.4919928 21.75799814 29.5079928 21.75799814 0 P 0
L 28.49200042 17.47999806 29.00000042 16.46399806 0 P 0
L 28.49200042 17.47999806 29.50800042 17.47999806 0 P 0
L 28.49200296 1.25800104 29.00000296 0.24200104 0 P 0
L 28.49200296 1.25800104 29.50800296 1.25800104 0 P 0
L 28.49200296 2.25799904 29.00000296 1.24199904 0 P 0
L 28.49200296 2.25799904 29.50800296 2.25799904 0 P 0
L 28.7249997 8.49199978 29.2329997 9.50799978 0 P 0
L 28.7249997 15.39200122 29.2329997 16.40800122 0 P 0
L 28.9999928 5.74200274 29.5079928 6.75800274 0 P 0
L 28.9999928 7.24200228 29.5079928 8.25800228 0 P 0
L 28.9999928 17.74199906 29.5079928 18.75799906 0 P 0
L 28.9999928 19.2419986 29.5079928 20.2579986 0 P 0
L 28.9999928 20.74199814 29.5079928 21.75799814 0 P 0
L 29.00000042 16.46399806 29.50800042 17.47999806 0 P 0
L 29.00000296 0.24200104 29.50800296 1.25800104 0 P 0
L 29.00000296 1.24199904 29.50800296 2.25799904 0 P 0
L 29.39800064 3.66199928 29.39800064 4.67799928 0 P 0
L 29.99199234 3.75800366 30.49999234 2.74200366 0 P 0
L 29.99199234 3.75800366 31.00799234 3.75800366 0 P 0
L 29.99199234 5.2580032 30.49999234 4.2420032 0 P 0
L 29.99199234 5.2580032 31.00799234 5.2580032 0 P 0
L 29.99199234 6.75800274 30.49999234 5.74200274 0 P 0
L 29.99199234 6.75800274 31.00799234 6.75800274 0 P 0
L 29.99199234 8.25800228 30.49999234 7.24200228 0 P 0
L 29.99199234 8.25800228 31.00799234 8.25800228 0 P 0
L 29.99199234 12.7580009 30.49999234 11.7420009 0 P 0
L 29.99199234 12.7580009 31.00799234 12.7580009 0 P 0
L 29.99199234 14.25800044 30.49999234 13.24200044 0 P 0
L 29.99199234 14.25800044 31.00799234 14.25800044 0 P 0
L 29.99199234 15.75799998 30.49999234 14.74199998 0 P 0
L 29.99199234 15.75799998 31.00799234 15.75799998 0 P 0
L 29.99199234 17.25799952 30.49999234 16.24199952 0 P 0
L 29.99199234 17.25799952 31.00799234 17.25799952 0 P 0
L 29.99199234 18.75799906 30.49999234 17.74199906 0 P 0
L 29.99199234 18.75799906 31.00799234 18.75799906 0 P 0
L 29.99199234 20.2579986 30.49999234 19.2419986 0 P 0
L 29.99199234 20.2579986 31.00799234 20.2579986 0 P 0
L 29.99199234 21.75799814 30.49999234 20.74199814 0 P 0
L 29.99199234 21.75799814 31.00799234 21.75799814 0 P 0
L 29.9920025 1.25800104 30.5000025 0.24200104 0 P 0
L 29.9920025 1.25800104 31.0080025 1.25800104 0 P 0
L 29.9920025 2.25799904 30.5000025 1.24199904 0 P 0
L 29.9920025 2.25799904 31.0080025 2.25799904 0 P 0
L 30.49999234 2.74200366 31.00799234 3.75800366 0 P 0
L 30.49999234 4.2420032 31.00799234 5.2580032 0 P 0
L 30.49999234 5.74200274 31.00799234 6.75800274 0 P 0
L 30.49999234 7.24200228 31.00799234 8.25800228 0 P 0
L 30.49999234 11.7420009 31.00799234 12.7580009 0 P 0
L 30.49999234 13.24200044 31.00799234 14.25800044 0 P 0
L 30.49999234 14.74199998 31.00799234 15.75799998 0 P 0
L 30.49999234 16.24199952 31.00799234 17.25799952 0 P 0
L 30.49999234 17.74199906 31.00799234 18.75799906 0 P 0
L 30.49999234 19.2419986 31.00799234 20.2579986 0 P 0
L 30.49999234 20.74199814 31.00799234 21.75799814 0 P 0
L 30.5000025 0.24200104 31.0080025 1.25800104 0 P 0
L 30.5000025 1.24199904 31.0080025 2.25799904 0 P 0
L 31.49199188 3.75800366 31.99999188 2.74200366 0 P 0
L 31.49199188 3.75800366 32.50799188 3.75800366 0 P 0
L 31.49199188 5.2580032 31.99999188 4.2420032 0 P 0
L 31.49199188 5.2580032 32.50799188 5.2580032 0 P 0
L 31.49199188 6.75800274 31.99999188 5.74200274 0 P 0
L 31.49199188 6.75800274 32.50799188 6.75800274 0 P 0
L 31.49199188 8.25800228 31.99999188 7.24200228 0 P 0
L 31.49199188 8.25800228 32.50799188 8.25800228 0 P 0
L 31.49199188 9.75800182 31.99999188 8.74200182 0 P 0
L 31.49199188 9.75800182 32.50799188 9.75800182 0 P 0
L 31.49199188 11.25800136 31.99999188 10.24200136 0 P 0
L 31.49199188 11.25800136 32.50799188 11.25800136 0 P 0
L 31.49199188 12.7580009 31.99999188 11.7420009 0 P 0
L 31.49199188 12.7580009 32.50799188 12.7580009 0 P 0
L 31.49199188 14.25800044 31.99999188 13.24200044 0 P 0
L 31.49199188 14.25800044 32.50799188 14.25800044 0 P 0
L 31.49199188 15.75799998 31.99999188 14.74199998 0 P 0
L 31.49199188 15.75799998 32.50799188 15.75799998 0 P 0
L 31.49199188 17.25799952 31.99999188 16.24199952 0 P 0
L 31.49199188 17.25799952 32.50799188 17.25799952 0 P 0
L 31.49199188 18.75799906 31.99999188 17.74199906 0 P 0
L 31.49199188 18.75799906 32.50799188 18.75799906 0 P 0
L 31.49199188 20.2579986 31.99999188 19.2419986 0 P 0
L 31.49199188 20.2579986 32.50799188 20.2579986 0 P 0
L 31.49199188 21.75799814 31.99999188 20.74199814 0 P 0
L 31.49199188 21.75799814 32.50799188 21.75799814 0 P 0
L 31.49200204 1.25800104 32.00000204 0.24200104 0 P 0
L 31.49200204 1.25800104 32.50800204 1.25800104 0 P 0
L 31.49200204 2.25799904 32.00000204 1.24199904 0 P 0
L 31.49200204 2.25799904 32.50800204 2.25799904 0 P 0
L 31.99999188 2.74200366 32.50799188 3.75800366 0 P 0
L 31.99999188 4.2420032 32.50799188 5.2580032 0 P 0
L 31.99999188 5.74200274 32.50799188 6.75800274 0 P 0
L 31.99999188 7.24200228 32.50799188 8.25800228 0 P 0
L 31.99999188 8.74200182 32.50799188 9.75800182 0 P 0
L 31.99999188 10.24200136 32.50799188 11.25800136 0 P 0
L 31.99999188 11.7420009 32.50799188 12.7580009 0 P 0
L 31.99999188 13.24200044 32.50799188 14.25800044 0 P 0
L 31.99999188 14.74199998 32.50799188 15.75799998 0 P 0
L 31.99999188 16.24199952 32.50799188 17.25799952 0 P 0
L 31.99999188 17.74199906 32.50799188 18.75799906 0 P 0
L 31.99999188 19.2419986 32.50799188 20.2579986 0 P 0
L 31.99999188 20.74199814 32.50799188 21.75799814 0 P 0
L 32.00000204 0.24200104 32.50800204 1.25800104 0 P 0
L 32.00000204 1.24199904 32.50800204 2.25799904 0 P 0
L 32.99199142 3.75800366 33.49999142 2.74200366 0 P 0
L 32.99199142 3.75800366 34.00799142 3.75800366 0 P 0
L 32.99199142 5.2580032 33.49999142 4.2420032 0 P 0
L 32.99199142 5.2580032 34.00799142 5.2580032 0 P 0
L 32.99199142 6.75800274 33.49999142 5.74200274 0 P 0
L 32.99199142 6.75800274 34.00799142 6.75800274 0 P 0
L 32.99199142 8.25800228 33.49999142 7.24200228 0 P 0
L 32.99199142 8.25800228 34.00799142 8.25800228 0 P 0
L 32.99199142 12.7580009 33.49999142 11.7420009 0 P 0
L 32.99199142 12.7580009 34.00799142 12.7580009 0 P 0
L 32.99199142 14.25800044 33.49999142 13.24200044 0 P 0
L 32.99199142 14.25800044 34.00799142 14.25800044 0 P 0
L 32.99199142 15.75799998 33.49999142 14.74199998 0 P 0
L 32.99199142 15.75799998 34.00799142 15.75799998 0 P 0
L 32.99199142 17.25799952 33.49999142 16.24199952 0 P 0
L 32.99199142 17.25799952 34.00799142 17.25799952 0 P 0
L 32.99199142 18.75799906 33.49999142 17.74199906 0 P 0
L 32.99199142 18.75799906 34.00799142 18.75799906 0 P 0
L 32.99199142 20.2579986 33.49999142 19.2419986 0 P 0
L 32.99199142 20.2579986 34.00799142 20.2579986 0 P 0
L 32.99199142 21.75799814 33.49999142 20.74199814 0 P 0
L 32.99199142 21.75799814 34.00799142 21.75799814 0 P 0
L 32.99200158 1.25800104 33.50000158 0.24200104 0 P 0
L 32.99200158 1.25800104 34.00800158 1.25800104 0 P 0
L 32.99200158 2.25799904 33.50000158 1.24199904 0 P 0
L 32.99200158 2.25799904 34.00800158 2.25799904 0 P 0
L 33.49999142 2.74200366 34.00799142 3.75800366 0 P 0
L 33.49999142 4.2420032 34.00799142 5.2580032 0 P 0
L 33.49999142 5.74200274 34.00799142 6.75800274 0 P 0
L 33.49999142 7.24200228 34.00799142 8.25800228 0 P 0
L 33.49999142 11.7420009 34.00799142 12.7580009 0 P 0
L 33.49999142 13.24200044 34.00799142 14.25800044 0 P 0
L 33.49999142 14.74199998 34.00799142 15.75799998 0 P 0
L 33.49999142 16.24199952 34.00799142 17.25799952 0 P 0
L 33.49999142 17.74199906 34.00799142 18.75799906 0 P 0
L 33.49999142 19.2419986 34.00799142 20.2579986 0 P 0
L 33.49999142 20.74199814 34.00799142 21.75799814 0 P 0
L 33.50000158 0.24200104 34.00800158 1.25800104 0 P 0
L 33.50000158 1.24199904 34.00800158 2.25799904 0 P 0
L 34.49199096 3.75800366 34.99999096 2.74200366 0 P 0
L 34.49199096 3.75800366 35.50799096 3.75800366 0 P 0
L 34.49199096 5.2580032 34.99999096 4.2420032 0 P 0
L 34.49199096 5.2580032 35.50799096 5.2580032 0 P 0
L 34.49199096 6.75800274 34.99999096 5.74200274 0 P 0
L 34.49199096 6.75800274 35.50799096 6.75800274 0 P 0
L 34.49199096 8.25800228 34.99999096 7.24200228 0 P 0
L 34.49199096 8.25800228 35.50799096 8.25800228 0 P 0
L 34.49199096 11.25800136 34.99999096 10.24200136 0 P 0
L 34.49199096 11.25800136 35.50799096 11.25800136 0 P 0
L 34.49199096 12.7580009 34.99999096 11.7420009 0 P 0
L 34.49199096 12.7580009 35.50799096 12.7580009 0 P 0
L 34.49199096 14.25800044 34.99999096 13.24200044 0 P 0
L 34.49199096 14.25800044 35.50799096 14.25800044 0 P 0
L 34.49199096 15.75799998 34.99999096 14.74199998 0 P 0
L 34.49199096 15.75799998 35.50799096 15.75799998 0 P 0
L 34.49199096 17.25799952 34.99999096 16.24199952 0 P 0
L 34.49199096 17.25799952 35.50799096 17.25799952 0 P 0
L 34.49199096 18.75799906 34.99999096 17.74199906 0 P 0
L 34.49199096 18.75799906 35.50799096 18.75799906 0 P 0
L 34.49199096 20.2579986 34.99999096 19.2419986 0 P 0
L 34.49199096 20.2579986 35.50799096 20.2579986 0 P 0
L 34.49199096 21.75799814 34.99999096 20.74199814 0 P 0
L 34.49199096 21.75799814 35.50799096 21.75799814 0 P 0
L 34.49200112 1.25800104 35.00000112 0.24200104 0 P 0
L 34.49200112 1.25800104 35.50800112 1.25800104 0 P 0
L 34.49200112 2.25799904 35.00000112 1.24199904 0 P 0
L 34.49200112 2.25799904 35.50800112 2.25799904 0 P 0
L 34.99200012 9.75799928 35.50000012 8.74199928 0 P 0
L 34.99200012 9.75799928 36.00800012 9.75799928 0 P 0
L 34.99200012 18.05800046 35.50000012 17.04200046 0 P 0
L 34.99200012 18.05800046 36.00800012 18.05800046 0 P 0
L 34.99999096 2.74200366 35.50799096 3.75800366 0 P 0
L 34.99999096 4.2420032 35.50799096 5.2580032 0 P 0
L 34.99999096 5.74200274 35.50799096 6.75800274 0 P 0
L 34.99999096 7.24200228 35.50799096 8.25800228 0 P 0
L 34.99999096 10.24200136 35.50799096 11.25800136 0 P 0
L 34.99999096 11.7420009 35.50799096 12.7580009 0 P 0
L 34.99999096 13.24200044 35.50799096 14.25800044 0 P 0
L 34.99999096 14.74199998 35.50799096 15.75799998 0 P 0
L 34.99999096 16.24199952 35.50799096 17.25799952 0 P 0
L 34.99999096 17.74199906 35.50799096 18.75799906 0 P 0
L 34.99999096 19.2419986 35.50799096 20.2579986 0 P 0
L 34.99999096 20.74199814 35.50799096 21.75799814 0 P 0
L 35.00000112 0.24200104 35.50800112 1.25800104 0 P 0
L 35.00000112 1.24199904 35.50800112 2.25799904 0 P 0
L 35.50000012 8.74199928 36.00800012 9.75799928 0 P 0
L 35.50000012 17.04200046 36.00800012 18.05800046 0 P 0
L 35.9919905 5.2580032 36.4999905 4.2420032 0 P 0
L 35.9919905 5.2580032 37.0079905 5.2580032 0 P 0
L 35.9919905 12.7580009 36.4999905 11.7420009 0 P 0
L 35.9919905 12.7580009 37.0079905 12.7580009 0 P 0
L 35.9919905 14.25800044 36.4999905 13.24200044 0 P 0
L 35.9919905 14.25800044 37.0079905 14.25800044 0 P 0
L 35.9919905 15.75799998 36.4999905 14.74199998 0 P 0
L 35.9919905 15.75799998 37.0079905 15.75799998 0 P 0
L 35.9919905 17.25799952 36.4999905 16.24199952 0 P 0
L 35.9919905 17.25799952 37.0079905 17.25799952 0 P 0
L 35.9919905 18.75799906 36.4999905 17.74199906 0 P 0
L 35.9919905 18.75799906 37.0079905 18.75799906 0 P 0
L 35.9919905 20.2579986 36.4999905 19.2419986 0 P 0
L 35.9919905 20.2579986 37.0079905 20.2579986 0 P 0
L 35.9919905 21.75799814 36.4999905 20.74199814 0 P 0
L 35.9919905 21.75799814 37.0079905 21.75799814 0 P 0
L 35.99200066 11.63299934 36.50000066 10.61699934 0 P 0
L 35.99200066 11.63299934 37.00800066 11.63299934 0 P 0
L 36.4999905 4.2420032 37.0079905 5.2580032 0 P 0
L 36.4999905 11.7420009 37.0079905 12.7580009 0 P 0
L 36.4999905 13.24200044 37.0079905 14.25800044 0 P 0
L 36.4999905 14.74199998 37.0079905 15.75799998 0 P 0
L 36.4999905 16.24199952 37.0079905 17.25799952 0 P 0
L 36.4999905 17.74199906 37.0079905 18.75799906 0 P 0
L 36.4999905 19.2419986 37.0079905 20.2579986 0 P 0
L 36.4999905 20.74199814 37.0079905 21.75799814 0 P 0
L 36.50000066 10.61699934 37.00800066 11.63299934 0 P 0
L 36.9920012 2.24600008 36.9920012 2.75400008 0 P 0
L 36.9920012 2.24600008 37.2460012 2.24600008 0 P 0
L 36.9920012 2.75400008 37.2460012 2.75400008 0 P 0
L 37.2460012 1.99200008 37.2460012 2.24600008 0 P 0
L 37.2460012 1.99200008 37.7540012 1.99200008 0 P 0
L 37.2460012 2.75400008 37.2460012 3.00800008 0 P 0
L 37.2460012 3.00800008 37.7540012 3.00800008 0 P 0
L 37.49199004 5.2580032 37.99999004 4.2420032 0 P 0
L 37.49199004 5.2580032 38.50799004 5.2580032 0 P 0
L 37.49199004 17.25799952 37.99999004 16.24199952 0 P 0
L 37.49199004 17.25799952 38.50799004 17.25799952 0 P 0
L 37.49199004 18.75799906 37.99999004 17.74199906 0 P 0
L 37.49199004 18.75799906 38.50799004 18.75799906 0 P 0
L 37.49199004 20.2579986 37.99999004 19.2419986 0 P 0
L 37.49199004 20.2579986 38.50799004 20.2579986 0 P 0
L 37.49199004 21.75799814 37.99999004 20.74199814 0 P 0
L 37.49199004 21.75799814 38.50799004 21.75799814 0 P 0
L 37.7540012 1.99200008 37.7540012 2.24600008 0 P 0
L 37.7540012 2.24600008 38.0080012 2.24600008 0 P 0
L 37.7540012 2.75400008 37.7540012 3.00800008 0 P 0
L 37.7540012 2.75400008 38.0080012 2.75400008 0 P 0
L 37.99999004 4.2420032 38.50799004 5.2580032 0 P 0
L 37.99999004 16.24199952 38.50799004 17.25799952 0 P 0
L 37.99999004 17.74199906 38.50799004 18.75799906 0 P 0
L 37.99999004 19.2419986 38.50799004 20.2579986 0 P 0
L 37.99999004 20.74199814 38.50799004 21.75799814 0 P 0
L 38.0080012 2.24600008 38.0080012 2.75400008 0 P 0
L 38.74200024 5.25800066 39.25000024 4.24200066 0 P 0
L 38.74200024 5.25800066 39.75800024 5.25800066 0 P 0
L 38.74200024 8.25799974 39.25000024 7.24199974 0 P 0
L 38.74200024 8.25799974 39.75800024 8.25799974 0 P 0
L 38.74200024 9.75799928 39.25000024 8.74199928 0 P 0
L 38.74200024 9.75799928 39.75800024 9.75799928 0 P 0
L 38.74200024 17.25799952 39.25000024 16.24199952 0 P 0
L 38.74200024 17.25799952 39.75800024 17.25799952 0 P 0
L 38.74200024 18.75799906 39.25000024 17.74199906 0 P 0
L 38.74200024 18.75799906 39.75800024 18.75799906 0 P 0
L 38.74200024 20.25800114 39.25000024 19.24200114 0 P 0
L 38.74200024 20.25800114 39.75800024 20.25800114 0 P 0
L 38.74200024 21.75800068 39.25000024 20.74200068 0 P 0
L 38.74200024 21.75800068 39.75800024 21.75800068 0 P 0
L 38.74500252 11.25799882 39.25300252 10.24199882 0 P 0
L 38.74500252 11.25799882 39.76100252 11.25799882 0 P 0
L 38.74500252 12.7580009 39.25300252 11.7420009 0 P 0
L 38.74500252 12.7580009 39.76100252 12.7580009 0 P 0
L 38.74500252 14.25800044 39.25300252 13.24200044 0 P 0
L 38.74500252 14.25800044 39.76100252 14.25800044 0 P 0
L 38.74500252 15.75799998 39.25300252 14.74199998 0 P 0
L 38.74500252 15.75799998 39.76100252 15.75799998 0 P 0
L 39.25000024 4.24200066 39.75800024 5.25800066 0 P 0
L 39.25000024 7.24199974 39.75800024 8.25799974 0 P 0
L 39.25000024 8.74199928 39.75800024 9.75799928 0 P 0
L 39.25000024 16.24199952 39.75800024 17.25799952 0 P 0
L 39.25000024 17.74199906 39.75800024 18.75799906 0 P 0
L 39.25000024 19.24200114 39.75800024 20.25800114 0 P 0
L 39.25000024 20.74200068 39.75800024 21.75800068 0 P 0
L 39.25300252 10.24199882 39.76100252 11.25799882 0 P 0
L 39.25300252 11.7420009 39.76100252 12.7580009 0 P 0
L 39.25300252 13.24200044 39.76100252 14.25800044 0 P 0
L 39.25300252 14.74199998 39.76100252 15.75799998 0 P 0
