UNITS=MM
#Layer_Color=8388736
#
#Feature symbol names
#
$0 r49.9999

#
#Feature attribute names
#

#
#Layer features
#
L 6.37403602 34.7749876 6.37403602 35.2250248 0 P 0
L 6.37403602 34.7749876 6.82402242 34.7749876 0 P 0
L 6.37403602 35.2250248 6.82402242 35.2250248 0 P 0
L 6.37499106 25.97502806 6.37499106 26.42501446 0 P 0
L 6.37499106 25.97502806 6.82497746 25.97502806 0 P 0
L 6.37499106 26.42501446 6.82497746 26.42501446 0 P 0
L 6.37499106 27.07500046 6.37499106 27.52498686 0 P 0
L 6.37499106 27.07500046 6.82497746 27.07500046 0 P 0
L 6.37499106 27.52498686 6.82497746 27.52498686 0 P 0
L 6.37499106 28.17502366 6.37499106 28.62501006 0 P 0
L 6.37499106 28.17502366 6.82497746 28.17502366 0 P 0
L 6.37499106 28.62501006 6.82497746 28.62501006 0 P 0
L 6.37499106 29.27499606 6.37499106 29.72498246 0 P 0
L 6.37499106 29.27499606 6.82497746 29.27499606 0 P 0
L 6.37499106 29.72498246 6.82497746 29.72498246 0 P 0
L 6.37499106 31.47499166 6.37499106 31.92502886 0 P 0
L 6.37499106 31.47499166 6.82497746 31.47499166 0 P 0
L 6.37499106 31.92502886 6.82497746 31.92502886 0 P 0
L 6.37499106 32.57501486 6.37499106 33.02500126 0 P 0
L 6.37499106 32.57501486 6.82497746 32.57501486 0 P 0
L 6.37499106 33.02500126 6.82497746 33.02500126 0 P 0
L 6.37499106 33.67498726 6.37499106 34.12502446 0 P 0
L 6.37499106 33.67498726 6.82497746 33.67498726 0 P 0
L 6.37499106 34.12502446 6.82497746 34.12502446 0 P 0
L 6.37499106 35.87498286 6.37499106 36.32502006 0 P 0
L 6.37499106 35.87498286 6.82497746 35.87498286 0 P 0
L 6.37499106 36.32502006 6.82497746 36.32502006 0 P 0
L 6.37499106 37.37500526 6.37499106 37.82499166 0 P 0
L 6.37499106 37.37500526 6.82497746 37.37500526 0 P 0
L 6.37499106 37.82499166 6.82497746 37.82499166 0 P 0
L 6.37499106 38.87502766 6.37499106 39.32501406 0 P 0
L 6.37499106 38.87502766 6.82497746 38.87502766 0 P 0
L 6.37499106 39.32501406 6.82497746 39.32501406 0 P 0
L 6.37501138 30.37501672 6.37501138 30.82500312 0 P 0
L 6.37501138 30.37501672 6.82499778 30.37501672 0 P 0
L 6.37501138 30.82500312 6.82499778 30.82500312 0 P 0
L 6.82402242 34.7749876 6.82402242 35.2250248 0 P 0
L 6.82497746 25.97502806 6.82497746 26.42501446 0 P 0
L 6.82497746 27.07500046 6.82497746 27.52498686 0 P 0
L 6.82497746 28.17502366 6.82497746 28.62501006 0 P 0
L 6.82497746 29.27499606 6.82497746 29.72498246 0 P 0
L 6.82497746 31.47499166 6.82497746 31.92502886 0 P 0
L 6.82497746 32.57501486 6.82497746 33.02500126 0 P 0
L 6.82497746 33.67498726 6.82497746 34.12502446 0 P 0
L 6.82497746 35.87498286 6.82497746 36.32502006 0 P 0
L 6.82497746 37.37500526 6.82497746 37.82499166 0 P 0
L 6.82497746 38.87502766 6.82497746 39.32501406 0 P 0
L 6.82499778 30.37501672 6.82499778 30.82500312 0 P 0
L 7.47498886 29.27500368 7.47498886 29.72499008 0 P 0
L 7.47498886 29.27500368 7.92497526 29.27500368 0 P 0
L 7.47498886 29.72499008 7.92497526 29.72499008 0 P 0
L 7.47500156 33.67498726 7.47500156 34.12497366 0 P 0
L 7.47500156 33.67498726 7.92498796 33.67498726 0 P 0
L 7.47500156 34.12497366 7.92498796 34.12497366 0 P 0
L 7.47501172 30.37500402 7.47501172 30.82499042 0 P 0
L 7.47501172 30.37500402 7.92499812 30.37500402 0 P 0
L 7.47501172 30.82499042 7.92499812 30.82499042 0 P 0
L 7.47501426 25.97502806 7.47501426 26.42501446 0 P 0
L 7.47501426 25.97502806 7.92500066 25.97502806 0 P 0
L 7.47501426 26.42501446 7.92500066 26.42501446 0 P 0
L 7.47501426 27.07500046 7.47501426 27.52498686 0 P 0
L 7.47501426 27.07500046 7.92500066 27.07500046 0 P 0
L 7.47501426 27.52498686 7.92500066 27.52498686 0 P 0
L 7.47501426 28.17502366 7.47501426 28.62501006 0 P 0
L 7.47501426 28.17502366 7.92500066 28.17502366 0 P 0
L 7.47501426 28.62501006 7.92500066 28.62501006 0 P 0
L 7.47501426 31.47499166 7.47501426 31.92502886 0 P 0
L 7.47501426 31.47499166 7.92500066 31.47499166 0 P 0
L 7.47501426 31.92502886 7.92500066 31.92502886 0 P 0
L 7.47501426 32.57501486 7.47501426 33.02500126 0 P 0
L 7.47501426 32.57501486 7.92500066 32.57501486 0 P 0
L 7.47501426 33.02500126 7.92500066 33.02500126 0 P 0
L 7.47501426 34.77501046 7.47501426 35.22499686 0 P 0
L 7.47501426 34.77501046 7.92500066 34.77501046 0 P 0
L 7.47501426 35.22499686 7.92500066 35.22499686 0 P 0
L 7.47501426 35.87498286 7.47501426 36.32502006 0 P 0
L 7.47501426 35.87498286 7.92500066 35.87498286 0 P 0
L 7.47501426 36.32502006 7.92500066 36.32502006 0 P 0
L 7.47501426 38.87502766 7.47501426 39.32501406 0 P 0
L 7.47501426 38.87502766 7.92500066 38.87502766 0 P 0
L 7.47501426 39.32501406 7.92500066 39.32501406 0 P 0
L 7.92497526 29.27500368 7.92497526 29.72499008 0 P 0
L 7.92498796 33.67498726 7.92498796 34.12497366 0 P 0
L 7.92499812 30.37500402 7.92499812 30.82499042 0 P 0
L 7.92500066 25.97502806 7.92500066 26.42501446 0 P 0
L 7.92500066 27.07500046 7.92500066 27.52498686 0 P 0
L 7.92500066 28.17502366 7.92500066 28.62501006 0 P 0
L 7.92500066 31.47499166 7.92500066 31.92502886 0 P 0
L 7.92500066 32.57501486 7.92500066 33.02500126 0 P 0
L 7.92500066 34.77501046 7.92500066 35.22499686 0 P 0
L 7.92500066 35.87498286 7.92500066 36.32502006 0 P 0
L 7.92500066 38.87502766 7.92500066 39.32501406 0 P 0
L 8.57498666 25.97502806 8.57498666 26.42501446 0 P 0
L 8.57498666 25.97502806 9.02502386 25.97502806 0 P 0
L 8.57498666 26.42501446 9.02502386 26.42501446 0 P 0
L 8.57498666 27.07500046 8.57498666 27.52498686 0 P 0
L 8.57498666 27.07500046 9.02502386 27.07500046 0 P 0
L 8.57498666 27.52498686 9.02502386 27.52498686 0 P 0
L 8.57498666 29.27499606 8.57498666 29.72498246 0 P 0
L 8.57498666 29.27499606 9.02502386 29.27499606 0 P 0
L 8.57498666 29.72498246 9.02502386 29.72498246 0 P 0
L 8.57498666 30.37501926 8.57498666 30.82500566 0 P 0
L 8.57498666 30.37501926 9.02502386 30.37501926 0 P 0
L 8.57498666 30.82500566 9.02502386 30.82500566 0 P 0
L 8.57498666 31.47499166 8.57498666 31.92502886 0 P 0
L 8.57498666 31.47499166 9.02502386 31.47499166 0 P 0
L 8.57498666 31.92502886 9.02502386 31.92502886 0 P 0
L 8.57498666 32.57501486 8.57498666 33.02500126 0 P 0
L 8.57498666 32.57501486 9.02502386 32.57501486 0 P 0
L 8.57498666 33.02500126 9.02502386 33.02500126 0 P 0
L 8.57498666 33.67498726 8.57498666 34.12502446 0 P 0
L 8.57498666 33.67498726 9.02502386 33.67498726 0 P 0
L 8.57498666 34.12502446 9.02502386 34.12502446 0 P 0
L 8.57498666 34.77501046 8.57498666 35.22499686 0 P 0
L 8.57498666 34.77501046 9.02502386 34.77501046 0 P 0
L 8.57498666 35.22499686 9.02502386 35.22499686 0 P 0
L 8.57498666 35.87498286 8.57498666 36.32502006 0 P 0
L 8.57498666 35.87498286 9.02502386 35.87498286 0 P 0
L 8.57498666 36.32502006 9.02502386 36.32502006 0 P 0
L 9.02502386 25.97502806 9.02502386 26.42501446 0 P 0
L 9.02502386 27.07500046 9.02502386 27.52498686 0 P 0
L 9.02502386 29.27499606 9.02502386 29.72498246 0 P 0
L 9.02502386 30.37501926 9.02502386 30.82500566 0 P 0
L 9.02502386 31.47499166 9.02502386 31.92502886 0 P 0
L 9.02502386 32.57501486 9.02502386 33.02500126 0 P 0
L 9.02502386 33.67498726 9.02502386 34.12502446 0 P 0
L 9.02502386 34.77501046 9.02502386 35.22499686 0 P 0
L 9.02502386 35.87498286 9.02502386 36.32502006 0 P 0
L 9.67500986 25.97502806 9.67500986 26.42501446 0 P 0
L 9.67500986 25.97502806 10.12499626 25.97502806 0 P 0
L 9.67500986 26.42501446 10.12499626 26.42501446 0 P 0
L 9.67500986 27.07500046 9.67500986 27.52498686 0 P 0
L 9.67500986 27.07500046 10.12499626 27.07500046 0 P 0
L 9.67500986 27.52498686 10.12499626 27.52498686 0 P 0
L 9.67500986 28.17502366 9.67500986 28.62501006 0 P 0
L 9.67500986 28.17502366 10.12499626 28.17502366 0 P 0
L 9.67500986 28.62501006 10.12499626 28.62501006 0 P 0
L 10.12499626 25.97502806 10.12499626 26.42501446 0 P 0
L 10.12499626 27.07500046 10.12499626 27.52498686 0 P 0
L 10.12499626 28.17502366 10.12499626 28.62501006 0 P 0
L 10.22498082 30.37501926 10.22498082 30.82500566 0 P 0
L 10.22498082 30.37501926 10.67501802 30.37501926 0 P 0
L 10.22498082 30.82500566 10.67501802 30.82500566 0 P 0
L 10.22498082 31.4750196 10.22498082 31.925006 0 P 0
L 10.22498082 31.4750196 10.67501802 31.4750196 0 P 0
L 10.22498082 31.925006 10.67501802 31.925006 0 P 0
L 10.22498082 32.57501994 10.22498082 33.02500634 0 P 0
L 10.22498082 32.57501994 10.67501802 32.57501994 0 P 0
L 10.22498082 33.02500634 10.67501802 33.02500634 0 P 0
L 10.22498082 34.77502062 10.22498082 35.22500702 0 P 0
L 10.22498082 34.77502062 10.67501802 34.77502062 0 P 0
L 10.22498082 35.22500702 10.67501802 35.22500702 0 P 0
L 10.67501802 30.37501926 10.67501802 30.82500566 0 P 0
L 10.67501802 31.4750196 10.67501802 31.925006 0 P 0
L 10.67501802 32.57501994 10.67501802 33.02500634 0 P 0
L 10.67501802 34.77502062 10.67501802 35.22500702 0 P 0
L 10.77498226 25.97502806 10.77498226 26.42501446 0 P 0
L 10.77498226 25.97502806 11.22501946 25.97502806 0 P 0
L 10.77498226 26.42501446 11.22501946 26.42501446 0 P 0
L 10.77498226 27.07500046 10.77498226 27.52498686 0 P 0
L 10.77498226 27.07500046 11.22501946 27.07500046 0 P 0
L 10.77498226 27.52498686 11.22501946 27.52498686 0 P 0
L 10.77498226 28.17502366 10.77498226 28.62501006 0 P 0
L 10.77498226 28.17502366 11.22501946 28.17502366 0 P 0
L 10.77498226 28.62501006 11.22501946 28.62501006 0 P 0
L 10.77498226 35.87498286 10.77498226 36.32502006 0 P 0
L 10.77498226 35.87498286 11.22501946 35.87498286 0 P 0
L 10.77498226 36.32502006 11.22501946 36.32502006 0 P 0
L 11.22501946 25.97502806 11.22501946 26.42501446 0 P 0
L 11.22501946 27.07500046 11.22501946 27.52498686 0 P 0
L 11.22501946 28.17502366 11.22501946 28.62501006 0 P 0
L 11.22501946 35.87498286 11.22501946 36.32502006 0 P 0
L 11.32497862 30.37501926 11.32497862 30.82500566 0 P 0
L 11.32497862 30.37501926 11.77501582 30.37501926 0 P 0
L 11.32497862 30.82500566 11.77501582 30.82500566 0 P 0
L 11.32497862 31.4750196 11.32497862 31.925006 0 P 0
L 11.32497862 31.4750196 11.77501582 31.4750196 0 P 0
L 11.32497862 31.925006 11.77501582 31.925006 0 P 0
L 11.32497862 34.77502062 11.32497862 35.22500702 0 P 0
L 11.32497862 34.77502062 11.77501582 34.77502062 0 P 0
L 11.32497862 35.22500702 11.77501582 35.22500702 0 P 0
L 11.32498116 32.57501486 11.32498116 33.02500126 0 P 0
L 11.32498116 32.57501486 11.77501836 32.57501486 0 P 0
L 11.32498116 33.02500126 11.77501836 33.02500126 0 P 0
L 11.77501582 30.37501926 11.77501582 30.82500566 0 P 0
L 11.77501582 31.4750196 11.77501582 31.925006 0 P 0
L 11.77501582 34.77502062 11.77501582 35.22500702 0 P 0
L 11.77501836 32.57501486 11.77501836 33.02500126 0 P 0
L 11.87500546 25.97502806 11.87500546 26.42501446 0 P 0
L 11.87500546 25.97502806 12.32499186 25.97502806 0 P 0
L 11.87500546 26.42501446 12.32499186 26.42501446 0 P 0
L 11.87500546 27.07500046 11.87500546 27.52498686 0 P 0
L 11.87500546 27.07500046 12.32499186 27.07500046 0 P 0
L 11.87500546 27.52498686 12.32499186 27.52498686 0 P 0
L 11.87500546 28.17502366 11.87500546 28.62501006 0 P 0
L 11.87500546 28.17502366 12.32499186 28.17502366 0 P 0
L 11.87500546 28.62501006 12.32499186 28.62501006 0 P 0
L 12.32499186 25.97502806 12.32499186 26.42501446 0 P 0
L 12.32499186 27.07500046 12.32499186 27.52498686 0 P 0
L 12.32499186 28.17502366 12.32499186 28.62501006 0 P 0
L 12.97497786 25.97502806 12.97497786 26.42501446 0 P 0
L 12.97497786 25.97502806 13.42501506 25.97502806 0 P 0
L 12.97497786 26.42501446 13.42501506 26.42501446 0 P 0
L 12.97497786 27.07500046 12.97497786 27.52498686 0 P 0
L 12.97497786 27.07500046 13.42501506 27.07500046 0 P 0
L 12.97497786 27.52498686 13.42501506 27.52498686 0 P 0
L 12.97497786 29.27499606 12.97497786 29.72498246 0 P 0
L 12.97497786 29.27499606 13.42501506 29.27499606 0 P 0
L 12.97497786 29.72498246 13.42501506 29.72498246 0 P 0
L 12.97497786 30.37501926 12.97497786 30.82500566 0 P 0
L 12.97497786 30.37501926 13.42501506 30.37501926 0 P 0
L 12.97497786 30.82500566 13.42501506 30.82500566 0 P 0
L 12.97497786 31.47499166 12.97497786 31.92502886 0 P 0
L 12.97497786 31.47499166 13.42501506 31.47499166 0 P 0
L 12.97497786 31.92502886 13.42501506 31.92502886 0 P 0
L 12.97497786 33.67498726 12.97497786 34.12502446 0 P 0
L 12.97497786 33.67498726 13.42501506 33.67498726 0 P 0
L 12.97497786 34.12502446 13.42501506 34.12502446 0 P 0
L 12.97497786 34.77501046 12.97497786 35.22499686 0 P 0
L 12.97497786 34.77501046 13.42501506 34.77501046 0 P 0
L 12.97497786 35.22499686 13.42501506 35.22499686 0 P 0
L 12.97497786 35.87498286 12.97497786 36.32502006 0 P 0
L 12.97497786 35.87498286 13.42501506 35.87498286 0 P 0
L 12.97497786 36.32502006 13.42501506 36.32502006 0 P 0
L 12.97500072 32.57501994 12.97500072 33.02500634 0 P 0
L 12.97500072 32.57501994 13.42498712 32.57501994 0 P 0
L 12.97500072 33.02500634 13.42498712 33.02500634 0 P 0
L 13.42498712 32.57501994 13.42498712 33.02500634 0 P 0
L 13.42501506 25.97502806 13.42501506 26.42501446 0 P 0
L 13.42501506 27.07500046 13.42501506 27.52498686 0 P 0
L 13.42501506 29.27499606 13.42501506 29.72498246 0 P 0
L 13.42501506 30.37501926 13.42501506 30.82500566 0 P 0
L 13.42501506 31.47499166 13.42501506 31.92502886 0 P 0
L 13.42501506 33.67498726 13.42501506 34.12502446 0 P 0
L 13.42501506 34.77501046 13.42501506 35.22499686 0 P 0
L 13.42501506 35.87498286 13.42501506 36.32502006 0 P 0
L 14.07495026 32.57501486 14.07495026 33.02500126 0 P 0
L 14.07495026 32.57501486 14.52498746 32.57501486 0 P 0
L 14.07495026 33.02500126 14.52498746 33.02500126 0 P 0
L 14.07500106 25.97502806 14.07500106 26.42501446 0 P 0
L 14.07500106 25.97502806 14.52498746 25.97502806 0 P 0
L 14.07500106 26.42501446 14.52498746 26.42501446 0 P 0
L 14.07500106 27.07500046 14.07500106 27.52498686 0 P 0
L 14.07500106 27.07500046 14.52498746 27.07500046 0 P 0
L 14.07500106 27.52498686 14.52498746 27.52498686 0 P 0
L 14.07500106 28.17502366 14.07500106 28.62501006 0 P 0
L 14.07500106 28.17502366 14.52498746 28.17502366 0 P 0
L 14.07500106 28.62501006 14.52498746 28.62501006 0 P 0
L 14.07500106 29.27499606 14.07500106 29.72498246 0 P 0
L 14.07500106 29.27499606 14.52498746 29.27499606 0 P 0
L 14.07500106 29.72498246 14.52498746 29.72498246 0 P 0
L 14.07500106 30.37501926 14.07500106 30.82500566 0 P 0
L 14.07500106 30.37501926 14.52498746 30.37501926 0 P 0
L 14.07500106 30.82500566 14.52498746 30.82500566 0 P 0
L 14.07500106 31.47499166 14.07500106 31.92502886 0 P 0
L 14.07500106 31.47499166 14.52498746 31.47499166 0 P 0
L 14.07500106 31.92502886 14.52498746 31.92502886 0 P 0
L 14.07500106 33.67498726 14.07500106 34.12502446 0 P 0
L 14.07500106 33.67498726 14.52498746 33.67498726 0 P 0
L 14.07500106 34.12502446 14.52498746 34.12502446 0 P 0
L 14.07500106 34.77501046 14.07500106 35.22499686 0 P 0
L 14.07500106 34.77501046 14.52498746 34.77501046 0 P 0
L 14.07500106 35.22499686 14.52498746 35.22499686 0 P 0
L 14.07500106 35.87498286 14.07500106 36.32502006 0 P 0
L 14.07500106 35.87498286 14.52498746 35.87498286 0 P 0
L 14.07500106 36.32502006 14.52498746 36.32502006 0 P 0
L 14.07500106 38.87502766 14.07500106 39.32501406 0 P 0
L 14.07500106 38.87502766 14.52498746 38.87502766 0 P 0
L 14.07500106 39.32501406 14.52498746 39.32501406 0 P 0
L 14.52498746 25.97502806 14.52498746 26.42501446 0 P 0
L 14.52498746 27.07500046 14.52498746 27.52498686 0 P 0
L 14.52498746 28.17502366 14.52498746 28.62501006 0 P 0
L 14.52498746 29.27499606 14.52498746 29.72498246 0 P 0
L 14.52498746 30.37501926 14.52498746 30.82500566 0 P 0
L 14.52498746 31.47499166 14.52498746 31.92502886 0 P 0
L 14.52498746 32.57501486 14.52498746 33.02500126 0 P 0
L 14.52498746 33.67498726 14.52498746 34.12502446 0 P 0
L 14.52498746 34.77501046 14.52498746 35.22499686 0 P 0
L 14.52498746 35.87498286 14.52498746 36.32502006 0 P 0
L 14.52498746 38.87502766 14.52498746 39.32501406 0 P 0
L 15.17497346 25.97502806 15.17497346 26.42501446 0 P 0
L 15.17497346 25.97502806 15.62501066 25.97502806 0 P 0
L 15.17497346 26.42501446 15.62501066 26.42501446 0 P 0
L 15.17497346 27.07500046 15.17497346 27.52498686 0 P 0
L 15.17497346 27.07500046 15.62501066 27.07500046 0 P 0
L 15.17497346 27.52498686 15.62501066 27.52498686 0 P 0
L 15.17497346 28.17502366 15.17497346 28.62501006 0 P 0
L 15.17497346 28.17502366 15.62501066 28.17502366 0 P 0
L 15.17497346 28.62501006 15.62501066 28.62501006 0 P 0
L 15.17497346 29.27499606 15.17497346 29.72498246 0 P 0
L 15.17497346 29.27499606 15.62501066 29.27499606 0 P 0
L 15.17497346 29.72498246 15.62501066 29.72498246 0 P 0
L 15.17497346 30.37501926 15.17497346 30.82500566 0 P 0
L 15.17497346 30.37501926 15.62501066 30.37501926 0 P 0
L 15.17497346 30.82500566 15.62501066 30.82500566 0 P 0
L 15.17497346 31.47499166 15.17497346 31.92502886 0 P 0
L 15.17497346 31.47499166 15.62501066 31.47499166 0 P 0
L 15.17497346 31.92502886 15.62501066 31.92502886 0 P 0
L 15.17497346 32.57501486 15.17497346 33.02500126 0 P 0
L 15.17497346 32.57501486 15.62501066 32.57501486 0 P 0
L 15.17497346 33.02500126 15.62501066 33.02500126 0 P 0
L 15.17497346 33.67498726 15.17497346 34.12502446 0 P 0
L 15.17497346 33.67498726 15.62501066 33.67498726 0 P 0
L 15.17497346 34.12502446 15.62501066 34.12502446 0 P 0
L 15.17497346 34.77501046 15.17497346 35.22499686 0 P 0
L 15.17497346 34.77501046 15.62501066 34.77501046 0 P 0
L 15.17497346 35.22499686 15.62501066 35.22499686 0 P 0
L 15.17497346 35.87498286 15.17497346 36.32502006 0 P 0
L 15.17497346 35.87498286 15.62501066 35.87498286 0 P 0
L 15.17497346 36.32502006 15.62501066 36.32502006 0 P 0
L 15.17497346 37.37500526 15.17497346 37.82499166 0 P 0
L 15.17497346 37.37500526 15.62501066 37.37500526 0 P 0
L 15.17497346 37.82499166 15.62501066 37.82499166 0 P 0
L 15.17497346 38.87502766 15.17497346 39.32501406 0 P 0
L 15.17497346 38.87502766 15.62501066 38.87502766 0 P 0
L 15.17497346 39.32501406 15.62501066 39.32501406 0 P 0
L 15.62501066 25.97502806 15.62501066 26.42501446 0 P 0
L 15.62501066 27.07500046 15.62501066 27.52498686 0 P 0
L 15.62501066 28.17502366 15.62501066 28.62501006 0 P 0
L 15.62501066 29.27499606 15.62501066 29.72498246 0 P 0
L 15.62501066 30.37501926 15.62501066 30.82500566 0 P 0
L 15.62501066 31.47499166 15.62501066 31.92502886 0 P 0
L 15.62501066 32.57501486 15.62501066 33.02500126 0 P 0
L 15.62501066 33.67498726 15.62501066 34.12502446 0 P 0
L 15.62501066 34.77501046 15.62501066 35.22499686 0 P 0
L 15.62501066 35.87498286 15.62501066 36.32502006 0 P 0
L 15.62501066 37.37500526 15.62501066 37.82499166 0 P 0
L 15.62501066 38.87502766 15.62501066 39.32501406 0 P 0
