UNITS=MM
#Layer_Color=9474304
#
#Feature symbol names
#
$0 r127

#
#Feature attribute names
#

#
#Layer features
#
L 0.65000124 20.39999984 0.95000064 20.39999984 0 P 0
L 0.65000124 21.50000018 0.95000064 21.50000018 0 P 0
L 0.65000124 22.7000054 0.95000064 22.7000054 0 P 0
L 0.65000124 24.20000494 0.95000064 24.20000494 0 P 0
L 0.65000124 25.70000448 0.95000064 25.70000448 0 P 0
L 0.65000124 37.7000008 0.95000064 37.7000008 0 P 0
L 0.65000124 39.20000034 0.95000064 39.20000034 0 P 0
L 0.80000094 20.25000014 0.80000094 20.54999954 0 P 0
L 0.80000094 21.35000048 0.80000094 21.64999988 0 P 0
L 0.80000094 22.5500057 0.80000094 22.8500051 0 P 0
L 0.80000094 24.05000524 0.80000094 24.35000464 0 P 0
L 0.80000094 25.55000478 0.80000094 25.85000418 0 P 0
L 0.80000094 37.5500011 0.80000094 37.8500005 0 P 0
L 0.80000094 39.05000064 0.80000094 39.35000004 0 P 0
L 1.56000196 4.21999918 2.65999976 4.21999918 0 P 0
L 1.8312003 18.0086 2.1311997 18.0086 0 P 0
L 1.9469989 30.6832 2.2469983 30.6832 0 P 0
L 1.9469989 31.67499888 2.2469983 31.67499888 0 P 0
L 1.9812 17.8586003 1.9812 18.1585997 0 P 0
L 2.0969986 30.5332003 2.0969986 30.8331997 0 P 0
L 2.0969986 31.52499918 2.0969986 31.82499858 0 P 0
L 2.11000086 3.67000028 2.11000086 4.76999808 0 P 0
L 2.15000078 34.70000172 2.45000018 34.70000172 0 P 0
L 2.15000078 36.20000126 2.45000018 36.20000126 0 P 0
L 2.15000078 37.7000008 2.45000018 37.7000008 0 P 0
L 2.15000078 39.20000034 2.45000018 39.20000034 0 P 0
L 2.2122003 16.383 2.5121997 16.383 0 P 0
L 2.30000048 34.55000202 2.30000048 34.85000142 0 P 0
L 2.30000048 36.05000156 2.30000048 36.35000096 0 P 0
L 2.30000048 37.5500011 2.30000048 37.8500005 0 P 0
L 2.30000048 39.05000064 2.30000048 39.35000004 0 P 0
L 2.3622 16.2330003 2.3622 16.5329997 0 P 0
L 2.60000242 10.00000032 4.39999882 10.00000032 0 P 0
L 2.83120084 18.0086 3.13120024 18.0086 0 P 0
L 2.98120054 17.8586003 2.98120054 18.1585997 0 P 0
L 3.35000092 33.80000098 3.65000032 33.80000098 0 P 0
L 3.45000072 27.90000008 3.75000012 27.90000008 0 P 0
L 3.50000062 9.10000212 3.50000062 10.89999852 0 P 0
L 3.50000062 33.65000128 3.50000062 33.95000068 0 P 0
L 3.55000052 29.69999902 3.84999992 29.69999902 0 P 0
L 3.5838003 16.637 3.8837997 16.637 0 P 0
L 3.60000042 27.75000038 3.60000042 28.04999978 0 P 0
L 3.65000032 22.7000054 3.94999972 22.7000054 0 P 0
L 3.65000032 24.20000494 3.94999972 24.20000494 0 P 0
L 3.65000032 25.70000448 3.94999972 25.70000448 0 P 0
L 3.65000032 31.70000264 3.94999972 31.70000264 0 P 0
L 3.65000032 37.7000008 3.94999972 37.7000008 0 P 0
L 3.65000032 39.20000034 3.94999972 39.20000034 0 P 0
L 3.70000022 29.54999932 3.70000022 29.84999872 0 P 0
L 3.7338 16.4870003 3.7338 16.7869997 0 P 0
L 3.80000002 22.5500057 3.80000002 22.8500051 0 P 0
L 3.80000002 24.05000524 3.80000002 24.35000464 0 P 0
L 3.80000002 25.55000478 3.80000002 25.85000418 0 P 0
L 3.80000002 31.55000294 3.80000002 31.85000234 0 P 0
L 3.80000002 37.5500011 3.80000002 37.8500005 0 P 0
L 3.80000002 39.05000064 3.80000002 39.35000004 0 P 0
L 3.8378003 20.1676 4.1377997 20.1676 0 P 0
L 3.9878 20.0176003 3.9878 20.3175997 0 P 0
L 4.10000196 4.21999918 5.19999976 4.21999918 0 P 0
L 4.55000106 33.80000098 4.85000046 33.80000098 0 P 0
L 4.65000086 3.67000028 4.65000086 4.76999808 0 P 0
L 4.70000076 33.65000128 4.70000076 33.95000068 0 P 0
L 4.8538003 20.1676 5.1537997 20.1676 0 P 0
L 5.0038 20.0176003 5.0038 20.3175997 0 P 0
L 5.05000006 27.90000008 5.34999946 27.90000008 0 P 0
L 5.14999986 22.7000054 5.44999926 22.7000054 0 P 0
L 5.14999986 24.20000494 5.44999926 24.20000494 0 P 0
L 5.14999986 25.70000448 5.44999926 25.70000448 0 P 0
L 5.14999986 37.7000008 5.44999926 37.7000008 0 P 0
L 5.14999986 39.20000034 5.44999926 39.20000034 0 P 0
L 5.19999976 27.75000038 5.19999976 28.04999978 0 P 0
L 5.29999956 22.5500057 5.29999956 22.8500051 0 P 0
L 5.29999956 24.05000524 5.29999956 24.35000464 0 P 0
L 5.29999956 25.55000478 5.29999956 25.85000418 0 P 0
L 5.29999956 37.5500011 5.29999956 37.8500005 0 P 0
L 5.29999956 39.05000064 5.29999956 39.35000004 0 P 0
L 5.6500014 33.80000098 5.9500008 33.80000098 0 P 0
L 5.8000011 33.65000128 5.8000011 33.95000068 0 P 0
L 5.8698003 20.193 6.1697997 20.193 0 P 0
L 5.8698003 21.7932 6.1697997 21.7932 0 P 0
L 6.0198 20.0430003 6.0198 20.3429997 0 P 0
L 6.0198 21.6432003 6.0198 21.9431997 0 P 0
L 6.5499996 27.90000008 6.849999 27.90000008 0 P 0
L 6.5499996 29.69999902 6.849999 29.69999902 0 P 0
L 6.64000196 4.21999918 7.73999976 4.21999918 0 P 0
L 6.6499994 22.7000054 6.9499988 22.7000054 0 P 0
L 6.6499994 24.20000494 6.9499988 24.20000494 0 P 0
L 6.6499994 25.70000448 6.9499988 25.70000448 0 P 0
L 6.6499994 31.70000264 6.9499988 31.70000264 0 P 0
L 6.6499994 37.7000008 6.9499988 37.7000008 0 P 0
L 6.6499994 39.20000034 6.9499988 39.20000034 0 P 0
L 6.6999993 27.75000038 6.6999993 28.04999978 0 P 0
L 6.6999993 29.54999932 6.6999993 29.84999872 0 P 0
L 6.7499992 33.80000098 7.0499986 33.80000098 0 P 0
L 6.7999991 22.5500057 6.7999991 22.8500051 0 P 0
L 6.7999991 24.05000524 6.7999991 24.35000464 0 P 0
L 6.7999991 25.55000478 6.7999991 25.85000418 0 P 0
L 6.7999991 31.55000294 6.7999991 31.85000234 0 P 0
L 6.7999991 37.5500011 6.7999991 37.8500005 0 P 0
L 6.7999991 39.05000064 6.7999991 39.35000004 0 P 0
L 6.8999989 33.65000128 6.8999989 33.95000068 0 P 0
L 7.19000086 3.67000028 7.19000086 4.76999808 0 P 0
L 7.64999994 30.59999976 7.94999934 30.59999976 0 P 0
L 7.64999994 32.90000024 7.94999934 32.90000024 0 P 0
L 7.79999964 30.45000006 7.79999964 30.74999946 0 P 0
L 7.79999964 32.75000054 7.79999964 33.04999994 0 P 0
L 7.96250376 10.00000032 8.95750304 10.00000032 0 P 0
L 8.14999894 36.20000126 8.44999834 36.20000126 0 P 0
L 8.14999894 37.7000008 8.44999834 37.7000008 0 P 0
L 8.14999894 39.20000034 8.44999834 39.20000034 0 P 0
L 8.1558003 11.176 8.4557997 11.176 0 P 0
L 8.29999864 36.05000156 8.29999864 36.35000096 0 P 0
L 8.29999864 37.5500011 8.29999864 37.8500005 0 P 0
L 8.29999864 39.05000064 8.29999864 39.35000004 0 P 0
L 8.3058 11.0260003 8.3058 11.3259997 0 P 0
L 8.4600034 9.50250068 8.4600034 10.49749996 0 P 0
L 8.55000068 15.00959914 8.85000008 15.00959914 0 P 0
L 8.65000048 22.70000032 8.94999988 22.70000032 0 P 0
L 8.70000038 14.85959944 8.70000038 15.15959884 0 P 0
L 8.75000028 21.20000078 9.04999968 21.20000078 0 P 0
L 8.80000018 22.55000062 8.80000018 22.85000002 0 P 0
L 8.89999998 21.05000108 8.89999998 21.35000048 0 P 0
L 9.18000196 4.21999918 10.27999976 4.21999918 0 P 0
L 9.5782003 8.5598 9.8781997 8.5598 0 P 0
L 9.64999848 24.20000494 9.94999788 24.20000494 0 P 0
L 9.64999848 25.70000448 9.94999788 25.70000448 0 P 0
L 9.64999848 37.7000008 9.94999788 37.7000008 0 P 0
L 9.64999848 39.20000034 9.94999788 39.20000034 0 P 0
L 9.65000102 20.69999924 9.95000042 20.69999924 0 P 0
L 9.7282 8.4098003 9.7282 8.7097997 0 P 0
L 9.73000086 3.67000028 9.73000086 4.76999808 0 P 0
L 9.79999818 24.05000524 9.79999818 24.35000464 0 P 0
L 9.79999818 25.55000478 9.79999818 25.85000418 0 P 0
L 9.79999818 37.5500011 9.79999818 37.8500005 0 P 0
L 9.79999818 39.05000064 9.79999818 39.35000004 0 P 0
L 9.80000072 20.54999954 9.80000072 20.84999894 0 P 0
L 10.15000002 15.29999734 10.44999942 15.29999734 0 P 0
L 10.29999972 15.14999764 10.29999972 15.44999704 0 P 0
L 10.36876768 28.6749998 10.66876708 28.6749998 0 P 0
L 10.51876738 28.5250001 10.51876738 28.8249995 0 P 0
L 10.8736003 8.509 11.1735997 8.509 0 P 0
L 11.0236 8.3590003 11.0236 8.6589997 0 P 0
L 11.14999802 22.7000054 11.44999742 22.7000054 0 P 0
L 11.14999802 24.20000494 11.44999742 24.20000494 0 P 0
L 11.14999802 27.20000402 11.44999742 27.20000402 0 P 0
L 11.14999802 30.2000031 11.44999742 30.2000031 0 P 0
L 11.14999802 37.7000008 11.44999742 37.7000008 0 P 0
L 11.14999802 39.20000034 11.44999742 39.20000034 0 P 0
L 11.15000056 20.69999924 11.44999996 20.69999924 0 P 0
L 11.29999772 22.5500057 11.29999772 22.8500051 0 P 0
L 11.29999772 24.05000524 11.29999772 24.35000464 0 P 0
L 11.29999772 27.05000432 11.29999772 27.35000372 0 P 0
L 11.29999772 30.0500034 11.29999772 30.3500028 0 P 0
L 11.29999772 37.5500011 11.29999772 37.8500005 0 P 0
L 11.29999772 39.05000064 11.29999772 39.35000004 0 P 0
L 11.30000026 20.54999954 11.30000026 20.84999894 0 P 0
L 11.72000196 4.21999918 12.81999976 4.21999918 0 P 0
L 12.21347316 17.43552774 12.51347256 17.43552774 0 P 0
L 12.27000086 3.67000028 12.27000086 4.76999808 0 P 0
L 12.36347286 17.28552804 12.36347286 17.58552744 0 P 0
L 12.5500003 12.3000008 12.8499997 12.3000008 0 P 0
L 12.64999756 22.7000054 12.94999696 22.7000054 0 P 0
L 12.64999756 28.70000356 12.94999696 28.70000356 0 P 0
L 12.64999756 33.20000218 12.94999696 33.20000218 0 P 0
L 12.64999756 37.7000008 12.94999696 37.7000008 0 P 0
L 12.64999756 39.20000034 12.94999696 39.20000034 0 P 0
L 12.6500001 20.69999924 12.9499995 20.69999924 0 P 0
L 12.7 12.1500011 12.7 12.4500005 0 P 0
L 12.79999726 22.5500057 12.79999726 22.8500051 0 P 0
L 12.79999726 28.55000386 12.79999726 28.85000326 0 P 0
L 12.79999726 33.05000248 12.79999726 33.35000188 0 P 0
L 12.79999726 37.5500011 12.79999726 37.8500005 0 P 0
L 12.79999726 39.05000064 12.79999726 39.35000004 0 P 0
L 12.7999998 20.54999954 12.7999998 20.84999894 0 P 0
L 13.04250376 8.98400032 14.03750304 8.98400032 0 P 0
L 13.04250376 11.01600032 14.03750304 11.01600032 0 P 0
L 13.5400034 8.48650068 13.5400034 9.48149996 0 P 0
L 13.5400034 10.51850068 13.5400034 11.51349996 0 P 0
L 14.1499971 27.20000402 14.4499965 27.20000402 0 P 0
L 14.1499971 31.70000264 14.4499965 31.70000264 0 P 0
L 14.1499971 33.20000218 14.4499965 33.20000218 0 P 0
L 14.1499971 34.70000172 14.4499965 34.70000172 0 P 0
L 14.1499971 36.20000126 14.4499965 36.20000126 0 P 0
L 14.1499971 37.7000008 14.4499965 37.7000008 0 P 0
L 14.1499971 39.20000034 14.4499965 39.20000034 0 P 0
L 14.26000196 4.21999918 15.35999976 4.21999918 0 P 0
L 14.2999968 27.05000432 14.2999968 27.35000372 0 P 0
L 14.2999968 31.55000294 14.2999968 31.85000234 0 P 0
L 14.2999968 33.05000248 14.2999968 33.35000188 0 P 0
L 14.2999968 34.55000202 14.2999968 34.85000142 0 P 0
L 14.2999968 36.05000156 14.2999968 36.35000096 0 P 0
L 14.2999968 37.5500011 14.2999968 37.8500005 0 P 0
L 14.2999968 39.05000064 14.2999968 39.35000004 0 P 0
L 14.81000086 3.67000028 14.81000086 4.76999808 0 P 0
L 15.3440003 20.1676 15.6439997 20.1676 0 P 0
L 15.34999978 18.0904007 15.64999918 18.0904007 0 P 0
L 15.494 20.0176003 15.494 20.3175997 0 P 0
L 15.49999948 17.940401 15.49999948 18.2404004 0 P 0
L 15.64999664 25.70000448 15.94999604 25.70000448 0 P 0
L 15.64999664 30.2000031 15.94999604 30.2000031 0 P 0
L 15.64999664 31.70000264 15.94999604 31.70000264 0 P 0
L 15.64999664 33.20000218 15.94999604 33.20000218 0 P 0
L 15.64999664 34.70000172 15.94999604 34.70000172 0 P 0
L 15.64999664 36.20000126 15.94999604 36.20000126 0 P 0
L 15.64999664 37.7000008 15.94999604 37.7000008 0 P 0
L 15.64999664 39.20000034 15.94999604 39.20000034 0 P 0
L 15.79999634 25.55000478 15.79999634 25.85000418 0 P 0
L 15.79999634 30.0500034 15.79999634 30.3500028 0 P 0
L 15.79999634 31.55000294 15.79999634 31.85000234 0 P 0
L 15.79999634 33.05000248 15.79999634 33.35000188 0 P 0
L 15.79999634 34.55000202 15.79999634 34.85000142 0 P 0
L 15.79999634 36.05000156 15.79999634 36.35000096 0 P 0
L 15.79999634 37.5500011 15.79999634 37.8500005 0 P 0
L 15.79999634 39.05000064 15.79999634 39.35000004 0 P 0
L 16.80000196 4.21999918 17.89999976 4.21999918 0 P 0
L 17.14999618 24.20000494 17.44999558 24.20000494 0 P 0
L 17.14999618 28.70000356 17.44999558 28.70000356 0 P 0
L 17.14999618 30.2000031 17.44999558 30.2000031 0 P 0
L 17.14999618 31.70000264 17.44999558 31.70000264 0 P 0
L 17.14999618 33.20000218 17.44999558 33.20000218 0 P 0
L 17.14999618 34.70000172 17.44999558 34.70000172 0 P 0
L 17.14999618 36.20000126 17.44999558 36.20000126 0 P 0
L 17.14999618 37.7000008 17.44999558 37.7000008 0 P 0
L 17.14999618 39.20000034 17.44999558 39.20000034 0 P 0
L 17.29999588 24.05000524 17.29999588 24.35000464 0 P 0
L 17.29999588 28.55000386 17.29999588 28.85000326 0 P 0
L 17.29999588 30.0500034 17.29999588 30.3500028 0 P 0
L 17.29999588 31.55000294 17.29999588 31.85000234 0 P 0
L 17.29999588 33.05000248 17.29999588 33.35000188 0 P 0
L 17.29999588 34.55000202 17.29999588 34.85000142 0 P 0
L 17.29999588 36.05000156 17.29999588 36.35000096 0 P 0
L 17.29999588 37.5500011 17.29999588 37.8500005 0 P 0
L 17.29999588 39.05000064 17.29999588 39.35000004 0 P 0
L 17.35000086 3.67000028 17.35000086 4.76999808 0 P 0
L 17.59335064 17.68964966 17.89335004 17.68964966 0 P 0
L 17.6000029 10.00000032 19.3999993 10.00000032 0 P 0
L 17.74335034 17.53964996 17.74335034 17.83964936 0 P 0
L 18.5000011 9.10000212 18.5000011 10.89999852 0 P 0
L 18.64999572 27.20000402 18.94999512 27.20000402 0 P 0
L 18.64999572 28.70000356 18.94999512 28.70000356 0 P 0
L 18.64999572 30.2000031 18.94999512 30.2000031 0 P 0
L 18.64999572 31.70000264 18.94999512 31.70000264 0 P 0
L 18.64999572 33.20000218 18.94999512 33.20000218 0 P 0
L 18.64999572 34.70000172 18.94999512 34.70000172 0 P 0
L 18.64999572 36.20000126 18.94999512 36.20000126 0 P 0
L 18.64999572 37.7000008 18.94999512 37.7000008 0 P 0
L 18.64999572 39.20000034 18.94999512 39.20000034 0 P 0
L 18.7500006 17.40000076 19.05 17.40000076 0 P 0
L 18.79999542 27.05000432 18.79999542 27.35000372 0 P 0
L 18.79999542 28.55000386 18.79999542 28.85000326 0 P 0
L 18.79999542 30.0500034 18.79999542 30.3500028 0 P 0
L 18.79999542 31.55000294 18.79999542 31.85000234 0 P 0
L 18.79999542 33.05000248 18.79999542 33.35000188 0 P 0
L 18.79999542 34.55000202 18.79999542 34.85000142 0 P 0
L 18.79999542 36.05000156 18.79999542 36.35000096 0 P 0
L 18.79999542 37.5500011 18.79999542 37.8500005 0 P 0
L 18.79999542 39.05000064 18.79999542 39.35000004 0 P 0
L 18.9000003 17.25000106 18.9000003 17.55000046 0 P 0
L 19.2499996 18.0904007 19.549999 18.0904007 0 P 0
L 19.34000196 4.21999918 20.43999976 4.21999918 0 P 0
L 19.3999993 17.940401 19.3999993 18.2404004 0 P 0
L 19.89000086 3.67000028 19.89000086 4.76999808 0 P 0
L 20.14999526 25.70000448 20.44999466 25.70000448 0 P 0
L 20.14999526 27.20000402 20.44999466 27.20000402 0 P 0
L 20.14999526 28.70000356 20.44999466 28.70000356 0 P 0
L 20.14999526 30.2000031 20.44999466 30.2000031 0 P 0
L 20.14999526 31.70000264 20.44999466 31.70000264 0 P 0
L 20.14999526 33.20000218 20.44999466 33.20000218 0 P 0
L 20.14999526 34.70000172 20.44999466 34.70000172 0 P 0
L 20.14999526 36.20000126 20.44999466 36.20000126 0 P 0
L 20.14999526 37.7000008 20.44999466 37.7000008 0 P 0
L 20.14999526 39.20000034 20.44999466 39.20000034 0 P 0
L 20.29999496 25.55000478 20.29999496 25.85000418 0 P 0
L 20.29999496 27.05000432 20.29999496 27.35000372 0 P 0
L 20.29999496 28.55000386 20.29999496 28.85000326 0 P 0
L 20.29999496 30.0500034 20.29999496 30.3500028 0 P 0
L 20.29999496 31.55000294 20.29999496 31.85000234 0 P 0
L 20.29999496 33.05000248 20.29999496 33.35000188 0 P 0
L 20.29999496 34.55000202 20.29999496 34.85000142 0 P 0
L 20.29999496 36.05000156 20.29999496 36.35000096 0 P 0
L 20.29999496 37.5500011 20.29999496 37.8500005 0 P 0
L 20.29999496 39.05000064 20.29999496 39.35000004 0 P 0
L 21.05000108 20.39999984 21.35000048 20.39999984 0 P 0
L 21.05000108 21.59999998 21.35000048 21.59999998 0 P 0
L 21.05000108 22.80000266 21.35000048 22.80000266 0 P 0
L 21.05000108 24.3000022 21.35000048 24.3000022 0 P 0
L 21.05000108 25.6999994 21.35000048 25.6999994 0 P 0
L 21.05000108 27.19999894 21.35000048 27.19999894 0 P 0
L 21.05000108 28.69999848 21.35000048 28.69999848 0 P 0
L 21.05000108 30.20000056 21.35000048 30.20000056 0 P 0
L 21.05000108 31.7000001 21.35000048 31.7000001 0 P 0
L 21.05000108 33.19999964 21.35000048 33.19999964 0 P 0
L 21.05000108 34.69999918 21.35000048 34.69999918 0 P 0
L 21.05000108 36.19999872 21.35000048 36.19999872 0 P 0
L 21.05000108 37.7000008 21.35000048 37.7000008 0 P 0
L 21.05000108 39.20000034 21.35000048 39.20000034 0 P 0
L 21.20000078 20.25000014 21.20000078 20.54999954 0 P 0
L 21.20000078 21.45000028 21.20000078 21.74999968 0 P 0
L 21.20000078 22.65000296 21.20000078 22.95000236 0 P 0
L 21.20000078 24.1500025 21.20000078 24.4500019 0 P 0
L 21.20000078 25.5499997 21.20000078 25.8499991 0 P 0
L 21.20000078 27.04999924 21.20000078 27.34999864 0 P 0
L 21.20000078 28.54999878 21.20000078 28.84999818 0 P 0
L 21.20000078 30.05000086 21.20000078 30.35000026 0 P 0
L 21.20000078 31.5500004 21.20000078 31.8499998 0 P 0
L 21.20000078 33.04999994 21.20000078 33.34999934 0 P 0
L 21.20000078 34.54999948 21.20000078 34.84999888 0 P 0
L 21.20000078 36.04999902 21.20000078 36.34999842 0 P 0
L 21.20000078 37.5500011 21.20000078 37.8500005 0 P 0
L 21.20000078 39.05000064 21.20000078 39.35000004 0 P 0
