UNITS=MM
#Layer_Color=9474304
#
#Feature symbol names
#
$0 r127

#
#Feature attribute names
#

#
#Layer features
#
L 0.65000124 20.39999984 0.95000064 20.39999984 0 P 0
L 0.65000124 21.50000018 0.95000064 21.50000018 0 P 0
L 0.65000124 22.7000054 0.95000064 22.7000054 0 P 0
L 0.65000124 24.20000494 0.95000064 24.20000494 0 P 0
L 0.65000124 25.70000448 0.95000064 25.70000448 0 P 0
L 0.65000124 27.20000402 0.95000064 27.20000402 0 P 0
L 0.65000124 28.70000356 0.95000064 28.70000356 0 P 0
L 0.65000124 30.2000031 0.95000064 30.2000031 0 P 0
L 0.65000124 31.70000264 0.95000064 31.70000264 0 P 0
L 0.65000124 33.20000218 0.95000064 33.20000218 0 P 0
L 0.65000124 34.70000172 0.95000064 34.70000172 0 P 0
L 0.65000124 36.20000126 0.95000064 36.20000126 0 P 0
L 0.65000124 37.7000008 0.95000064 37.7000008 0 P 0
L 0.65000124 39.20000034 0.95000064 39.20000034 0 P 0
L 0.80000094 20.25000014 0.80000094 20.54999954 0 P 0
L 0.80000094 21.35000048 0.80000094 21.64999988 0 P 0
L 0.80000094 22.5500057 0.80000094 22.8500051 0 P 0
L 0.80000094 24.05000524 0.80000094 24.35000464 0 P 0
L 0.80000094 25.55000478 0.80000094 25.85000418 0 P 0
L 0.80000094 27.05000432 0.80000094 27.35000372 0 P 0
L 0.80000094 28.55000386 0.80000094 28.85000326 0 P 0
L 0.80000094 30.0500034 0.80000094 30.3500028 0 P 0
L 0.80000094 31.55000294 0.80000094 31.85000234 0 P 0
L 0.80000094 33.05000248 0.80000094 33.35000188 0 P 0
L 0.80000094 34.55000202 0.80000094 34.85000142 0 P 0
L 0.80000094 36.05000156 0.80000094 36.35000096 0 P 0
L 0.80000094 37.5500011 0.80000094 37.8500005 0 P 0
L 0.80000094 39.05000064 0.80000094 39.35000004 0 P 0
L 1.56000196 4.21999918 2.65999976 4.21999918 0 P 0
L 1.63000436 17.69998492 1.93000376 17.69998492 0 P 0
L 1.78000406 17.54998522 1.78000406 17.84998462 0 P 0
L 1.95000118 20.39999984 2.25000058 20.39999984 0 P 0
L 2.10000088 20.25000014 2.10000088 20.54999954 0 P 0
L 2.11000086 3.67000028 2.11000086 4.76999808 0 P 0
L 2.15000078 22.7000054 2.45000018 22.7000054 0 P 0
L 2.15000078 24.20000494 2.45000018 24.20000494 0 P 0
L 2.15000078 25.70000448 2.45000018 25.70000448 0 P 0
L 2.15000078 27.20000402 2.45000018 27.20000402 0 P 0
L 2.15000078 28.70000356 2.45000018 28.70000356 0 P 0
L 2.15000078 30.2000031 2.45000018 30.2000031 0 P 0
L 2.15000078 31.70000264 2.45000018 31.70000264 0 P 0
L 2.15000078 33.20000218 2.45000018 33.20000218 0 P 0
L 2.15000078 34.70000172 2.45000018 34.70000172 0 P 0
L 2.15000078 36.20000126 2.45000018 36.20000126 0 P 0
L 2.15000078 37.7000008 2.45000018 37.7000008 0 P 0
L 2.15000078 39.20000034 2.45000018 39.20000034 0 P 0
L 2.30000048 22.5500057 2.30000048 22.8500051 0 P 0
L 2.30000048 24.05000524 2.30000048 24.35000464 0 P 0
L 2.30000048 25.55000478 2.30000048 25.85000418 0 P 0
L 2.30000048 27.05000432 2.30000048 27.35000372 0 P 0
L 2.30000048 28.55000386 2.30000048 28.85000326 0 P 0
L 2.30000048 30.0500034 2.30000048 30.3500028 0 P 0
L 2.30000048 31.55000294 2.30000048 31.85000234 0 P 0
L 2.30000048 33.05000248 2.30000048 33.35000188 0 P 0
L 2.30000048 34.55000202 2.30000048 34.85000142 0 P 0
L 2.30000048 36.05000156 2.30000048 36.35000096 0 P 0
L 2.30000048 37.5500011 2.30000048 37.8500005 0 P 0
L 2.30000048 39.05000064 2.30000048 39.35000004 0 P 0
L 2.60000242 10.00000032 4.39999882 10.00000032 0 P 0
L 2.84999938 20.20000024 3.14999878 20.20000024 0 P 0
L 2.99999908 20.05000054 2.99999908 20.34999994 0 P 0
L 3.50000062 9.10000212 3.50000062 10.89999852 0 P 0
L 3.65000032 22.7000054 3.94999972 22.7000054 0 P 0
L 3.65000032 24.20000494 3.94999972 24.20000494 0 P 0
L 3.65000032 25.70000448 3.94999972 25.70000448 0 P 0
L 3.65000032 27.20000402 3.94999972 27.20000402 0 P 0
L 3.65000032 28.70000356 3.94999972 28.70000356 0 P 0
L 3.65000032 30.2000031 3.94999972 30.2000031 0 P 0
L 3.65000032 31.70000264 3.94999972 31.70000264 0 P 0
L 3.65000032 33.20000218 3.94999972 33.20000218 0 P 0
L 3.65000032 34.70000172 3.94999972 34.70000172 0 P 0
L 3.65000032 36.20000126 3.94999972 36.20000126 0 P 0
L 3.65000032 37.7000008 3.94999972 37.7000008 0 P 0
L 3.65000032 39.20000034 3.94999972 39.20000034 0 P 0
L 3.80000002 22.5500057 3.80000002 22.8500051 0 P 0
L 3.80000002 24.05000524 3.80000002 24.35000464 0 P 0
L 3.80000002 25.55000478 3.80000002 25.85000418 0 P 0
L 3.80000002 27.05000432 3.80000002 27.35000372 0 P 0
L 3.80000002 28.55000386 3.80000002 28.85000326 0 P 0
L 3.80000002 30.0500034 3.80000002 30.3500028 0 P 0
L 3.80000002 31.55000294 3.80000002 31.85000234 0 P 0
L 3.80000002 33.05000248 3.80000002 33.35000188 0 P 0
L 3.80000002 34.55000202 3.80000002 34.85000142 0 P 0
L 3.80000002 36.05000156 3.80000002 36.35000096 0 P 0
L 3.80000002 37.5500011 3.80000002 37.8500005 0 P 0
L 3.80000002 39.05000064 3.80000002 39.35000004 0 P 0
L 3.84999992 20.20000024 4.14999932 20.20000024 0 P 0
L 3.99999962 20.05000054 3.99999962 20.34999994 0 P 0
L 4.10000196 4.21999918 5.19999976 4.21999918 0 P 0
L 4.14999932 16.30000042 4.44999872 16.30000042 0 P 0
L 4.29999902 16.15000072 4.29999902 16.45000012 0 P 0
L 4.65000086 3.67000028 4.65000086 4.76999808 0 P 0
L 4.85000046 20.20000024 5.14999986 20.20000024 0 P 0
L 5.00000016 20.05000054 5.00000016 20.34999994 0 P 0
L 5.14999986 24.20000494 5.44999926 24.20000494 0 P 0
L 5.14999986 25.70000448 5.44999926 25.70000448 0 P 0
L 5.14999986 27.20000402 5.44999926 27.20000402 0 P 0
L 5.14999986 30.2000031 5.44999926 30.2000031 0 P 0
L 5.14999986 33.20000218 5.44999926 33.20000218 0 P 0
L 5.14999986 34.70000172 5.44999926 34.70000172 0 P 0
L 5.14999986 36.20000126 5.44999926 36.20000126 0 P 0
L 5.14999986 37.7000008 5.44999926 37.7000008 0 P 0
L 5.14999986 39.20000034 5.44999926 39.20000034 0 P 0
L 5.29999956 24.05000524 5.29999956 24.35000464 0 P 0
L 5.29999956 25.55000478 5.29999956 25.85000418 0 P 0
L 5.29999956 27.05000432 5.29999956 27.35000372 0 P 0
L 5.29999956 30.0500034 5.29999956 30.3500028 0 P 0
L 5.29999956 33.05000248 5.29999956 33.35000188 0 P 0
L 5.29999956 34.55000202 5.29999956 34.85000142 0 P 0
L 5.29999956 36.05000156 5.29999956 36.35000096 0 P 0
L 5.29999956 37.5500011 5.29999956 37.8500005 0 P 0
L 5.29999956 39.05000064 5.29999956 39.35000004 0 P 0
L 5.77499988 28.70000102 6.07499928 28.70000102 0 P 0
L 5.77499988 29.70000156 6.07499928 29.70000156 0 P 0
L 5.77499988 30.69999956 6.07499928 30.69999956 0 P 0
L 5.77499988 31.7000001 6.07499928 31.7000001 0 P 0
L 5.77499988 32.70000064 6.07499928 32.70000064 0 P 0
L 5.850001 20.20000024 6.1500004 20.20000024 0 P 0
L 5.92499958 28.55000132 5.92499958 28.85000072 0 P 0
L 5.92499958 29.55000186 5.92499958 29.85000126 0 P 0
L 5.92499958 30.54999986 5.92499958 30.84999926 0 P 0
L 5.92499958 31.5500004 5.92499958 31.8499998 0 P 0
L 5.92499958 32.55000094 5.92499958 32.85000034 0 P 0
L 6.0000007 20.05000054 6.0000007 20.34999994 0 P 0
L 6.64000196 4.21999918 7.73999976 4.21999918 0 P 0
L 6.85000154 20.20000024 7.15000094 20.20000024 0 P 0
L 7.00000124 20.05000054 7.00000124 20.34999994 0 P 0
L 7.19000086 3.67000028 7.19000086 4.76999808 0 P 0
L 7.94999934 20.49999964 8.24999874 20.49999964 0 P 0
L 7.94999934 26.79999974 8.24999874 26.79999974 0 P 0
L 7.96250122 10.00000032 8.9575005 10.00000032 0 P 0
L 8.09999904 20.34999994 8.09999904 20.64999934 0 P 0
L 8.09999904 26.65000004 8.09999904 26.94999944 0 P 0
L 8.14999894 22.7000054 8.44999834 22.7000054 0 P 0
L 8.14999894 24.20000494 8.44999834 24.20000494 0 P 0
L 8.29999864 22.5500057 8.29999864 22.8500051 0 P 0
L 8.29999864 24.05000524 8.29999864 24.35000464 0 P 0
L 8.45000088 13.99999994 8.75000028 13.99999994 0 P 0
L 8.46000086 9.50250068 8.46000086 10.49749996 0 P 0
L 8.60000058 13.85000024 8.60000058 14.14999964 0 P 0
L 8.8750013 34.59999938 9.1750007 34.59999938 0 P 0
L 8.94999734 17.99999956 9.24999674 17.99999956 0 P 0
L 8.94999988 20.20000024 9.24999928 20.20000024 0 P 0
L 9.025001 34.44999968 9.025001 34.74999908 0 P 0
L 9.09999704 17.84999986 9.09999704 18.14999926 0 P 0
L 9.09999958 20.05000054 9.09999958 20.34999994 0 P 0
L 9.14999948 31.7999999 9.44999888 31.7999999 0 P 0
L 9.14999948 33.80000098 9.44999888 33.80000098 0 P 0
L 9.18000196 4.21999918 10.27999976 4.21999918 0 P 0
L 9.24999928 29.49999942 9.54999868 29.49999942 0 P 0
L 9.29999918 31.6500002 9.29999918 31.9499996 0 P 0
L 9.29999918 33.65000128 9.29999918 33.95000068 0 P 0
L 9.39999898 29.34999972 9.39999898 29.64999912 0 P 0
L 9.55000122 8.40000098 9.85000062 8.40000098 0 P 0
L 9.5749999 7.12499972 9.8749993 7.12499972 0 P 0
L 9.64999848 22.7000054 9.94999788 22.7000054 0 P 0
L 9.64999848 24.20000494 9.94999788 24.20000494 0 P 0
L 9.70000092 8.25000128 9.70000092 8.55000068 0 P 0
L 9.7249996 6.97500002 9.7249996 7.27499942 0 P 0
L 9.73000086 3.67000028 9.73000086 4.76999808 0 P 0
L 9.79999818 22.5500057 9.79999818 22.8500051 0 P 0
L 9.79999818 24.05000524 9.79999818 24.35000464 0 P 0
L 9.94999788 17.99999956 10.24999728 17.99999956 0 P 0
L 9.95000042 16.19699834 10.24999982 16.19699834 0 P 0
L 9.95000042 20.20000024 10.24999982 20.20000024 0 P 0
L 10.09999758 17.84999986 10.09999758 18.14999926 0 P 0
L 10.10000012 16.04699864 10.10000012 16.34699804 0 P 0
L 10.10000012 20.05000054 10.10000012 20.34999994 0 P 0
L 10.15000002 33.80000098 10.44999942 33.80000098 0 P 0
L 10.29999972 33.65000128 10.29999972 33.95000068 0 P 0
L 10.75000136 21.50000018 11.05000076 21.50000018 0 P 0
L 10.90000106 21.35000048 10.90000106 21.64999988 0 P 0
L 11.14999802 24.20000494 11.44999742 24.20000494 0 P 0
L 11.15000056 33.80000098 11.44999996 33.80000098 0 P 0
L 11.29999772 24.05000524 11.29999772 24.35000464 0 P 0
L 11.30000026 33.65000128 11.30000026 33.95000068 0 P 0
L 11.35000016 20.39999984 11.64999956 20.39999984 0 P 0
L 11.49999986 20.25000014 11.49999986 20.54999954 0 P 0
L 11.72000196 4.21999918 12.81999976 4.21999918 0 P 0
L 12.0500013 34.49999958 12.3500007 34.49999958 0 P 0
L 12.1500011 20.39999984 12.4500005 20.39999984 0 P 0
L 12.200001 34.34999988 12.200001 34.64999928 0 P 0
L 12.27000086 3.67000028 12.27000086 4.76999808 0 P 0
L 12.3000008 20.25000014 12.3000008 20.54999954 0 P 0
L 12.4500005 29.59999922 12.7499999 29.59999922 0 P 0
L 12.5500003 17.5030003 12.8499997 17.5030003 0 P 0
L 12.6000002 29.44999952 12.6000002 29.74999892 0 P 0
L 12.64999756 22.7000054 12.94999696 22.7000054 0 P 0
L 12.64999756 31.70000264 12.94999696 31.70000264 0 P 0
L 12.6500001 15.20000008 12.9499995 15.20000008 0 P 0
L 12.7 17.3530006 12.7 17.653 0 P 0
L 12.79999726 22.5500057 12.79999726 22.8500051 0 P 0
L 12.79999726 31.55000294 12.79999726 31.85000234 0 P 0
L 12.7999998 15.05000038 12.7999998 15.34999978 0 P 0
L 12.87500092 34.59999938 13.17500032 34.59999938 0 P 0
L 13.02500062 34.44999968 13.02500062 34.74999908 0 P 0
L 13.04250122 8.98400032 14.0375005 8.98400032 0 P 0
L 13.04250122 11.01600032 14.0375005 11.01600032 0 P 0
L 13.0499993 20.20000024 13.3499987 20.20000024 0 P 0
L 13.199999 20.05000054 13.199999 20.34999994 0 P 0
L 13.3884416 15.93297804 13.688441 15.93297804 0 P 0
L 13.5384413 15.78297834 13.5384413 16.08297774 0 P 0
L 13.54000086 8.48650068 13.54000086 9.48149996 0 P 0
L 13.54000086 10.51850068 13.54000086 11.51349996 0 P 0
L 13.75000044 26.79999974 14.04999984 26.79999974 0 P 0
L 13.90000014 26.65000004 13.90000014 26.94999944 0 P 0
L 14.04999984 20.20000024 14.34999924 20.20000024 0 P 0
L 14.1499971 22.7000054 14.4499965 22.7000054 0 P 0
L 14.1499971 24.20000494 14.4499965 24.20000494 0 P 0
L 14.19999954 20.05000054 14.19999954 20.34999994 0 P 0
L 14.26000196 4.21999918 15.35999976 4.21999918 0 P 0
L 14.2999968 22.5500057 14.2999968 22.8500051 0 P 0
L 14.2999968 24.05000524 14.2999968 24.35000464 0 P 0
L 14.81000086 3.67000028 14.81000086 4.76999808 0 P 0
L 15.04610656 18.0024278 15.34610596 18.0024278 0 P 0
L 15.19610626 17.8524281 15.19610626 18.1524275 0 P 0
L 15.64999664 37.7000008 15.94999604 37.7000008 0 P 0
L 15.79999634 37.5500011 15.79999634 37.8500005 0 P 0
L 16.04999838 17.99999956 16.34999778 17.99999956 0 P 0
L 16.0749996 27.69999794 16.374999 27.69999794 0 P 0
L 16.0749996 28.69999848 16.374999 28.69999848 0 P 0
L 16.19999808 17.84999986 16.19999808 18.14999926 0 P 0
L 16.2249993 27.54999824 16.2249993 27.84999764 0 P 0
L 16.2249993 28.54999878 16.2249993 28.84999818 0 P 0
L 16.80000196 4.21999918 17.89999976 4.21999918 0 P 0
L 17.14999618 30.2000031 17.44999558 30.2000031 0 P 0
L 17.14999618 31.70000264 17.44999558 31.70000264 0 P 0
L 17.14999618 37.7000008 17.44999558 37.7000008 0 P 0
L 17.14999618 39.20000034 17.44999558 39.20000034 0 P 0
L 17.29999588 30.0500034 17.29999588 30.3500028 0 P 0
L 17.29999588 31.55000294 17.29999588 31.85000234 0 P 0
L 17.29999588 37.5500011 17.29999588 37.8500005 0 P 0
L 17.29999588 39.05000064 17.29999588 39.35000004 0 P 0
L 17.35000086 3.67000028 17.35000086 4.76999808 0 P 0
L 17.6000029 10.00000032 19.3999993 10.00000032 0 P 0
L 18.04999946 17.89999976 18.34999886 17.89999976 0 P 0
L 18.19999916 17.75000006 18.19999916 18.04999946 0 P 0
L 18.5000011 9.10000212 18.5000011 10.89999852 0 P 0
L 18.64999572 22.7000054 18.94999512 22.7000054 0 P 0
L 18.64999572 24.20000494 18.94999512 24.20000494 0 P 0
L 18.64999572 25.70000448 18.94999512 25.70000448 0 P 0
L 18.64999572 27.20000402 18.94999512 27.20000402 0 P 0
L 18.64999572 28.70000356 18.94999512 28.70000356 0 P 0
L 18.64999572 30.2000031 18.94999512 30.2000031 0 P 0
L 18.64999572 33.20000218 18.94999512 33.20000218 0 P 0
L 18.64999572 37.7000008 18.94999512 37.7000008 0 P 0
L 18.64999572 39.20000034 18.94999512 39.20000034 0 P 0
L 18.79999542 22.5500057 18.79999542 22.8500051 0 P 0
L 18.79999542 24.05000524 18.79999542 24.35000464 0 P 0
L 18.79999542 25.55000478 18.79999542 25.85000418 0 P 0
L 18.79999542 27.05000432 18.79999542 27.35000372 0 P 0
L 18.79999542 28.55000386 18.79999542 28.85000326 0 P 0
L 18.79999542 30.0500034 18.79999542 30.3500028 0 P 0
L 18.79999542 33.05000248 18.79999542 33.35000188 0 P 0
L 18.79999542 37.5500011 18.79999542 37.8500005 0 P 0
L 18.79999542 39.05000064 18.79999542 39.35000004 0 P 0
L 18.8500004 20.59999944 19.1499998 20.59999944 0 P 0
L 19.0000001 20.44999974 19.0000001 20.74999914 0 P 0
L 19.05 17.89999976 19.3499994 17.89999976 0 P 0
L 19.1999997 17.75000006 19.1999997 18.04999946 0 P 0
L 19.34000196 4.21999918 20.43999976 4.21999918 0 P 0
L 19.89000086 3.67000028 19.89000086 4.76999808 0 P 0
L 20.14999526 31.70000264 20.44999466 31.70000264 0 P 0
L 20.14999526 33.20000218 20.44999466 33.20000218 0 P 0
L 20.14999526 34.70000172 20.44999466 34.70000172 0 P 0
L 20.14999526 36.20000126 20.44999466 36.20000126 0 P 0
L 20.14999526 37.7000008 20.44999466 37.7000008 0 P 0
L 20.14999526 39.20000034 20.44999466 39.20000034 0 P 0
L 20.29999496 31.55000294 20.29999496 31.85000234 0 P 0
L 20.29999496 33.05000248 20.29999496 33.35000188 0 P 0
L 20.29999496 34.55000202 20.29999496 34.85000142 0 P 0
L 20.29999496 36.05000156 20.29999496 36.35000096 0 P 0
L 20.29999496 37.5500011 20.29999496 37.8500005 0 P 0
L 20.29999496 39.05000064 20.29999496 39.35000004 0 P 0
L 21.05000108 20.39999984 21.35000048 20.39999984 0 P 0
L 21.05000108 21.50000018 21.35000048 21.50000018 0 P 0
L 21.05000108 22.70000032 21.35000048 22.70000032 0 P 0
L 21.05000108 24.19999986 21.35000048 24.19999986 0 P 0
L 21.05000108 25.6999994 21.35000048 25.6999994 0 P 0
L 21.05000108 27.19999894 21.35000048 27.19999894 0 P 0
L 21.05000108 28.69999848 21.35000048 28.69999848 0 P 0
L 21.05000108 30.20000056 21.35000048 30.20000056 0 P 0
L 21.05000108 31.7000001 21.35000048 31.7000001 0 P 0
L 21.05000108 33.19999964 21.35000048 33.19999964 0 P 0
L 21.05000108 34.69999918 21.35000048 34.69999918 0 P 0
L 21.05000108 36.19999872 21.35000048 36.19999872 0 P 0
L 21.05000108 37.7000008 21.35000048 37.7000008 0 P 0
L 21.05000108 39.20000034 21.35000048 39.20000034 0 P 0
L 21.20000078 20.25000014 21.20000078 20.54999954 0 P 0
L 21.20000078 21.35000048 21.20000078 21.64999988 0 P 0
L 21.20000078 22.55000062 21.20000078 22.85000002 0 P 0
L 21.20000078 24.05000016 21.20000078 24.34999956 0 P 0
L 21.20000078 25.5499997 21.20000078 25.8499991 0 P 0
L 21.20000078 27.04999924 21.20000078 27.34999864 0 P 0
L 21.20000078 28.54999878 21.20000078 28.84999818 0 P 0
L 21.20000078 30.05000086 21.20000078 30.35000026 0 P 0
L 21.20000078 31.5500004 21.20000078 31.8499998 0 P 0
L 21.20000078 33.04999994 21.20000078 33.34999934 0 P 0
L 21.20000078 34.54999948 21.20000078 34.84999888 0 P 0
L 21.20000078 36.04999902 21.20000078 36.34999842 0 P 0
L 21.20000078 37.5500011 21.20000078 37.8500005 0 P 0
L 21.20000078 39.05000064 21.20000078 39.35000004 0 P 0
