UNITS=MM
#Layer_Color=0
#
#Feature symbol names
#
$0 r49.9999

#
#Feature attribute names
#

#
#Layer features
#
L 15.2990042 16.99998124 15.899003 16.99998124 0 P 0
L 15.29997956 12.60001036 15.89997836 12.60001036 0 P 0
L 15.30001004 8.2000217 15.90000884 8.2000217 0 P 0
L 15.30001004 9.2999941 15.90000884 9.2999941 0 P 0
L 15.30001004 10.4000173 15.90000884 10.4000173 0 P 0
L 15.30001004 11.4999897 15.90000884 11.4999897 0 P 0
L 15.30001004 13.6999853 15.90000884 13.6999853 0 P 0
L 15.30001004 14.8000085 15.90000884 14.8000085 0 P 0
L 15.30001004 15.8999809 15.90000884 15.8999809 0 P 0
L 15.30001004 18.1000273 15.90000884 18.1000273 0 P 0
L 15.30001004 19.5999989 15.90000884 19.5999989 0 P 0
L 15.30001004 21.1000213 15.90000884 21.1000213 0 P 0
L 15.3740358 16.77498804 15.3740358 17.22502524 0 P 0
L 15.3740358 16.77498804 15.8240222 16.77498804 0 P 0
L 15.3740358 17.22502524 15.8240222 17.22502524 0 P 0
L 15.37499084 7.9750285 15.37499084 8.4250149 0 P 0
L 15.37499084 7.9750285 15.82497724 7.9750285 0 P 0
L 15.37499084 8.4250149 15.82497724 8.4250149 0 P 0
L 15.37499084 9.0750009 15.37499084 9.5249873 0 P 0
L 15.37499084 9.0750009 15.82497724 9.0750009 0 P 0
L 15.37499084 9.5249873 15.82497724 9.5249873 0 P 0
L 15.37499084 10.1750241 15.37499084 10.6250105 0 P 0
L 15.37499084 10.1750241 15.82497724 10.1750241 0 P 0
L 15.37499084 10.6250105 15.82497724 10.6250105 0 P 0
L 15.37499084 11.2749965 15.37499084 11.7249829 0 P 0
L 15.37499084 11.2749965 15.82497724 11.2749965 0 P 0
L 15.37499084 11.7249829 15.82497724 11.7249829 0 P 0
L 15.37499084 13.4749921 15.37499084 13.9250293 0 P 0
L 15.37499084 13.4749921 15.82497724 13.4749921 0 P 0
L 15.37499084 13.9250293 15.82497724 13.9250293 0 P 0
L 15.37499084 14.5750153 15.37499084 15.0250017 0 P 0
L 15.37499084 14.5750153 15.82497724 14.5750153 0 P 0
L 15.37499084 15.0250017 15.82497724 15.0250017 0 P 0
L 15.37499084 15.6749877 15.37499084 16.1250249 0 P 0
L 15.37499084 15.6749877 15.82497724 15.6749877 0 P 0
L 15.37499084 16.1250249 15.82497724 16.1250249 0 P 0
L 15.37499084 17.8749833 15.37499084 18.3250205 0 P 0
L 15.37499084 17.8749833 15.82497724 17.8749833 0 P 0
L 15.37499084 18.3250205 15.82497724 18.3250205 0 P 0
L 15.37499084 19.3750057 15.37499084 19.8249921 0 P 0
L 15.37499084 19.3750057 15.82497724 19.3750057 0 P 0
L 15.37499084 19.8249921 15.82497724 19.8249921 0 P 0
L 15.37499084 20.8750281 15.37499084 21.3250145 0 P 0
L 15.37499084 20.8750281 15.82497724 20.8750281 0 P 0
L 15.37499084 21.3250145 15.82497724 21.3250145 0 P 0
L 15.37501116 12.37501716 15.37501116 12.82500356 0 P 0
L 15.37501116 12.37501716 15.82499756 12.37501716 0 P 0
L 15.37501116 12.82500356 15.82499756 12.82500356 0 P 0
L 15.599029 16.70000724 15.599029 17.30000604 0 P 0
L 15.59998404 7.8999969 15.59998404 8.4999957 0 P 0
L 15.59998404 9.0000201 15.59998404 9.6000189 0 P 0
L 15.59998404 10.0999925 15.59998404 10.6999913 0 P 0
L 15.59998404 11.2000157 15.59998404 11.8000145 0 P 0
L 15.59998404 13.4000113 15.59998404 14.0000101 0 P 0
L 15.59998404 14.4999837 15.59998404 15.0999825 0 P 0
L 15.59998404 15.6000069 15.59998404 16.2000057 0 P 0
L 15.59998404 17.8000025 15.59998404 18.4000013 0 P 0
L 15.59998404 19.3000249 15.59998404 19.9000237 0 P 0
L 15.59998404 20.7999965 15.59998404 21.3999953 0 P 0
L 15.60000436 12.29998556 15.60000436 12.89998436 0 P 0
L 15.8240222 16.77498804 15.8240222 17.22502524 0 P 0
L 15.82497724 7.9750285 15.82497724 8.4250149 0 P 0
L 15.82497724 9.0750009 15.82497724 9.5249873 0 P 0
L 15.82497724 10.1750241 15.82497724 10.6250105 0 P 0
L 15.82497724 11.2749965 15.82497724 11.7249829 0 P 0
L 15.82497724 13.4749921 15.82497724 13.9250293 0 P 0
L 15.82497724 14.5750153 15.82497724 15.0250017 0 P 0
L 15.82497724 15.6749877 15.82497724 16.1250249 0 P 0
L 15.82497724 17.8749833 15.82497724 18.3250205 0 P 0
L 15.82497724 19.3750057 15.82497724 19.8249921 0 P 0
L 15.82497724 20.8750281 15.82497724 21.3250145 0 P 0
L 15.82499756 12.37501716 15.82499756 12.82500356 0 P 0
L 16.3999799 12.59999766 16.9999787 12.59999766 0 P 0
L 16.39998244 8.2000217 16.99998124 8.2000217 0 P 0
L 16.39998244 9.2999941 16.99998124 9.2999941 0 P 0
L 16.39998244 10.4000173 16.99998124 10.4000173 0 P 0
L 16.39998244 13.6999853 16.99998124 13.6999853 0 P 0
L 16.39998244 14.8000085 16.99998124 14.8000085 0 P 0
L 16.39998244 17.0000041 16.99998124 17.0000041 0 P 0
L 16.39998244 18.1000273 16.99998124 18.1000273 0 P 0
L 16.39998244 21.1000213 16.99998124 21.1000213 0 P 0
L 16.40000784 11.49999732 17.00000664 11.49999732 0 P 0
L 16.40002054 15.8999809 17.00001934 15.8999809 0 P 0
L 16.47498864 11.27500412 16.47498864 11.72499052 0 P 0
L 16.47498864 11.27500412 16.92497504 11.27500412 0 P 0
L 16.47498864 11.72499052 16.92497504 11.72499052 0 P 0
L 16.47500134 15.6749877 16.47500134 16.1249741 0 P 0
L 16.47500134 15.6749877 16.92498774 15.6749877 0 P 0
L 16.47500134 16.1249741 16.92498774 16.1249741 0 P 0
L 16.4750115 12.37500446 16.4750115 12.82499086 0 P 0
L 16.4750115 12.37500446 16.9249979 12.37500446 0 P 0
L 16.4750115 12.82499086 16.9249979 12.82499086 0 P 0
L 16.47501404 7.9750285 16.47501404 8.4250149 0 P 0
L 16.47501404 7.9750285 16.92500044 7.9750285 0 P 0
L 16.47501404 8.4250149 16.92500044 8.4250149 0 P 0
L 16.47501404 9.0750009 16.47501404 9.5249873 0 P 0
L 16.47501404 9.0750009 16.92500044 9.0750009 0 P 0
L 16.47501404 9.5249873 16.92500044 9.5249873 0 P 0
L 16.47501404 10.1750241 16.47501404 10.6250105 0 P 0
L 16.47501404 10.1750241 16.92500044 10.1750241 0 P 0
L 16.47501404 10.6250105 16.92500044 10.6250105 0 P 0
L 16.47501404 13.4749921 16.47501404 13.9250293 0 P 0
L 16.47501404 13.4749921 16.92500044 13.4749921 0 P 0
L 16.47501404 13.9250293 16.92500044 13.9250293 0 P 0
L 16.47501404 14.5750153 16.47501404 15.0250017 0 P 0
L 16.47501404 14.5750153 16.92500044 14.5750153 0 P 0
L 16.47501404 15.0250017 16.92500044 15.0250017 0 P 0
L 16.47501404 16.7750109 16.47501404 17.2249973 0 P 0
L 16.47501404 16.7750109 16.92500044 16.7750109 0 P 0
L 16.47501404 17.2249973 16.92500044 17.2249973 0 P 0
L 16.47501404 17.8749833 16.47501404 18.3250205 0 P 0
L 16.47501404 17.8749833 16.92500044 17.8749833 0 P 0
L 16.47501404 18.3250205 16.92500044 18.3250205 0 P 0
L 16.47501404 20.8750281 16.47501404 21.3250145 0 P 0
L 16.47501404 20.8750281 16.92500044 20.8750281 0 P 0
L 16.47501404 21.3250145 16.92500044 21.3250145 0 P 0
L 16.69998184 11.19997252 16.69998184 11.79997132 0 P 0
L 16.69999454 15.6000069 16.69999454 16.2000057 0 P 0
L 16.7000047 12.30002366 16.7000047 12.90002246 0 P 0
L 16.70000724 7.8999969 16.70000724 8.4999957 0 P 0
L 16.70000724 9.0000201 16.70000724 9.6000189 0 P 0
L 16.70000724 10.0999925 16.70000724 10.6999913 0 P 0
L 16.70000724 13.4000113 16.70000724 14.0000101 0 P 0
L 16.70000724 14.4999837 16.70000724 15.0999825 0 P 0
L 16.70000724 16.7000301 16.70000724 17.3000289 0 P 0
L 16.70000724 17.8000025 16.70000724 18.4000013 0 P 0
L 16.70000724 20.7999965 16.70000724 21.3999953 0 P 0
L 16.92497504 11.27500412 16.92497504 11.72499052 0 P 0
L 16.92498774 15.6749877 16.92498774 16.1249741 0 P 0
L 16.9249979 12.37500446 16.9249979 12.82499086 0 P 0
L 16.92500044 7.9750285 16.92500044 8.4250149 0 P 0
L 16.92500044 9.0750009 16.92500044 9.5249873 0 P 0
L 16.92500044 10.1750241 16.92500044 10.6250105 0 P 0
L 16.92500044 13.4749921 16.92500044 13.9250293 0 P 0
L 16.92500044 14.5750153 16.92500044 15.0250017 0 P 0
L 16.92500044 16.7750109 16.92500044 17.2249973 0 P 0
L 16.92500044 17.8749833 16.92500044 18.3250205 0 P 0
L 16.92500044 20.8750281 16.92500044 21.3250145 0 P 0
L 17.50000564 8.2000217 18.10000444 8.2000217 0 P 0
L 17.50000564 9.2999941 18.10000444 9.2999941 0 P 0
L 17.50000564 11.4999897 18.10000444 11.4999897 0 P 0
L 17.50000564 12.6000129 18.10000444 12.6000129 0 P 0
L 17.50000564 13.6999853 18.10000444 13.6999853 0 P 0
L 17.50000564 14.8000085 18.10000444 14.8000085 0 P 0
L 17.50000564 15.8999809 18.10000444 15.8999809 0 P 0
L 17.50000564 17.0000041 18.10000444 17.0000041 0 P 0
L 17.50000564 18.1000273 18.10000444 18.1000273 0 P 0
L 17.57498644 7.9750285 17.57498644 8.4250149 0 P 0
L 17.57498644 7.9750285 18.02502364 7.9750285 0 P 0
L 17.57498644 8.4250149 18.02502364 8.4250149 0 P 0
L 17.57498644 9.0750009 17.57498644 9.5249873 0 P 0
L 17.57498644 9.0750009 18.02502364 9.0750009 0 P 0
L 17.57498644 9.5249873 18.02502364 9.5249873 0 P 0
L 17.57498644 11.2749965 17.57498644 11.7249829 0 P 0
L 17.57498644 11.2749965 18.02502364 11.2749965 0 P 0
L 17.57498644 11.7249829 18.02502364 11.7249829 0 P 0
L 17.57498644 12.3750197 17.57498644 12.8250061 0 P 0
L 17.57498644 12.3750197 18.02502364 12.3750197 0 P 0
L 17.57498644 12.8250061 18.02502364 12.8250061 0 P 0
L 17.57498644 13.4749921 17.57498644 13.9250293 0 P 0
L 17.57498644 13.4749921 18.02502364 13.4749921 0 P 0
L 17.57498644 13.9250293 18.02502364 13.9250293 0 P 0
L 17.57498644 14.5750153 17.57498644 15.0250017 0 P 0
L 17.57498644 14.5750153 18.02502364 14.5750153 0 P 0
L 17.57498644 15.0250017 18.02502364 15.0250017 0 P 0
L 17.57498644 15.6749877 17.57498644 16.1250249 0 P 0
L 17.57498644 15.6749877 18.02502364 15.6749877 0 P 0
L 17.57498644 16.1250249 18.02502364 16.1250249 0 P 0
L 17.57498644 16.7750109 17.57498644 17.2249973 0 P 0
L 17.57498644 16.7750109 18.02502364 16.7750109 0 P 0
L 17.57498644 17.2249973 18.02502364 17.2249973 0 P 0
L 17.57498644 17.8749833 17.57498644 18.3250205 0 P 0
L 17.57498644 17.8749833 18.02502364 17.8749833 0 P 0
L 17.57498644 18.3250205 18.02502364 18.3250205 0 P 0
L 17.79997964 7.8999969 17.79997964 8.4999957 0 P 0
L 17.79997964 9.0000201 17.79997964 9.6000189 0 P 0
L 17.79997964 11.2000157 17.79997964 11.8000145 0 P 0
L 17.79997964 12.2999881 17.79997964 12.8999869 0 P 0
L 17.79997964 13.4000113 17.79997964 14.0000101 0 P 0
L 17.79997964 14.4999837 17.79997964 15.0999825 0 P 0
L 17.79997964 15.6000069 17.79997964 16.2000057 0 P 0
L 17.79997964 16.7000301 17.79997964 17.3000289 0 P 0
L 17.79997964 17.8000025 17.79997964 18.4000013 0 P 0
L 18.02502364 7.9750285 18.02502364 8.4250149 0 P 0
L 18.02502364 9.0750009 18.02502364 9.5249873 0 P 0
L 18.02502364 11.2749965 18.02502364 11.7249829 0 P 0
L 18.02502364 12.3750197 18.02502364 12.8250061 0 P 0
L 18.02502364 13.4749921 18.02502364 13.9250293 0 P 0
L 18.02502364 14.5750153 18.02502364 15.0250017 0 P 0
L 18.02502364 15.6749877 18.02502364 16.1250249 0 P 0
L 18.02502364 16.7750109 18.02502364 17.2249973 0 P 0
L 18.02502364 17.8749833 18.02502364 18.3250205 0 P 0
L 18.59997804 8.2000217 19.19997684 8.2000217 0 P 0
L 18.59997804 9.2999941 19.19997684 9.2999941 0 P 0
L 18.59997804 10.4000173 19.19997684 10.4000173 0 P 0
L 18.67500964 7.9750285 18.67500964 8.4250149 0 P 0
L 18.67500964 7.9750285 19.12499604 7.9750285 0 P 0
L 18.67500964 8.4250149 19.12499604 8.4250149 0 P 0
L 18.67500964 9.0750009 18.67500964 9.5249873 0 P 0
L 18.67500964 9.0750009 19.12499604 9.0750009 0 P 0
L 18.67500964 9.5249873 19.12499604 9.5249873 0 P 0
L 18.67500964 10.1750241 18.67500964 10.6250105 0 P 0
L 18.67500964 10.1750241 19.12499604 10.1750241 0 P 0
L 18.67500964 10.6250105 19.12499604 10.6250105 0 P 0
L 18.90000284 7.8999969 18.90000284 8.4999957 0 P 0
L 18.90000284 9.0000201 18.90000284 9.6000189 0 P 0
L 18.90000284 10.0999925 18.90000284 10.6999913 0 P 0
L 19.12499604 7.9750285 19.12499604 8.4250149 0 P 0
L 19.12499604 9.0750009 19.12499604 9.5249873 0 P 0
L 19.12499604 10.1750241 19.12499604 10.6250105 0 P 0
L 19.15002774 12.6000002 19.75002654 12.6000002 0 P 0
L 19.15002774 13.70000054 19.75002654 13.70000054 0 P 0
L 19.15002774 14.7999958 19.75002654 14.7999958 0 P 0
L 19.15002774 17.00000156 19.75002654 17.00000156 0 P 0
L 19.22500854 12.375007 19.22500854 12.8249934 0 P 0
L 19.22500854 12.375007 19.67504574 12.375007 0 P 0
L 19.22500854 12.8249934 19.67504574 12.8249934 0 P 0
L 19.22500854 13.47500734 19.22500854 13.92499374 0 P 0
L 19.22500854 13.47500734 19.67504574 13.47500734 0 P 0
L 19.22500854 13.92499374 19.67504574 13.92499374 0 P 0
L 19.22500854 14.5750026 19.22500854 15.024989 0 P 0
L 19.22500854 14.5750026 19.67504574 14.5750026 0 P 0
L 19.22500854 15.024989 19.67504574 15.024989 0 P 0
L 19.22500854 16.77500836 19.22500854 17.22499476 0 P 0
L 19.22500854 16.77500836 19.67504574 16.77500836 0 P 0
L 19.22500854 17.22499476 19.67504574 17.22499476 0 P 0
L 19.45000174 12.2999754 19.45000174 12.8999742 0 P 0
L 19.45000174 13.39997574 19.45000174 13.99997454 0 P 0
L 19.45000174 14.499971 19.45000174 15.0999698 0 P 0
L 19.45000174 16.69997676 19.45000174 17.29997556 0 P 0
L 19.67504574 12.375007 19.67504574 12.8249934 0 P 0
L 19.67504574 13.47500734 19.67504574 13.92499374 0 P 0
L 19.67504574 14.5750026 19.67504574 15.024989 0 P 0
L 19.67504574 16.77500836 19.67504574 17.22499476 0 P 0
L 19.70000124 8.2000217 20.30000004 8.2000217 0 P 0
L 19.70000124 9.2999941 20.30000004 9.2999941 0 P 0
L 19.70000124 10.4000173 20.30000004 10.4000173 0 P 0
L 19.70000124 18.1000273 20.30000004 18.1000273 0 P 0
L 19.77498204 7.9750285 19.77498204 8.4250149 0 P 0
L 19.77498204 7.9750285 20.22501924 7.9750285 0 P 0
L 19.77498204 8.4250149 20.22501924 8.4250149 0 P 0
L 19.77498204 9.0750009 19.77498204 9.5249873 0 P 0
L 19.77498204 9.0750009 20.22501924 9.0750009 0 P 0
L 19.77498204 9.5249873 20.22501924 9.5249873 0 P 0
L 19.77498204 10.1750241 19.77498204 10.6250105 0 P 0
L 19.77498204 10.1750241 20.22501924 10.1750241 0 P 0
L 19.77498204 10.6250105 20.22501924 10.6250105 0 P 0
L 19.77498204 17.8749833 19.77498204 18.3250205 0 P 0
L 19.77498204 17.8749833 20.22501924 17.8749833 0 P 0
L 19.77498204 18.3250205 20.22501924 18.3250205 0 P 0
L 19.99997524 7.8999969 19.99997524 8.4999957 0 P 0
L 19.99997524 9.0000201 19.99997524 9.6000189 0 P 0
L 19.99997524 10.0999925 19.99997524 10.6999913 0 P 0
L 19.99997524 17.8000025 19.99997524 18.4000013 0 P 0
L 20.22501924 7.9750285 20.22501924 8.4250149 0 P 0
L 20.22501924 9.0750009 20.22501924 9.5249873 0 P 0
L 20.22501924 10.1750241 20.22501924 10.6250105 0 P 0
L 20.22501924 17.8749833 20.22501924 18.3250205 0 P 0
L 20.25002554 12.6000002 20.85002434 12.6000002 0 P 0
L 20.25002554 13.70000054 20.85002434 13.70000054 0 P 0
L 20.25002554 14.7999958 20.85002434 14.7999958 0 P 0
L 20.25002554 17.00000156 20.85002434 17.00000156 0 P 0
L 20.32500634 12.375007 20.32500634 12.8249934 0 P 0
L 20.32500634 12.375007 20.77504354 12.375007 0 P 0
L 20.32500634 12.8249934 20.77504354 12.8249934 0 P 0
L 20.32500634 13.47500734 20.32500634 13.92499374 0 P 0
L 20.32500634 13.47500734 20.77504354 13.47500734 0 P 0
L 20.32500634 13.92499374 20.77504354 13.92499374 0 P 0
L 20.32500634 14.5750026 20.32500634 15.024989 0 P 0
L 20.32500634 14.5750026 20.77504354 14.5750026 0 P 0
L 20.32500634 15.024989 20.77504354 15.024989 0 P 0
L 20.32500634 16.77500836 20.32500634 17.22499476 0 P 0
L 20.32500634 16.77500836 20.77504354 16.77500836 0 P 0
L 20.32500634 17.22499476 20.77504354 17.22499476 0 P 0
L 20.54999954 12.2999754 20.54999954 12.8999742 0 P 0
L 20.54999954 13.39997574 20.54999954 13.99997454 0 P 0
L 20.54999954 14.499971 20.54999954 15.0999698 0 P 0
L 20.54999954 16.69997676 20.54999954 17.29997556 0 P 0
L 20.77504354 12.375007 20.77504354 12.8249934 0 P 0
L 20.77504354 13.47500734 20.77504354 13.92499374 0 P 0
L 20.77504354 14.5750026 20.77504354 15.024989 0 P 0
L 20.77504354 16.77500836 20.77504354 17.22499476 0 P 0
L 20.79997364 8.2000217 21.39997244 8.2000217 0 P 0
L 20.79997364 9.2999941 21.39997244 9.2999941 0 P 0
L 20.79997364 10.4000173 21.39997244 10.4000173 0 P 0
L 20.87500524 7.9750285 20.87500524 8.4250149 0 P 0
L 20.87500524 7.9750285 21.32499164 7.9750285 0 P 0
L 20.87500524 8.4250149 21.32499164 8.4250149 0 P 0
L 20.87500524 9.0750009 20.87500524 9.5249873 0 P 0
L 20.87500524 9.0750009 21.32499164 9.0750009 0 P 0
L 20.87500524 9.5249873 21.32499164 9.5249873 0 P 0
L 20.87500524 10.1750241 20.87500524 10.6250105 0 P 0
L 20.87500524 10.1750241 21.32499164 10.1750241 0 P 0
L 20.87500524 10.6250105 21.32499164 10.6250105 0 P 0
L 21.09999844 7.8999969 21.09999844 8.4999957 0 P 0
L 21.09999844 9.0000201 21.09999844 9.6000189 0 P 0
L 21.09999844 10.0999925 21.09999844 10.6999913 0 P 0
L 21.32499164 7.9750285 21.32499164 8.4250149 0 P 0
L 21.32499164 9.0750009 21.32499164 9.5249873 0 P 0
L 21.32499164 10.1750241 21.32499164 10.6250105 0 P 0
L 21.89999684 8.2000217 22.49999564 8.2000217 0 P 0
L 21.89999684 9.2999941 22.49999564 9.2999941 0 P 0
L 21.89999684 11.4999897 22.49999564 11.4999897 0 P 0
L 21.89999684 12.6000129 22.49999564 12.6000129 0 P 0
L 21.89999684 13.6999853 22.49999564 13.6999853 0 P 0
L 21.89999684 15.8999809 22.49999564 15.8999809 0 P 0
L 21.89999684 17.0000041 22.49999564 17.0000041 0 P 0
L 21.89999684 18.1000273 22.49999564 18.1000273 0 P 0
L 21.9000197 14.80001358 22.5000185 14.80001358 0 P 0
L 21.97497764 7.9750285 21.97497764 8.4250149 0 P 0
L 21.97497764 7.9750285 22.42501484 7.9750285 0 P 0
L 21.97497764 8.4250149 22.42501484 8.4250149 0 P 0
L 21.97497764 9.0750009 21.97497764 9.5249873 0 P 0
L 21.97497764 9.0750009 22.42501484 9.0750009 0 P 0
L 21.97497764 9.5249873 22.42501484 9.5249873 0 P 0
L 21.97497764 11.2749965 21.97497764 11.7249829 0 P 0
L 21.97497764 11.2749965 22.42501484 11.2749965 0 P 0
L 21.97497764 11.7249829 22.42501484 11.7249829 0 P 0
L 21.97497764 12.3750197 21.97497764 12.8250061 0 P 0
L 21.97497764 12.3750197 22.42501484 12.3750197 0 P 0
L 21.97497764 12.8250061 22.42501484 12.8250061 0 P 0
L 21.97497764 13.4749921 21.97497764 13.9250293 0 P 0
L 21.97497764 13.4749921 22.42501484 13.4749921 0 P 0
L 21.97497764 13.9250293 22.42501484 13.9250293 0 P 0
L 21.97497764 15.6749877 21.97497764 16.1250249 0 P 0
L 21.97497764 15.6749877 22.42501484 15.6749877 0 P 0
L 21.97497764 16.1250249 22.42501484 16.1250249 0 P 0
L 21.97497764 16.7750109 21.97497764 17.2249973 0 P 0
L 21.97497764 16.7750109 22.42501484 16.7750109 0 P 0
L 21.97497764 17.2249973 22.42501484 17.2249973 0 P 0
L 21.97497764 17.8749833 21.97497764 18.3250205 0 P 0
L 21.97497764 17.8749833 22.42501484 17.8749833 0 P 0
L 21.97497764 18.3250205 22.42501484 18.3250205 0 P 0
L 21.9750005 14.57502038 21.9750005 15.02500678 0 P 0
L 21.9750005 14.57502038 22.4249869 14.57502038 0 P 0
L 21.9750005 15.02500678 22.4249869 15.02500678 0 P 0
L 22.1999937 14.49998878 22.1999937 15.09998758 0 P 0
L 22.20002164 7.8999969 22.20002164 8.4999957 0 P 0
L 22.20002164 9.0000201 22.20002164 9.6000189 0 P 0
L 22.20002164 11.2000157 22.20002164 11.8000145 0 P 0
L 22.20002164 12.2999881 22.20002164 12.8999869 0 P 0
L 22.20002164 13.4000113 22.20002164 14.0000101 0 P 0
L 22.20002164 15.6000069 22.20002164 16.2000057 0 P 0
L 22.20002164 16.7000301 22.20002164 17.3000289 0 P 0
L 22.20002164 17.8000025 22.20002164 18.4000013 0 P 0
L 22.4249869 14.57502038 22.4249869 15.02500678 0 P 0
L 22.42501484 7.9750285 22.42501484 8.4250149 0 P 0
L 22.42501484 9.0750009 22.42501484 9.5249873 0 P 0
L 22.42501484 11.2749965 22.42501484 11.7249829 0 P 0
L 22.42501484 12.3750197 22.42501484 12.8250061 0 P 0
L 22.42501484 13.4749921 22.42501484 13.9250293 0 P 0
L 22.42501484 15.6749877 22.42501484 16.1250249 0 P 0
L 22.42501484 16.7750109 22.42501484 17.2249973 0 P 0
L 22.42501484 17.8749833 22.42501484 18.3250205 0 P 0
L 22.99996924 14.8000085 23.59996804 14.8000085 0 P 0
L 23.00002004 8.2000217 23.60001884 8.2000217 0 P 0
L 23.00002004 9.2999941 23.60001884 9.2999941 0 P 0
L 23.00002004 10.4000173 23.60001884 10.4000173 0 P 0
L 23.00002004 11.4999897 23.60001884 11.4999897 0 P 0
L 23.00002004 12.6000129 23.60001884 12.6000129 0 P 0
L 23.00002004 13.6999853 23.60001884 13.6999853 0 P 0
L 23.00002004 15.8999809 23.60001884 15.8999809 0 P 0
L 23.00002004 17.0000041 23.60001884 17.0000041 0 P 0
L 23.00002004 18.1000273 23.60001884 18.1000273 0 P 0
L 23.00002004 21.1000213 23.60001884 21.1000213 0 P 0
L 23.07495004 14.5750153 23.07495004 15.0250017 0 P 0
L 23.07495004 14.5750153 23.52498724 14.5750153 0 P 0
L 23.07495004 15.0250017 23.52498724 15.0250017 0 P 0
L 23.07500084 7.9750285 23.07500084 8.4250149 0 P 0
L 23.07500084 7.9750285 23.52498724 7.9750285 0 P 0
L 23.07500084 8.4250149 23.52498724 8.4250149 0 P 0
L 23.07500084 9.0750009 23.07500084 9.5249873 0 P 0
L 23.07500084 9.0750009 23.52498724 9.0750009 0 P 0
L 23.07500084 9.5249873 23.52498724 9.5249873 0 P 0
L 23.07500084 10.1750241 23.07500084 10.6250105 0 P 0
L 23.07500084 10.1750241 23.52498724 10.1750241 0 P 0
L 23.07500084 10.6250105 23.52498724 10.6250105 0 P 0
L 23.07500084 11.2749965 23.07500084 11.7249829 0 P 0
L 23.07500084 11.2749965 23.52498724 11.2749965 0 P 0
L 23.07500084 11.7249829 23.52498724 11.7249829 0 P 0
L 23.07500084 12.3750197 23.07500084 12.8250061 0 P 0
L 23.07500084 12.3750197 23.52498724 12.3750197 0 P 0
L 23.07500084 12.8250061 23.52498724 12.8250061 0 P 0
L 23.07500084 13.4749921 23.07500084 13.9250293 0 P 0
L 23.07500084 13.4749921 23.52498724 13.4749921 0 P 0
L 23.07500084 13.9250293 23.52498724 13.9250293 0 P 0
L 23.07500084 15.6749877 23.07500084 16.1250249 0 P 0
L 23.07500084 15.6749877 23.52498724 15.6749877 0 P 0
L 23.07500084 16.1250249 23.52498724 16.1250249 0 P 0
L 23.07500084 16.7750109 23.07500084 17.2249973 0 P 0
L 23.07500084 16.7750109 23.52498724 16.7750109 0 P 0
L 23.07500084 17.2249973 23.52498724 17.2249973 0 P 0
L 23.07500084 17.8749833 23.07500084 18.3250205 0 P 0
L 23.07500084 17.8749833 23.52498724 17.8749833 0 P 0
L 23.07500084 18.3250205 23.52498724 18.3250205 0 P 0
L 23.07500084 20.8750281 23.07500084 21.3250145 0 P 0
L 23.07500084 20.8750281 23.52498724 20.8750281 0 P 0
L 23.07500084 21.3250145 23.52498724 21.3250145 0 P 0
L 23.29999404 7.8999969 23.29999404 8.4999957 0 P 0
L 23.29999404 9.0000201 23.29999404 9.6000189 0 P 0
L 23.29999404 10.0999925 23.29999404 10.6999913 0 P 0
L 23.29999404 11.2000157 23.29999404 11.8000145 0 P 0
L 23.29999404 12.2999881 23.29999404 12.8999869 0 P 0
L 23.29999404 13.4000113 23.29999404 14.0000101 0 P 0
L 23.29999404 14.4999837 23.29999404 15.0999825 0 P 0
L 23.29999404 15.6000069 23.29999404 16.2000057 0 P 0
L 23.29999404 16.7000301 23.29999404 17.3000289 0 P 0
L 23.29999404 17.8000025 23.29999404 18.4000013 0 P 0
L 23.29999404 20.7999965 23.29999404 21.3999953 0 P 0
L 23.52498724 7.9750285 23.52498724 8.4250149 0 P 0
L 23.52498724 9.0750009 23.52498724 9.5249873 0 P 0
L 23.52498724 10.1750241 23.52498724 10.6250105 0 P 0
L 23.52498724 11.2749965 23.52498724 11.7249829 0 P 0
L 23.52498724 12.3750197 23.52498724 12.8250061 0 P 0
L 23.52498724 13.4749921 23.52498724 13.9250293 0 P 0
L 23.52498724 14.5750153 23.52498724 15.0250017 0 P 0
L 23.52498724 15.6749877 23.52498724 16.1250249 0 P 0
L 23.52498724 16.7750109 23.52498724 17.2249973 0 P 0
L 23.52498724 17.8749833 23.52498724 18.3250205 0 P 0
L 23.52498724 20.8750281 23.52498724 21.3250145 0 P 0
L 24.09999244 8.2000217 24.69999124 8.2000217 0 P 0
L 24.09999244 9.2999941 24.69999124 9.2999941 0 P 0
L 24.09999244 10.4000173 24.69999124 10.4000173 0 P 0
L 24.09999244 11.4999897 24.69999124 11.4999897 0 P 0
L 24.09999244 12.6000129 24.69999124 12.6000129 0 P 0
L 24.09999244 13.6999853 24.69999124 13.6999853 0 P 0
L 24.09999244 14.8000085 24.69999124 14.8000085 0 P 0
L 24.09999244 15.8999809 24.69999124 15.8999809 0 P 0
L 24.09999244 17.0000041 24.69999124 17.0000041 0 P 0
L 24.09999244 18.1000273 24.69999124 18.1000273 0 P 0
L 24.09999244 19.5999989 24.69999124 19.5999989 0 P 0
L 24.09999244 21.1000213 24.69999124 21.1000213 0 P 0
L 24.17497324 7.9750285 24.17497324 8.4250149 0 P 0
L 24.17497324 7.9750285 24.62501044 7.9750285 0 P 0
L 24.17497324 8.4250149 24.62501044 8.4250149 0 P 0
L 24.17497324 9.0750009 24.17497324 9.5249873 0 P 0
L 24.17497324 9.0750009 24.62501044 9.0750009 0 P 0
L 24.17497324 9.5249873 24.62501044 9.5249873 0 P 0
L 24.17497324 10.1750241 24.17497324 10.6250105 0 P 0
L 24.17497324 10.1750241 24.62501044 10.1750241 0 P 0
L 24.17497324 10.6250105 24.62501044 10.6250105 0 P 0
L 24.17497324 11.2749965 24.17497324 11.7249829 0 P 0
L 24.17497324 11.2749965 24.62501044 11.2749965 0 P 0
L 24.17497324 11.7249829 24.62501044 11.7249829 0 P 0
L 24.17497324 12.3750197 24.17497324 12.8250061 0 P 0
L 24.17497324 12.3750197 24.62501044 12.3750197 0 P 0
L 24.17497324 12.8250061 24.62501044 12.8250061 0 P 0
L 24.17497324 13.4749921 24.17497324 13.9250293 0 P 0
L 24.17497324 13.4749921 24.62501044 13.4749921 0 P 0
L 24.17497324 13.9250293 24.62501044 13.9250293 0 P 0
L 24.17497324 14.5750153 24.17497324 15.0250017 0 P 0
L 24.17497324 14.5750153 24.62501044 14.5750153 0 P 0
L 24.17497324 15.0250017 24.62501044 15.0250017 0 P 0
L 24.17497324 15.6749877 24.17497324 16.1250249 0 P 0
L 24.17497324 15.6749877 24.62501044 15.6749877 0 P 0
L 24.17497324 16.1250249 24.62501044 16.1250249 0 P 0
L 24.17497324 16.7750109 24.17497324 17.2249973 0 P 0
L 24.17497324 16.7750109 24.62501044 16.7750109 0 P 0
L 24.17497324 17.2249973 24.62501044 17.2249973 0 P 0
L 24.17497324 17.8749833 24.17497324 18.3250205 0 P 0
L 24.17497324 17.8749833 24.62501044 17.8749833 0 P 0
L 24.17497324 18.3250205 24.62501044 18.3250205 0 P 0
L 24.17497324 19.3750057 24.17497324 19.8249921 0 P 0
L 24.17497324 19.3750057 24.62501044 19.3750057 0 P 0
L 24.17497324 19.8249921 24.62501044 19.8249921 0 P 0
L 24.17497324 20.8750281 24.17497324 21.3250145 0 P 0
L 24.17497324 20.8750281 24.62501044 20.8750281 0 P 0
L 24.17497324 21.3250145 24.62501044 21.3250145 0 P 0
L 24.40001724 7.8999969 24.40001724 8.4999957 0 P 0
L 24.40001724 9.0000201 24.40001724 9.6000189 0 P 0
L 24.40001724 10.0999925 24.40001724 10.6999913 0 P 0
L 24.40001724 11.2000157 24.40001724 11.8000145 0 P 0
L 24.40001724 12.2999881 24.40001724 12.8999869 0 P 0
L 24.40001724 13.4000113 24.40001724 14.0000101 0 P 0
L 24.40001724 14.4999837 24.40001724 15.0999825 0 P 0
L 24.40001724 15.6000069 24.40001724 16.2000057 0 P 0
L 24.40001724 16.7000301 24.40001724 17.3000289 0 P 0
L 24.40001724 17.8000025 24.40001724 18.4000013 0 P 0
L 24.40001724 19.3000249 24.40001724 19.9000237 0 P 0
L 24.40001724 20.7999965 24.40001724 21.3999953 0 P 0
L 24.62501044 7.9750285 24.62501044 8.4250149 0 P 0
L 24.62501044 9.0750009 24.62501044 9.5249873 0 P 0
L 24.62501044 10.1750241 24.62501044 10.6250105 0 P 0
L 24.62501044 11.2749965 24.62501044 11.7249829 0 P 0
L 24.62501044 12.3750197 24.62501044 12.8250061 0 P 0
L 24.62501044 13.4749921 24.62501044 13.9250293 0 P 0
L 24.62501044 14.5750153 24.62501044 15.0250017 0 P 0
L 24.62501044 15.6749877 24.62501044 16.1250249 0 P 0
L 24.62501044 16.7750109 24.62501044 17.2249973 0 P 0
L 24.62501044 17.8749833 24.62501044 18.3250205 0 P 0
L 24.62501044 19.3750057 24.62501044 19.8249921 0 P 0
L 24.62501044 20.8750281 24.62501044 21.3250145 0 P 0
