UNITS=MM
#Layer_Color=9474304
#
#Feature symbol names
#
$0 r127

#
#Feature attribute names
#

#
#Layer features
#
L 0.85000084 33.32500066 1.15000024 33.32500066 0 P 0
L 1.00000054 33.17500096 1.00000054 33.47500036 0 P 0
L 1.40894308 20.52357592 1.70894248 20.52357592 0 P 0
L 1.55894278 20.37357622 1.55894278 20.67357562 0 P 0
L 1.56000196 4.21999918 2.65999976 4.21999918 0 P 0
L 1.85000138 24.25000484 2.15000078 24.25000484 0 P 0
L 1.85000138 27.50000088 2.15000078 27.50000088 0 P 0
L 2.00000108 24.10000514 2.00000108 24.40000454 0 P 0
L 2.00000108 27.35000118 2.00000108 27.65000058 0 P 0
L 2.07520032 33.59649618 2.37519972 33.59649618 0 P 0
L 2.11000086 3.67000028 2.11000086 4.76999808 0 P 0
L 2.22520002 33.44649648 2.22520002 33.74649588 0 P 0
L 2.58400042 30.56600186 2.88399982 30.56600186 0 P 0
L 2.60000242 10.00000032 4.39999882 10.00000032 0 P 0
L 2.70000222 32.67499942 3.00000162 32.67499942 0 P 0
L 2.70000222 33.59999884 3.00000162 33.59999884 0 P 0
L 2.73400012 30.41600216 2.73400012 30.71600156 0 P 0
L 2.85000192 32.52499972 2.85000192 32.82499912 0 P 0
L 2.85000192 33.44999914 2.85000192 33.74999854 0 P 0
L 2.9234003 31.8008 3.2233997 31.8008 0 P 0
L 3.0734 31.6508003 3.0734 31.9507997 0 P 0
L 3.24920356 17.9832 3.54920296 17.9832 0 P 0
L 3.35000092 22.7500053 3.65000032 22.7500053 0 P 0
L 3.35000092 24.25000484 3.65000032 24.25000484 0 P 0
L 3.35000092 28.75000346 3.65000032 28.75000346 0 P 0
L 3.39920326 17.8332003 3.39920326 18.1331997 0 P 0
L 3.50000062 9.10000212 3.50000062 10.89999852 0 P 0
L 3.50000062 22.6000056 3.50000062 22.900005 0 P 0
L 3.50000062 24.10000514 3.50000062 24.40000454 0 P 0
L 3.50000062 28.60000376 3.50000062 28.90000316 0 P 0
L 3.60000042 33.02499872 3.89999982 33.02499872 0 P 0
L 3.75000012 32.87499902 3.75000012 33.17499842 0 P 0
L 4.10000196 4.21999918 5.19999976 4.21999918 0 P 0
L 4.20424864 32.09574734 4.50424804 32.09574734 0 P 0
L 4.24920156 17.9832 4.54920096 17.9832 0 P 0
L 4.24999658 20.30000004 4.54999598 20.30000004 0 P 0
L 4.27500034 33.02499872 4.57499974 33.02499872 0 P 0
L 4.35000146 26.99999934 4.65000086 26.99999934 0 P 0
L 4.35424834 31.94574764 4.35424834 32.24574704 0 P 0
L 4.39920126 17.8332003 4.39920126 18.1331997 0 P 0
L 4.39999628 20.15000034 4.39999628 20.44999974 0 P 0
L 4.42500004 32.87499902 4.42500004 33.17499842 0 P 0
L 4.50000116 26.84999964 4.50000116 27.14999904 0 P 0
L 4.65000086 3.67000028 4.65000086 4.76999808 0 P 0
L 4.85000046 22.7500053 5.14999986 22.7500053 0 P 0
L 4.85000046 24.25000484 5.14999986 24.25000484 0 P 0
L 4.85000046 25.75000438 5.14999986 25.75000438 0 P 0
L 4.97500148 35.5749987 5.27500088 35.5749987 0 P 0
L 5.00000016 22.6000056 5.00000016 22.900005 0 P 0
L 5.00000016 24.10000514 5.00000016 24.40000454 0 P 0
L 5.00000016 25.60000468 5.00000016 25.90000408 0 P 0
L 5.12500118 35.424999 5.12500118 35.7249984 0 P 0
L 5.2094003 34.7472 5.5093997 34.7472 0 P 0
L 5.34999946 20.49999964 5.64999886 20.49999964 0 P 0
L 5.3594 34.5972003 5.3594 34.8971997 0 P 0
L 5.49999916 20.34999994 5.49999916 20.64999934 0 P 0
L 5.5142003 32.0548 5.8141997 32.0548 0 P 0
L 5.5396003 31.2166 5.8395997 31.2166 0 P 0
L 5.6000015 28.24999938 5.9000009 28.24999938 0 P 0
L 5.6642 31.9048003 5.6642 32.2047997 0 P 0
L 5.6896 31.0666003 5.6896 31.3665997 0 P 0
L 5.72500252 35.5749987 6.02500192 35.5749987 0 P 0
L 5.7500012 28.09999968 5.7500012 28.39999908 0 P 0
L 5.7682003 33.0454 6.0681997 33.0454 0 P 0
L 5.87500222 35.424999 5.87500222 35.7249984 0 P 0
L 5.9182 32.8954003 5.9182 33.1953997 0 P 0
L 5.9206003 30.48 6.2205997 30.48 0 P 0
L 6.0706 30.3300003 6.0706 30.6299997 0 P 0
L 6.35 22.7500053 6.6499994 22.7500053 0 P 0
L 6.35 24.25000484 6.6499994 24.25000484 0 P 0
L 6.35 34.75000162 6.6499994 34.75000162 0 P 0
L 6.47500102 35.5749987 6.77500042 35.5749987 0 P 0
L 6.4999997 22.6000056 6.4999997 22.900005 0 P 0
L 6.4999997 24.10000514 6.4999997 24.40000454 0 P 0
L 6.4999997 34.60000192 6.4999997 34.90000132 0 P 0
L 6.62500072 35.424999 6.62500072 35.7249984 0 P 0
L 6.64000196 4.21999918 7.73999976 4.21999918 0 P 0
L 7.19000086 3.67000028 7.19000086 4.76999808 0 P 0
L 7.6732003 19.05 7.9731997 19.05 0 P 0
L 7.8232 18.9000003 7.8232 19.1999997 0 P 0
L 7.84999954 20.49999964 8.14999894 20.49999964 0 P 0
L 7.84999954 22.7500053 8.14999894 22.7500053 0 P 0
L 7.84999954 24.25000484 8.14999894 24.25000484 0 P 0
L 7.84999954 34.75000162 8.14999894 34.75000162 0 P 0
L 7.84999954 36.25000116 8.14999894 36.25000116 0 P 0
L 7.84999954 37.7500007 8.14999894 37.7500007 0 P 0
L 7.84999954 39.25000024 8.14999894 39.25000024 0 P 0
L 7.96250122 10.00000032 8.9575005 10.00000032 0 P 0
L 7.99999924 20.34999994 7.99999924 20.64999934 0 P 0
L 7.99999924 22.6000056 7.99999924 22.900005 0 P 0
L 7.99999924 24.10000514 7.99999924 24.40000454 0 P 0
L 7.99999924 34.60000192 7.99999924 34.90000132 0 P 0
L 7.99999924 36.10000146 7.99999924 36.40000086 0 P 0
L 7.99999924 37.600001 7.99999924 37.9000004 0 P 0
L 7.99999924 39.10000054 7.99999924 39.39999994 0 P 0
L 8.09999904 33.24999954 8.39999844 33.24999954 0 P 0
L 8.24999874 33.09999984 8.24999874 33.39999924 0 P 0
L 8.46000086 9.50250068 8.46000086 10.49749996 0 P 0
L 8.94920232 17.9832 9.24920172 17.9832 0 P 0
L 9.09920202 17.8332003 9.09920202 18.1331997 0 P 0
L 9.18000196 4.21999918 10.27999976 4.21999918 0 P 0
L 9.34999908 31.9999995 9.64999848 31.9999995 0 P 0
L 9.34999908 34.75000162 9.64999848 34.75000162 0 P 0
L 9.34999908 36.25000116 9.64999848 36.25000116 0 P 0
L 9.34999908 37.7500007 9.64999848 37.7500007 0 P 0
L 9.34999908 39.25000024 9.64999848 39.25000024 0 P 0
L 9.49999878 31.8499998 9.49999878 32.1499992 0 P 0
L 9.49999878 34.60000192 9.49999878 34.90000132 0 P 0
L 9.49999878 36.10000146 9.49999878 36.40000086 0 P 0
L 9.49999878 37.600001 9.49999878 37.9000004 0 P 0
L 9.49999878 39.10000054 9.49999878 39.39999994 0 P 0
L 9.73000086 3.67000028 9.73000086 4.76999808 0 P 0
L 9.94920286 17.9832 10.24920226 17.9832 0 P 0
L 10.09920256 17.8332003 10.09920256 18.1331997 0 P 0
L 10.19999992 13.199999 10.49999932 13.199999 0 P 0
L 10.34999962 13.0499993 10.34999962 13.3499987 0 P 0
L 10.8492036 8.64819962 11.149203 8.64819962 0 P 0
L 10.84999862 22.7500053 11.14999802 22.7500053 0 P 0
L 10.84999862 24.25000484 11.14999802 24.25000484 0 P 0
L 10.84999862 33.25000208 11.14999802 33.25000208 0 P 0
L 10.84999862 34.75000162 11.14999802 34.75000162 0 P 0
L 10.84999862 36.25000116 11.14999802 36.25000116 0 P 0
L 10.84999862 37.7500007 11.14999802 37.7500007 0 P 0
L 10.84999862 39.25000024 11.14999802 39.25000024 0 P 0
L 10.85000116 30.49999996 11.15000056 30.49999996 0 P 0
L 10.9492034 17.9832 11.2492028 17.9832 0 P 0
L 10.9992033 8.49819992 10.9992033 8.79819932 0 P 0
L 10.99999832 22.6000056 10.99999832 22.900005 0 P 0
L 10.99999832 24.10000514 10.99999832 24.40000454 0 P 0
L 10.99999832 33.10000238 10.99999832 33.40000178 0 P 0
L 10.99999832 34.60000192 10.99999832 34.90000132 0 P 0
L 10.99999832 36.10000146 10.99999832 36.40000086 0 P 0
L 10.99999832 37.600001 10.99999832 37.9000004 0 P 0
L 10.99999832 39.10000054 10.99999832 39.39999994 0 P 0
L 11.00000086 30.35000026 11.00000086 30.64999966 0 P 0
L 11.0992031 17.8332003 11.0992031 18.1331997 0 P 0
L 11.5594003 11.3284 11.8593997 11.3284 0 P 0
L 11.7094 11.1784003 11.7094 11.4783997 0 P 0
L 11.72000196 4.21999918 12.81999976 4.21999918 0 P 0
L 11.94999896 20.2999975 12.24999836 20.2999975 0 P 0
L 12.09999866 20.1499978 12.09999866 20.4499972 0 P 0
L 12.27000086 3.67000028 12.27000086 4.76999808 0 P 0
L 12.34999816 31.75000254 12.64999756 31.75000254 0 P 0
L 12.34999816 33.25000208 12.64999756 33.25000208 0 P 0
L 12.34999816 34.75000162 12.64999756 34.75000162 0 P 0
L 12.34999816 36.25000116 12.64999756 36.25000116 0 P 0
L 12.34999816 37.7500007 12.64999756 37.7500007 0 P 0
L 12.34999816 39.25000024 12.64999756 39.25000024 0 P 0
L 12.3500007 29.00000042 12.6500001 29.00000042 0 P 0
L 12.49999786 31.60000284 12.49999786 31.90000224 0 P 0
L 12.49999786 33.10000238 12.49999786 33.40000178 0 P 0
L 12.49999786 34.60000192 12.49999786 34.90000132 0 P 0
L 12.49999786 36.10000146 12.49999786 36.40000086 0 P 0
L 12.49999786 37.600001 12.49999786 37.9000004 0 P 0
L 12.49999786 39.10000054 12.49999786 39.39999994 0 P 0
L 12.5000004 28.85000072 12.5000004 29.15000012 0 P 0
L 12.88027396 15.6209238 13.18027336 15.6209238 0 P 0
L 12.94999696 20.2999975 13.24999636 20.2999975 0 P 0
L 13.03027366 15.4709241 13.03027366 15.7709235 0 P 0
L 13.04250122 8.98400032 14.0375005 8.98400032 0 P 0
L 13.04250122 11.01600032 14.0375005 11.01600032 0 P 0
L 13.0580003 16.51 13.3579997 16.51 0 P 0
L 13.09999666 20.1499978 13.09999666 20.4499972 0 P 0
L 13.208 16.3600003 13.208 16.6599997 0 P 0
L 13.54000086 8.48650068 13.54000086 9.48149996 0 P 0
L 13.54000086 10.51850068 13.54000086 11.51349996 0 P 0
L 13.8499977 30.250003 14.1499971 30.250003 0 P 0
L 13.8499977 31.75000254 14.1499971 31.75000254 0 P 0
L 13.8499977 33.25000208 14.1499971 33.25000208 0 P 0
L 13.8499977 34.75000162 14.1499971 34.75000162 0 P 0
L 13.8499977 36.25000116 14.1499971 36.25000116 0 P 0
L 13.8499977 37.7500007 14.1499971 37.7500007 0 P 0
L 13.8499977 39.25000024 14.1499971 39.25000024 0 P 0
L 13.85000024 27.50000088 14.14999964 27.50000088 0 P 0
L 13.9499975 20.2999975 14.2499969 20.2999975 0 P 0
L 13.9999974 30.1000033 13.9999974 30.4000027 0 P 0
L 13.9999974 31.60000284 13.9999974 31.90000224 0 P 0
L 13.9999974 33.10000238 13.9999974 33.40000178 0 P 0
L 13.9999974 34.60000192 13.9999974 34.90000132 0 P 0
L 13.9999974 36.10000146 13.9999974 36.40000086 0 P 0
L 13.9999974 37.600001 13.9999974 37.9000004 0 P 0
L 13.9999974 39.10000054 13.9999974 39.39999994 0 P 0
L 13.99999994 27.35000118 13.99999994 27.65000058 0 P 0
L 14.0999972 20.1499978 14.0999972 20.4499972 0 P 0
L 14.26000196 4.21999918 15.35999976 4.21999918 0 P 0
L 14.81000086 3.67000028 14.81000086 4.76999808 0 P 0
L 15.34999724 28.75000346 15.64999664 28.75000346 0 P 0
L 15.34999724 30.250003 15.64999664 30.250003 0 P 0
L 15.34999724 31.75000254 15.64999664 31.75000254 0 P 0
L 15.34999724 33.25000208 15.64999664 33.25000208 0 P 0
L 15.34999724 34.75000162 15.64999664 34.75000162 0 P 0
L 15.34999724 36.25000116 15.64999664 36.25000116 0 P 0
L 15.34999724 37.7500007 15.64999664 37.7500007 0 P 0
L 15.34999724 39.25000024 15.64999664 39.25000024 0 P 0
L 15.34999978 25.9999988 15.64999918 25.9999988 0 P 0
L 15.49999694 28.60000376 15.49999694 28.90000316 0 P 0
L 15.49999694 30.1000033 15.49999694 30.4000027 0 P 0
L 15.49999694 31.60000284 15.49999694 31.90000224 0 P 0
L 15.49999694 33.10000238 15.49999694 33.40000178 0 P 0
L 15.49999694 34.60000192 15.49999694 34.90000132 0 P 0
L 15.49999694 36.10000146 15.49999694 36.40000086 0 P 0
L 15.49999694 37.600001 15.49999694 37.9000004 0 P 0
L 15.49999694 39.10000054 15.49999694 39.39999994 0 P 0
L 15.49999948 25.8499991 15.49999948 26.1499985 0 P 0
L 15.9028003 16.7386 16.2027997 16.7386 0 P 0
L 16.0528 16.5886003 16.0528 16.8885997 0 P 0
L 16.11020146 17.9832 16.41020086 17.9832 0 P 0
L 16.26020116 17.8332003 16.26020116 18.1331997 0 P 0
L 16.80000196 4.21999918 17.89999976 4.21999918 0 P 0
L 16.84999678 27.25000392 17.14999618 27.25000392 0 P 0
L 16.84999678 28.75000346 17.14999618 28.75000346 0 P 0
L 16.84999678 30.250003 17.14999618 30.250003 0 P 0
L 16.84999678 31.75000254 17.14999618 31.75000254 0 P 0
L 16.84999678 33.25000208 17.14999618 33.25000208 0 P 0
L 16.84999678 34.75000162 17.14999618 34.75000162 0 P 0
L 16.84999678 36.25000116 17.14999618 36.25000116 0 P 0
L 16.84999678 37.7500007 17.14999618 37.7500007 0 P 0
L 16.84999678 39.25000024 17.14999618 39.25000024 0 P 0
L 16.99999648 27.10000422 16.99999648 27.40000362 0 P 0
L 16.99999648 28.60000376 16.99999648 28.90000316 0 P 0
L 16.99999648 30.1000033 16.99999648 30.4000027 0 P 0
L 16.99999648 31.60000284 16.99999648 31.90000224 0 P 0
L 16.99999648 33.10000238 16.99999648 33.40000178 0 P 0
L 16.99999648 34.60000192 16.99999648 34.90000132 0 P 0
L 16.99999648 36.10000146 16.99999648 36.40000086 0 P 0
L 16.99999648 37.600001 16.99999648 37.9000004 0 P 0
L 16.99999648 39.10000054 16.99999648 39.39999994 0 P 0
L 17.35000086 3.67000028 17.35000086 4.76999808 0 P 0
L 17.4522003 16.3322 17.7521997 16.3322 0 P 0
L 17.6000029 10.00000032 19.3999993 10.00000032 0 P 0
L 17.6022 16.1822003 17.6022 16.4821997 0 P 0
L 17.84999986 21.25000068 18.14999926 21.25000068 0 P 0
L 17.99999956 21.10000098 17.99999956 21.40000038 0 P 0
L 18.34999632 22.7500053 18.64999572 22.7500053 0 P 0
L 18.34999632 24.25000484 18.64999572 24.25000484 0 P 0
L 18.34999632 25.75000438 18.64999572 25.75000438 0 P 0
L 18.34999632 27.25000392 18.64999572 27.25000392 0 P 0
L 18.34999632 28.75000346 18.64999572 28.75000346 0 P 0
L 18.34999632 30.250003 18.64999572 30.250003 0 P 0
L 18.34999632 31.75000254 18.64999572 31.75000254 0 P 0
L 18.34999632 33.25000208 18.64999572 33.25000208 0 P 0
L 18.34999632 34.75000162 18.64999572 34.75000162 0 P 0
L 18.34999632 36.25000116 18.64999572 36.25000116 0 P 0
L 18.34999632 37.7500007 18.64999572 37.7500007 0 P 0
L 18.34999632 39.25000024 18.64999572 39.25000024 0 P 0
L 18.49999602 22.6000056 18.49999602 22.900005 0 P 0
L 18.49999602 24.10000514 18.49999602 24.40000454 0 P 0
L 18.49999602 25.60000468 18.49999602 25.90000408 0 P 0
L 18.49999602 27.10000422 18.49999602 27.40000362 0 P 0
L 18.49999602 28.60000376 18.49999602 28.90000316 0 P 0
L 18.49999602 30.1000033 18.49999602 30.4000027 0 P 0
L 18.49999602 31.60000284 18.49999602 31.90000224 0 P 0
L 18.49999602 33.10000238 18.49999602 33.40000178 0 P 0
L 18.49999602 34.60000192 18.49999602 34.90000132 0 P 0
L 18.49999602 36.10000146 18.49999602 36.40000086 0 P 0
L 18.49999602 37.600001 18.49999602 37.9000004 0 P 0
L 18.49999602 39.10000054 18.49999602 39.39999994 0 P 0
L 18.5000011 9.10000212 18.5000011 10.89999852 0 P 0
L 18.8492003 17.9832 19.1491997 17.9832 0 P 0
L 18.84999532 20.2999975 19.14999472 20.2999975 0 P 0
L 18.9992 17.8332003 18.9992 18.1331997 0 P 0
L 18.99999502 20.1499978 18.99999502 20.4499972 0 P 0
L 19.34000196 4.21999918 20.43999976 4.21999918 0 P 0
L 19.84920084 17.9832 20.14920024 17.9832 0 P 0
L 19.84999586 20.2999975 20.14999526 20.2999975 0 P 0
L 19.84999586 22.7500053 20.14999526 22.7500053 0 P 0
L 19.84999586 24.25000484 20.14999526 24.25000484 0 P 0
L 19.84999586 25.75000438 20.14999526 25.75000438 0 P 0
L 19.84999586 27.25000392 20.14999526 27.25000392 0 P 0
L 19.84999586 28.75000346 20.14999526 28.75000346 0 P 0
L 19.84999586 30.250003 20.14999526 30.250003 0 P 0
L 19.84999586 31.75000254 20.14999526 31.75000254 0 P 0
L 19.84999586 33.25000208 20.14999526 33.25000208 0 P 0
L 19.84999586 34.75000162 20.14999526 34.75000162 0 P 0
L 19.84999586 36.25000116 20.14999526 36.25000116 0 P 0
L 19.84999586 37.7500007 20.14999526 37.7500007 0 P 0
L 19.84999586 39.25000024 20.14999526 39.25000024 0 P 0
L 19.89000086 3.67000028 19.89000086 4.76999808 0 P 0
L 19.99920054 17.8332003 19.99920054 18.1331997 0 P 0
L 19.99999556 20.1499978 19.99999556 20.4499972 0 P 0
L 19.99999556 22.6000056 19.99999556 22.900005 0 P 0
L 19.99999556 24.10000514 19.99999556 24.40000454 0 P 0
L 19.99999556 25.60000468 19.99999556 25.90000408 0 P 0
L 19.99999556 27.10000422 19.99999556 27.40000362 0 P 0
L 19.99999556 28.60000376 19.99999556 28.90000316 0 P 0
L 19.99999556 30.1000033 19.99999556 30.4000027 0 P 0
L 19.99999556 31.60000284 19.99999556 31.90000224 0 P 0
L 19.99999556 33.10000238 19.99999556 33.40000178 0 P 0
L 19.99999556 34.60000192 19.99999556 34.90000132 0 P 0
L 19.99999556 36.10000146 19.99999556 36.40000086 0 P 0
L 19.99999556 37.600001 19.99999556 37.9000004 0 P 0
L 19.99999556 39.10000054 19.99999556 39.39999994 0 P 0
L 21.10000098 21.25000068 21.40000038 21.25000068 0 P 0
L 21.10000098 22.75000022 21.40000038 22.75000022 0 P 0
L 21.10000098 24.24999976 21.40000038 24.24999976 0 P 0
L 21.10000098 25.7499993 21.40000038 25.7499993 0 P 0
L 21.10000098 27.24999884 21.40000038 27.24999884 0 P 0
L 21.10000098 28.75000092 21.40000038 28.75000092 0 P 0
L 21.10000098 30.25000046 21.40000038 30.25000046 0 P 0
L 21.10000098 31.75 21.40000038 31.75 0 P 0
L 21.10000098 33.24999954 21.40000038 33.24999954 0 P 0
L 21.10000098 34.74999908 21.40000038 34.74999908 0 P 0
L 21.10000098 36.25000116 21.40000038 36.25000116 0 P 0
L 21.10000098 37.7500007 21.40000038 37.7500007 0 P 0
L 21.10000098 39.25000024 21.40000038 39.25000024 0 P 0
L 21.25000068 21.10000098 21.25000068 21.40000038 0 P 0
L 21.25000068 22.60000052 21.25000068 22.89999992 0 P 0
L 21.25000068 24.10000006 21.25000068 24.39999946 0 P 0
L 21.25000068 25.5999996 21.25000068 25.899999 0 P 0
L 21.25000068 27.09999914 21.25000068 27.39999854 0 P 0
L 21.25000068 28.60000122 21.25000068 28.90000062 0 P 0
L 21.25000068 30.10000076 21.25000068 30.40000016 0 P 0
L 21.25000068 31.6000003 21.25000068 31.8999997 0 P 0
L 21.25000068 33.09999984 21.25000068 33.39999924 0 P 0
L 21.25000068 34.59999938 21.25000068 34.89999878 0 P 0
L 21.25000068 36.10000146 21.25000068 36.40000086 0 P 0
L 21.25000068 37.600001 21.25000068 37.9000004 0 P 0
L 21.25000068 39.10000054 21.25000068 39.39999994 0 P 0
