UNITS=MM
#Layer_Color=16711935
#
#Feature symbol names
#
$0 r49.9999
$1 r99.9998

#
#Feature attribute names
#

#
#Layer features
#
A 4.38900062 10.00000032 4.38900062 10.00000032 3.50000062 10.00000032 0 P 0 N
A 19.3890011 10.00000032 19.3890011 10.00000032 18.5000011 10.00000032 0 P 0 N
L 0.84000086 0.17999964 0.84000086 2.71999964 1 P 0
L 0.84000086 0.17999964 21.16000086 0.17999964 1 P 0
L 0.84000086 2.71999964 21.16000086 2.71999964 1 P 0
L 1.49999954 13.75000044 1.49999954 16.25000052 0 P 0
L 1.49999954 13.75000044 5.5000017 13.75000044 0 P 0
L 1.49999954 16.25000052 2.64999978 16.25000052 0 P 0
L 2.10000088 19.4499992 2.10000088 20.54999954 0 P 0
L 2.10000088 19.4499992 2.69999968 19.4499992 0 P 0
L 2.10000088 20.54999954 2.69999968 20.54999954 0 P 0
L 2.64999978 16.25000052 2.6501725 16.24991416 0 P 0
L 2.6501725 16.24991416 4.35000146 16.25000052 0 P 0
L 2.69999968 19.4499992 2.69999968 20.54999954 0 P 0
L 2.90000182 19.4499992 2.90000182 20.54999954 0 P 0
L 2.90000182 19.4499992 3.50000062 19.4499992 0 P 0
L 2.90000182 20.54999954 3.50000062 20.54999954 0 P 0
L 3.10008016 16.69999454 3.10008016 17.29998572 0 P 0
L 3.10008016 16.69999454 3.9000811 16.69999454 0 P 0
L 3.10008016 17.29998572 3.9000811 17.29998572 0 P 0
L 3.50000062 19.4499992 3.50000062 20.54999954 0 P 0
L 3.70000022 19.4499992 3.70000022 20.54999954 0 P 0
L 3.70000022 19.4499992 4.29999902 19.4499992 0 P 0
L 3.70000022 20.54999954 4.29999902 20.54999954 0 P 0
L 3.9000811 16.69999454 3.9000811 17.29998572 0 P 0
L 4.29999902 19.4499992 4.29999902 20.54999954 0 P 0
L 4.35000146 16.25000052 5.5000017 16.25000052 0 P 0
L 4.50000116 19.45000174 4.50000116 20.55000208 0 P 0
L 4.50000116 19.45000174 5.09999996 19.45000174 0 P 0
L 4.50000116 20.55000208 5.09999996 20.55000208 0 P 0
L 5.09999996 19.45000174 5.09999996 20.55000208 0 P 0
L 5.29999956 19.45000174 5.29999956 20.55000208 0 P 0
L 5.29999956 19.45000174 5.89999836 19.45000174 0 P 0
L 5.29999956 20.55000208 5.89999836 20.55000208 0 P 0
L 5.5000017 13.75000044 5.5000017 16.25000052 0 P 0
L 5.89999836 19.45000174 5.89999836 20.55000208 0 P 0
L 6.1000005 19.4499992 6.1000005 20.54999954 0 P 0
L 6.1000005 19.4499992 6.6999993 19.4499992 0 P 0
L 6.1000005 20.54999954 6.6999993 20.54999954 0 P 0
L 6.6999993 19.4499992 6.6999993 20.54999954 0 P 0
L 7.15000094 19.10000244 7.15000094 20.90000392 1 P 0
L 7.15000094 19.10000244 8.25000128 19.10000244 1 P 0
L 7.15000094 20.90000392 8.25000128 20.90000392 1 P 0
L 7.80016982 31.17515736 7.80016982 39.82513752 0 P 0
L 7.80016982 31.17515736 14.20016972 31.17515736 0 P 0
L 7.80016982 39.82515784 14.20015702 39.82515784 0 P 0
L 8.25000128 19.10000244 8.25000128 20.90000392 1 P 0
L 8.70000038 19.4499992 8.70000038 20.54999954 0 P 0
L 8.70000038 19.4499992 9.29999918 19.4499992 0 P 0
L 8.70000038 20.54999954 9.29999918 20.54999954 0 P 0
L 9.29999918 19.4499992 9.29999918 20.54999954 0 P 0
L 9.50000132 19.45000174 9.50000132 20.55000208 0 P 0
L 9.50000132 19.45000174 10.10000012 19.45000174 0 P 0
L 9.50000132 20.55000208 10.10000012 20.55000208 0 P 0
L 9.95000042 13.4499985 9.95000042 15.54999938 0 P 0
L 9.95000042 13.4499985 12.0500013 13.4499985 0 P 0
L 9.95000042 15.54999938 12.0500013 15.54999938 0 P 0
L 10.10000012 19.45000174 10.10000012 20.55000208 0 P 0
L 10.29999972 19.45000174 10.29999972 20.55000208 0 P 0
L 10.29999972 19.45000174 10.89999852 19.45000174 0 P 0
L 10.29999972 20.55000208 10.89999852 20.55000208 0 P 0
L 10.89999852 19.45000174 10.89999852 20.55000208 0 P 0
L 11.09999812 19.45000174 11.09999812 20.55000208 0 P 0
L 11.09999812 19.45000174 11.69999692 19.45000174 0 P 0
L 11.09999812 20.55000208 11.69999692 20.55000208 0 P 0
L 11.69999692 19.45000174 11.69999692 20.55000208 0 P 0
L 11.89999906 19.4499992 11.89999906 20.54999954 0 P 0
L 11.89999906 19.4499992 12.49999786 19.4499992 0 P 0
L 11.89999906 20.54999954 12.49999786 20.54999954 0 P 0
L 11.92499774 28.87500194 11.92499774 30.47500128 0 P 0
L 11.92499774 28.87500194 15.22499876 28.87500194 0 P 0
L 11.92499774 30.47500128 15.22499876 30.47500128 0 P 0
L 11.97500018 27.19999894 11.97500018 28.29999928 0 P 0
L 11.97500018 27.19999894 12.57499898 27.19999894 0 P 0
L 11.97500018 28.29999928 12.57499898 28.29999928 0 P 0
L 12.0500013 13.4499985 12.0500013 15.54999938 0 P 0
L 12.49999786 19.4499992 12.49999786 20.54999954 0 P 0
L 12.57499898 27.19999894 12.57499898 28.29999928 0 P 0
L 12.7 19.45000174 12.7 20.55000208 0 P 0
L 12.7 19.45000174 13.2999988 19.45000174 0 P 0
L 12.7 20.55000208 13.2999988 20.55000208 0 P 0
L 13.2999988 19.45000174 13.2999988 20.55000208 0 P 0
L 13.75000044 19.10000244 13.75000044 20.90000392 1 P 0
L 13.75000044 19.10000244 14.85000078 19.10000244 1 P 0
L 13.75000044 20.90000392 14.85000078 20.90000392 1 P 0
L 14.20016972 31.17515736 14.20016972 39.82513752 0 P 0
L 14.57500006 27.19999894 14.57500006 28.29999928 0 P 0
L 14.57500006 27.19999894 15.17499886 27.19999894 0 P 0
L 14.57500006 28.29999928 15.17499886 28.29999928 0 P 0
L 14.85000078 19.10000244 14.85000078 20.90000392 1 P 0
L 15.17499886 27.19999894 15.17499886 28.29999928 0 P 0
L 15.22499876 28.87500194 15.22499876 30.47500128 0 P 0
L 15.24999998 31.92500092 15.24999998 32.52499972 0 P 0
L 15.24999998 31.92500092 16.35000032 31.92500092 0 P 0
L 15.24999998 32.52499972 16.35000032 32.52499972 0 P 0
L 15.29999988 19.45000174 15.29999988 20.55000208 0 P 0
L 15.29999988 19.45000174 15.89999868 19.45000174 0 P 0
L 15.29999988 20.55000208 15.89999868 20.55000208 0 P 0
L 15.89999868 19.45000174 15.89999868 20.55000208 0 P 0
L 16.10000082 19.45000174 16.10000082 20.55000208 0 P 0
L 16.10000082 19.45000174 16.69999962 19.45000174 0 P 0
L 16.10000082 20.55000208 16.69999962 20.55000208 0 P 0
L 16.35000032 31.92500092 16.35000032 32.52499972 0 P 0
L 16.50000002 13.75000044 16.50000002 16.25000052 0 P 0
L 16.50000002 13.75000044 17.65000026 13.75000044 0 P 0
L 16.50000002 16.25000052 20.50000218 16.25000052 0 P 0
L 16.69999962 19.45000174 16.69999962 20.55000208 0 P 0
L 17.65000026 13.75000044 19.34982922 13.7500868 0 P 0
L 18.09992062 16.70001232 18.09992062 17.3000035 0 P 0
L 18.09992062 16.70001232 18.89992156 16.70001232 0 P 0
L 18.09992062 17.3000035 18.89992156 17.3000035 0 P 0
L 18.89992156 16.70001232 18.89992156 17.3000035 0 P 0
L 19.34982922 13.7500868 19.35000194 13.75000044 0 P 0
L 19.35000194 13.75000044 20.50000218 13.75000044 0 P 0
L 20.50000218 13.75000044 20.50000218 16.25000052 0 P 0
L 21.16000086 0.17999964 21.16000086 2.71999964 1 P 0
