UNITS=MM
#Layer_Color=16711935
#
#Feature symbol names
#
$0 r49.9999
$1 r99.9998

#
#Feature attribute names
#

#
#Layer features
#
A 13.5999982 18.24999906 13.5999982 18.24999906 12.9999994 18.24999906 0 P 0 N
A 17.29999842 18.24999906 17.29999842 18.24999906 16.69999962 18.24999906 0 P 0 N
L 0.84000086 0.17999964 0.84000086 2.71999964 1 P 0
L 0.84000086 0.17999964 21.16000086 0.17999964 1 P 0
L 0.84000086 2.71999964 21.16000086 2.71999964 1 P 0
L 1.49999954 13.75000044 1.49999954 16.25000052 0 P 0
L 1.49999954 13.75000044 5.5000017 13.75000044 0 P 0
L 1.49999954 16.25000052 2.64999978 16.25000052 0 P 0
L 2.64999978 16.25000052 2.6501725 16.24991416 0 P 0
L 2.6501725 16.24991416 4.35000146 16.25000052 0 P 0
L 3.10008016 16.69999454 3.10008016 17.29998572 0 P 0
L 3.10008016 16.69999454 3.9000811 16.69999454 0 P 0
L 3.10008016 17.29998572 3.9000811 17.29998572 0 P 0
L 3.75000012 26.72499862 3.75000012 30.02499964 0 P 0
L 3.75000012 26.72499862 5.34999946 26.72499862 0 P 0
L 3.75000012 30.02499964 5.34999946 30.02499964 0 P 0
L 3.9000811 16.69999454 3.9000811 17.29998572 0 P 0
L 4.20000176 19.4499992 4.20000176 20.54999954 0 P 0
L 4.20000176 19.4499992 4.80000056 19.4499992 0 P 0
L 4.20000176 20.54999954 4.80000056 20.54999954 0 P 0
L 4.35000146 16.25000052 5.5000017 16.25000052 0 P 0
L 4.80000056 19.4499992 4.80000056 20.54999954 0 P 0
L 5.0000027 19.4499992 5.0000027 20.54999954 0 P 0
L 5.0000027 19.4499992 5.6000015 19.4499992 0 P 0
L 5.0000027 20.54999954 5.6000015 20.54999954 0 P 0
L 5.34999946 26.72499862 5.34999946 30.02499964 0 P 0
L 5.5000017 13.75000044 5.5000017 16.25000052 0 P 0
L 5.6000015 19.4499992 5.6000015 20.54999954 0 P 0
L 5.8000011 25.4499999 5.8000011 39.74999924 0 P 0
L 5.8000011 25.4499999 16.20000062 25.4499999 0 P 0
L 5.8000011 39.74999924 16.20000062 39.74999924 0 P 0
L 6.19999776 19.07499614 6.19999776 20.87499762 1 P 0
L 6.19999776 19.07499614 7.2999981 19.07499614 1 P 0
L 6.19999776 20.87499762 7.2999981 20.87499762 1 P 0
L 7.2999981 19.07499614 7.2999981 20.87499762 1 P 0
L 7.89999944 19.4499992 7.89999944 20.54999954 0 P 0
L 7.89999944 19.4499992 8.49999824 19.4499992 0 P 0
L 7.89999944 20.54999954 8.49999824 20.54999954 0 P 0
L 8.49999824 19.4499992 8.49999824 20.54999954 0 P 0
L 8.70000038 19.4499992 8.70000038 20.54999954 0 P 0
L 8.70000038 19.4499992 9.29999918 19.4499992 0 P 0
L 8.70000038 20.54999954 9.29999918 20.54999954 0 P 0
L 8.70000038 24.17500118 8.70000038 24.77499998 0 P 0
L 8.70000038 24.17500118 9.80000072 24.17500118 0 P 0
L 8.70000038 24.77499998 9.80000072 24.77499998 0 P 0
L 9.29999918 19.4499992 9.29999918 20.54999954 0 P 0
L 9.50000132 19.4499992 9.50000132 20.54999954 0 P 0
L 9.50000132 19.4499992 10.10000012 19.4499992 0 P 0
L 9.50000132 20.54999954 10.10000012 20.54999954 0 P 0
L 9.80000072 24.17500118 9.80000072 24.77499998 0 P 0
L 9.95000042 13.3999986 9.95000042 15.49999948 0 P 0
L 9.95000042 13.3999986 12.0500013 13.3999986 0 P 0
L 9.95000042 15.49999948 12.0500013 15.49999948 0 P 0
L 10.10000012 19.4499992 10.10000012 20.54999954 0 P 0
L 10.29999972 19.4499992 10.29999972 20.54999954 0 P 0
L 10.29999972 19.4499992 10.89999852 19.4499992 0 P 0
L 10.29999972 20.54999954 10.89999852 20.54999954 0 P 0
L 10.89999852 19.4499992 10.89999852 20.54999954 0 P 0
L 11.10000066 19.4499992 11.10000066 20.54999954 0 P 0
L 11.10000066 19.4499992 11.69999946 19.4499992 0 P 0
L 11.10000066 20.54999954 11.69999946 20.54999954 0 P 0
L 11.69999946 19.4499992 11.69999946 20.54999954 0 P 0
L 11.9000016 19.4499992 11.9000016 20.54999954 0 P 0
L 11.9000016 19.4499992 12.5000004 19.4499992 0 P 0
L 11.9000016 20.54999954 12.5000004 20.54999954 0 P 0
L 12.0500013 13.3999986 12.0500013 15.49999948 0 P 0
L 12.5000004 19.4499992 12.5000004 20.54999954 0 P 0
L 12.7 19.4499992 12.7 20.54999954 0 P 0
L 12.7 19.4499992 13.2999988 19.4499992 0 P 0
L 12.7 20.54999954 13.2999988 20.54999954 0 P 0
L 13.2999988 19.4499992 13.2999988 20.54999954 0 P 0
L 13.50000094 19.4499992 13.50000094 20.54999954 0 P 0
L 13.50000094 19.4499992 14.09999974 19.4499992 0 P 0
L 13.50000094 20.54999954 14.09999974 20.54999954 0 P 0
L 14.09999974 19.4499992 14.09999974 20.54999954 0 P 0
L 14.69999854 19.07499614 14.69999854 20.87499762 1 P 0
L 14.69999854 19.07499614 15.79999888 19.07499614 1 P 0
L 14.69999854 20.87499762 15.79999888 20.87499762 1 P 0
L 15.50000202 25.4499999 16.20000062 26.20000094 0 P 0
L 15.79999888 19.07499614 15.79999888 20.87499762 1 P 0
L 16.20000062 25.4499999 16.20000062 39.74999924 0 P 0
L 16.40000022 19.4499992 16.40000022 20.54999954 0 P 0
L 16.40000022 19.4499992 16.99999902 19.4499992 0 P 0
L 16.40000022 20.54999954 16.99999902 20.54999954 0 P 0
L 16.50000002 13.75000044 16.50000002 16.25000052 0 P 0
L 16.50000002 13.75000044 17.65000026 13.75000044 0 P 0
L 16.50000002 16.25000052 20.50000218 16.25000052 0 P 0
L 16.99999902 19.4499992 16.99999902 20.54999954 0 P 0
L 17.20000116 19.4499992 17.20000116 20.54999954 0 P 0
L 17.20000116 19.4499992 17.79999996 19.4499992 0 P 0
L 17.20000116 20.54999954 17.79999996 20.54999954 0 P 0
L 17.65000026 13.75000044 19.34982922 13.7500868 0 P 0
L 17.79999996 19.4499992 17.79999996 20.54999954 0 P 0
L 17.99999956 19.4499992 17.99999956 20.54999954 0 P 0
L 17.99999956 19.4499992 18.59999836 19.4499992 0 P 0
L 17.99999956 20.54999954 18.59999836 20.54999954 0 P 0
L 18.09992062 16.70001232 18.09992062 17.3000035 0 P 0
L 18.09992062 16.70001232 18.89992156 16.70001232 0 P 0
L 18.09992062 17.3000035 18.89992156 17.3000035 0 P 0
L 18.59999836 19.4499992 18.59999836 20.54999954 0 P 0
L 18.8000005 19.4499992 18.8000005 20.54999954 0 P 0
L 18.8000005 19.4499992 19.3999993 19.4499992 0 P 0
L 18.8000005 20.54999954 19.3999993 20.54999954 0 P 0
L 18.89992156 16.70001232 18.89992156 17.3000035 0 P 0
L 19.34982922 13.7500868 19.35000194 13.75000044 0 P 0
L 19.35000194 13.75000044 20.50000218 13.75000044 0 P 0
L 19.3999993 19.4499992 19.3999993 20.54999954 0 P 0
L 19.60000144 19.4499992 19.60000144 20.54999954 0 P 0
L 19.60000144 19.4499992 20.20000024 19.4499992 0 P 0
L 19.60000144 20.54999954 20.20000024 20.54999954 0 P 0
L 20.20000024 19.4499992 20.20000024 20.54999954 0 P 0
L 20.40000238 19.4499992 20.40000238 20.54999954 0 P 0
L 20.40000238 19.4499992 21.00000118 19.4499992 0 P 0
L 20.40000238 20.54999954 21.00000118 20.54999954 0 P 0
L 20.50000218 13.75000044 20.50000218 16.25000052 0 P 0
L 21.00000118 19.4499992 21.00000118 20.54999954 0 P 0
L 21.16000086 0.17999964 21.16000086 2.71999964 1 P 0
