UNITS=MM
#Layer_Color=9474304
#
#Feature symbol names
#
$0 r127

#
#Feature attribute names
#

#
#Layer features
#
L 0.60000134 5.14999986 0.90000074 5.14999986 0 P 0
L 0.60000134 6.6499994 0.90000074 6.6499994 0 P 0
L 0.60000134 8.14999894 0.90000074 8.14999894 0 P 0
L 0.60000134 9.65000102 0.90000074 9.65000102 0 P 0
L 0.60000134 11.15000056 0.90000074 11.15000056 0 P 0
L 0.60000134 12.6500001 0.90000074 12.6500001 0 P 0
L 0.60000134 14.14999964 0.90000074 14.14999964 0 P 0
L 0.60000134 15.64999918 0.90000074 15.64999918 0 P 0
L 0.60000134 17.15000126 0.90000074 17.15000126 0 P 0
L 0.75000104 5.00000016 0.75000104 5.29999956 0 P 0
L 0.75000104 6.4999997 0.75000104 6.7999991 0 P 0
L 0.75000104 7.99999924 0.75000104 8.29999864 0 P 0
L 0.75000104 9.50000132 0.75000104 9.80000072 0 P 0
L 0.75000104 11.00000086 0.75000104 11.30000026 0 P 0
L 0.75000104 12.5000004 0.75000104 12.7999998 0 P 0
L 0.75000104 13.99999994 0.75000104 14.29999934 0 P 0
L 0.75000104 15.49999948 0.75000104 15.79999888 0 P 0
L 0.75000104 17.00000156 0.75000104 17.30000096 0 P 0
L 1.60000188 2.50000008 3.39999828 2.50000008 0 P 0
L 1.85000138 5.14999986 2.15000078 5.14999986 0 P 0
L 1.85000138 6.6499994 2.15000078 6.6499994 0 P 0
L 1.85000138 8.14999894 2.15000078 8.14999894 0 P 0
L 1.85000138 9.64999848 2.15000078 9.64999848 0 P 0
L 1.85000138 11.14999802 2.15000078 11.14999802 0 P 0
L 1.85000138 12.64999756 2.15000078 12.64999756 0 P 0
L 1.85000138 14.1499971 2.15000078 14.1499971 0 P 0
L 1.85000138 15.64999664 2.15000078 15.64999664 0 P 0
L 1.85000138 17.14999618 2.15000078 17.14999618 0 P 0
L 2.00000108 5.00000016 2.00000108 5.29999956 0 P 0
L 2.00000108 6.4999997 2.00000108 6.7999991 0 P 0
L 2.00000108 7.99999924 2.00000108 8.29999864 0 P 0
L 2.00000108 9.49999878 2.00000108 9.79999818 0 P 0
L 2.00000108 10.99999832 2.00000108 11.29999772 0 P 0
L 2.00000108 12.49999786 2.00000108 12.79999726 0 P 0
L 2.00000108 13.9999974 2.00000108 14.2999968 0 P 0
L 2.00000108 15.49999694 2.00000108 15.79999634 0 P 0
L 2.00000108 16.99999648 2.00000108 17.29999588 0 P 0
L 2.50000008 1.60000188 2.50000008 3.39999828 0 P 0
L 3.35000092 5.14999986 3.65000032 5.14999986 0 P 0
L 3.35000092 6.6499994 3.65000032 6.6499994 0 P 0
L 3.35000092 8.14999894 3.65000032 8.14999894 0 P 0
L 3.35000092 9.64999848 3.65000032 9.64999848 0 P 0
L 3.35000092 11.14999802 3.65000032 11.14999802 0 P 0
L 3.35000092 12.64999756 3.65000032 12.64999756 0 P 0
L 3.35000092 14.1499971 3.65000032 14.1499971 0 P 0
L 3.35000092 15.64999664 3.65000032 15.64999664 0 P 0
L 3.35000092 17.14999618 3.65000032 17.14999618 0 P 0
L 3.50000062 5.00000016 3.50000062 5.29999956 0 P 0
L 3.50000062 6.4999997 3.50000062 6.7999991 0 P 0
L 3.50000062 7.99999924 3.50000062 8.29999864 0 P 0
L 3.50000062 9.49999878 3.50000062 9.79999818 0 P 0
L 3.50000062 10.99999832 3.50000062 11.29999772 0 P 0
L 3.50000062 12.49999786 3.50000062 12.79999726 0 P 0
L 3.50000062 13.9999974 3.50000062 14.2999968 0 P 0
L 3.50000062 15.49999694 3.50000062 15.79999634 0 P 0
L 3.50000062 16.99999648 3.50000062 17.29999588 0 P 0
L 4.85000046 0.75000104 5.14999986 0.75000104 0 P 0
L 4.85000046 2.15000078 5.14999986 2.15000078 0 P 0
L 4.85000046 3.65000032 5.14999986 3.65000032 0 P 0
L 4.85000046 5.14999986 5.14999986 5.14999986 0 P 0
L 4.85000046 6.6499994 5.14999986 6.6499994 0 P 0
L 4.85000046 8.14999894 5.14999986 8.14999894 0 P 0
L 4.85000046 9.64999848 5.14999986 9.64999848 0 P 0
L 4.85000046 11.14999802 5.14999986 11.14999802 0 P 0
L 4.85000046 12.64999756 5.14999986 12.64999756 0 P 0
L 4.85000046 14.1499971 5.14999986 14.1499971 0 P 0
L 4.85000046 15.64999664 5.14999986 15.64999664 0 P 0
L 4.85000046 17.14999618 5.14999986 17.14999618 0 P 0
L 5.00000016 0.60000134 5.00000016 0.90000074 0 P 0
L 5.00000016 2.00000108 5.00000016 2.30000048 0 P 0
L 5.00000016 3.50000062 5.00000016 3.80000002 0 P 0
L 5.00000016 5.00000016 5.00000016 5.29999956 0 P 0
L 5.00000016 6.4999997 5.00000016 6.7999991 0 P 0
L 5.00000016 7.99999924 5.00000016 8.29999864 0 P 0
L 5.00000016 9.49999878 5.00000016 9.79999818 0 P 0
L 5.00000016 10.99999832 5.00000016 11.29999772 0 P 0
L 5.00000016 12.49999786 5.00000016 12.79999726 0 P 0
L 5.00000016 13.9999974 5.00000016 14.2999968 0 P 0
L 5.00000016 15.49999694 5.00000016 15.79999634 0 P 0
L 5.00000016 16.99999648 5.00000016 17.29999588 0 P 0
L 6.35 0.75000104 6.6499994 0.75000104 0 P 0
L 6.35 2.15000078 6.6499994 2.15000078 0 P 0
L 6.35 3.65000032 6.6499994 3.65000032 0 P 0
L 6.35 5.14999986 6.6499994 5.14999986 0 P 0
L 6.35 6.6499994 6.6499994 6.6499994 0 P 0
L 6.35 8.14999894 6.6499994 8.14999894 0 P 0
L 6.35 11.14999802 6.6499994 11.14999802 0 P 0
L 6.35 12.64999756 6.6499994 12.64999756 0 P 0
L 6.35 14.1499971 6.6499994 14.1499971 0 P 0
L 6.35 15.64999664 6.6499994 15.64999664 0 P 0
L 6.35 17.14999618 6.6499994 17.14999618 0 P 0
L 6.4999997 0.60000134 6.4999997 0.90000074 0 P 0
L 6.4999997 2.00000108 6.4999997 2.30000048 0 P 0
L 6.4999997 3.50000062 6.4999997 3.80000002 0 P 0
L 6.4999997 5.00000016 6.4999997 5.29999956 0 P 0
L 6.4999997 6.4999997 6.4999997 6.7999991 0 P 0
L 6.4999997 7.99999924 6.4999997 8.29999864 0 P 0
L 6.4999997 10.99999832 6.4999997 11.29999772 0 P 0
L 6.4999997 12.49999786 6.4999997 12.79999726 0 P 0
L 6.4999997 13.9999974 6.4999997 14.2999968 0 P 0
L 6.4999997 15.49999694 6.4999997 15.79999634 0 P 0
L 6.4999997 16.99999648 6.4999997 17.29999588 0 P 0
L 7.84999954 0.75000104 8.14999894 0.75000104 0 P 0
L 7.84999954 2.15000078 8.14999894 2.15000078 0 P 0
L 7.84999954 3.65000032 8.14999894 3.65000032 0 P 0
L 7.84999954 5.14999986 8.14999894 5.14999986 0 P 0
L 7.84999954 6.6499994 8.14999894 6.6499994 0 P 0
L 7.84999954 8.14999894 8.14999894 8.14999894 0 P 0
L 7.84999954 9.64999848 8.14999894 9.64999848 0 P 0
L 7.84999954 11.14999802 8.14999894 11.14999802 0 P 0
L 7.84999954 12.64999756 8.14999894 12.64999756 0 P 0
L 7.84999954 14.1499971 8.14999894 14.1499971 0 P 0
L 7.84999954 15.64999664 8.14999894 15.64999664 0 P 0
L 7.84999954 17.14999618 8.14999894 17.14999618 0 P 0
L 7.99999924 0.60000134 7.99999924 0.90000074 0 P 0
L 7.99999924 2.00000108 7.99999924 2.30000048 0 P 0
L 7.99999924 3.50000062 7.99999924 3.80000002 0 P 0
L 7.99999924 5.00000016 7.99999924 5.29999956 0 P 0
L 7.99999924 6.4999997 7.99999924 6.7999991 0 P 0
L 7.99999924 7.99999924 7.99999924 8.29999864 0 P 0
L 7.99999924 9.49999878 7.99999924 9.79999818 0 P 0
L 7.99999924 10.99999832 7.99999924 11.29999772 0 P 0
L 7.99999924 12.49999786 7.99999924 12.79999726 0 P 0
L 7.99999924 13.9999974 7.99999924 14.2999968 0 P 0
L 7.99999924 15.49999694 7.99999924 15.79999634 0 P 0
L 7.99999924 16.99999648 7.99999924 17.29999588 0 P 0
L 9.34999908 0.75000104 9.64999848 0.75000104 0 P 0
L 9.34999908 2.15000078 9.64999848 2.15000078 0 P 0
L 9.34999908 3.65000032 9.64999848 3.65000032 0 P 0
L 9.34999908 5.14999986 9.64999848 5.14999986 0 P 0
L 9.34999908 6.6499994 9.64999848 6.6499994 0 P 0
L 9.34999908 8.14999894 9.64999848 8.14999894 0 P 0
L 9.34999908 11.14999802 9.64999848 11.14999802 0 P 0
L 9.34999908 12.64999756 9.64999848 12.64999756 0 P 0
L 9.34999908 14.1499971 9.64999848 14.1499971 0 P 0
L 9.34999908 15.64999664 9.64999848 15.64999664 0 P 0
L 9.34999908 17.14999618 9.64999848 17.14999618 0 P 0
L 9.49999878 0.60000134 9.49999878 0.90000074 0 P 0
L 9.49999878 2.00000108 9.49999878 2.30000048 0 P 0
L 9.49999878 3.50000062 9.49999878 3.80000002 0 P 0
L 9.49999878 5.00000016 9.49999878 5.29999956 0 P 0
L 9.49999878 6.4999997 9.49999878 6.7999991 0 P 0
L 9.49999878 7.99999924 9.49999878 8.29999864 0 P 0
L 9.49999878 10.99999832 9.49999878 11.29999772 0 P 0
L 9.49999878 12.49999786 9.49999878 12.79999726 0 P 0
L 9.49999878 13.9999974 9.49999878 14.2999968 0 P 0
L 9.49999878 15.49999694 9.49999878 15.79999634 0 P 0
L 9.49999878 16.99999648 9.49999878 17.29999588 0 P 0
L 10.56000174 4.16999928 11.65999954 4.16999928 0 P 0
L 10.84999862 2.15000078 11.14999802 2.15000078 0 P 0
L 10.84999862 6.6499994 11.14999802 6.6499994 0 P 0
L 10.84999862 8.14999894 11.14999802 8.14999894 0 P 0
L 10.84999862 11.14999802 11.14999802 11.14999802 0 P 0
L 10.84999862 12.64999756 11.14999802 12.64999756 0 P 0
L 10.84999862 14.1499971 11.14999802 14.1499971 0 P 0
L 10.84999862 15.64999664 11.14999802 15.64999664 0 P 0
L 10.84999862 17.14999618 11.14999802 17.14999618 0 P 0
L 10.85000116 0.75000104 11.15000056 0.75000104 0 P 0
L 10.99999832 2.00000108 10.99999832 2.30000048 0 P 0
L 10.99999832 6.4999997 10.99999832 6.7999991 0 P 0
L 10.99999832 7.99999924 10.99999832 8.29999864 0 P 0
L 10.99999832 10.99999832 10.99999832 11.29999772 0 P 0
L 10.99999832 12.49999786 10.99999832 12.79999726 0 P 0
L 10.99999832 13.9999974 10.99999832 14.2999968 0 P 0
L 10.99999832 15.49999694 10.99999832 15.79999634 0 P 0
L 10.99999832 16.99999648 10.99999832 17.29999588 0 P 0
L 11.00000086 0.60000134 11.00000086 0.90000074 0 P 0
L 11.11000064 3.62000038 11.11000064 4.71999818 0 P 0
L 11.74999936 9.55000122 12.04999876 9.55000122 0 P 0
L 11.89999906 9.40000152 11.89999906 9.70000092 0 P 0
L 12.34999816 2.15000078 12.64999756 2.15000078 0 P 0
L 12.34999816 3.65000032 12.64999756 3.65000032 0 P 0
L 12.34999816 5.14999986 12.64999756 5.14999986 0 P 0
L 12.34999816 15.64999664 12.64999756 15.64999664 0 P 0
L 12.34999816 17.14999618 12.64999756 17.14999618 0 P 0
L 12.3500007 0.75000104 12.6500001 0.75000104 0 P 0
L 12.3500007 6.6499994 12.6500001 6.6499994 0 P 0
L 12.49999786 2.00000108 12.49999786 2.30000048 0 P 0
L 12.49999786 3.50000062 12.49999786 3.80000002 0 P 0
L 12.49999786 5.00000016 12.49999786 5.29999956 0 P 0
L 12.49999786 15.49999694 12.49999786 15.79999634 0 P 0
L 12.49999786 16.99999648 12.49999786 17.29999588 0 P 0
L 12.5000004 0.60000134 12.5000004 0.90000074 0 P 0
L 12.5000004 6.4999997 12.5000004 6.7999991 0 P 0
L 13.10000174 4.16999928 14.19999954 4.16999928 0 P 0
L 13.37499992 11.12499934 13.67499932 11.12499934 0 P 0
L 13.52499962 10.97499964 13.52499962 11.27499904 0 P 0
L 13.65000064 3.62000038 13.65000064 4.71999818 0 P 0
L 13.8499977 2.15000078 14.1499971 2.15000078 0 P 0
L 13.8499977 15.64999664 14.1499971 15.64999664 0 P 0
L 13.8499977 17.14999618 14.1499971 17.14999618 0 P 0
L 13.85000024 0.75000104 14.14999964 0.75000104 0 P 0
L 13.85000024 6.6499994 14.14999964 6.6499994 0 P 0
L 13.9999974 2.00000108 13.9999974 2.30000048 0 P 0
L 13.9999974 15.49999694 13.9999974 15.79999634 0 P 0
L 13.9999974 16.99999648 13.9999974 17.29999588 0 P 0
L 13.99999994 0.60000134 13.99999994 0.90000074 0 P 0
L 13.99999994 6.4999997 13.99999994 6.7999991 0 P 0
L 14.70000108 15.05000038 15.00000048 15.05000038 0 P 0
L 14.70000108 16.15000072 15.00000048 16.15000072 0 P 0
L 14.72392788 17.14570358 15.02392728 17.14570358 0 P 0
L 14.75000098 8.45000088 15.05000038 8.45000088 0 P 0
L 14.85000078 14.90000068 14.85000078 15.20000008 0 P 0
L 14.85000078 16.00000102 14.85000078 16.30000042 0 P 0
L 14.87392758 16.99570388 14.87392758 17.29570328 0 P 0
L 14.90000068 8.30000118 14.90000068 8.60000058 0 P 0
L 15.34999724 2.15000078 15.64999664 2.15000078 0 P 0
L 15.34999978 0.75000104 15.64999918 0.75000104 0 P 0
L 15.49999694 2.00000108 15.49999694 2.30000048 0 P 0
L 15.49999948 0.60000134 15.49999948 0.90000074 0 P 0
L 15.64000174 4.16999928 16.73999954 4.16999928 0 P 0
L 16.19000064 3.62000038 16.19000064 4.71999818 0 P 0
L 16.2749992 9.2750005 16.5749986 9.2750005 0 P 0
L 16.4249989 9.1250008 16.4249989 9.4250002 0 P 0
L 16.84999678 2.15000078 17.14999618 2.15000078 0 P 0
L 16.84999932 0.75000104 17.14999872 0.75000104 0 P 0
L 16.89999922 6.1000005 17.19999862 6.1000005 0 P 0
L 16.99999648 2.00000108 16.99999648 2.30000048 0 P 0
L 16.99999902 0.60000134 16.99999902 0.90000074 0 P 0
L 17.04999892 5.9500008 17.04999892 6.2500002 0 P 0
L 17.10000136 10.05000022 17.40000076 10.05000022 0 P 0
L 17.25000106 9.90000052 17.25000106 10.19999992 0 P 0
L 17.52499924 17.15000126 17.82499864 17.15000126 0 P 0
L 17.67499894 17.00000156 17.67499894 17.30000096 0 P 0
L 18.09699962 5.5156481 18.39699902 5.5156481 0 P 0
L 18.18000174 4.16999928 19.27999954 4.16999928 0 P 0
L 18.19999916 11.00000086 18.49999856 11.00000086 0 P 0
L 18.24699932 5.3656484 18.24699932 5.6656478 0 P 0
L 18.34999632 2.15000078 18.64999572 2.15000078 0 P 0
L 18.34999632 12.64999756 18.64999572 12.64999756 0 P 0
L 18.34999632 14.1499971 18.64999572 14.1499971 0 P 0
L 18.34999632 15.64999664 18.64999572 15.64999664 0 P 0
L 18.34999886 10.85000116 18.34999886 11.15000056 0 P 0
L 18.49999602 2.00000108 18.49999602 2.30000048 0 P 0
L 18.49999602 12.49999786 18.49999602 12.79999726 0 P 0
L 18.49999602 13.9999974 18.49999602 14.2999968 0 P 0
L 18.49999602 15.49999694 18.49999602 15.79999634 0 P 0
L 18.73000064 3.62000038 18.73000064 4.71999818 0 P 0
L 18.8739272 17.14570358 19.1739266 17.14570358 0 P 0
L 19.0239269 16.99570388 19.0239269 17.29570328 0 P 0
L 19.2999995 11.00000086 19.5999989 11.00000086 0 P 0
L 19.4499992 10.85000116 19.4499992 11.15000056 0 P 0
L 19.47500042 6.1000005 19.77499982 6.1000005 0 P 0
L 19.62500012 5.9500008 19.62500012 6.2500002 0 P 0
L 19.84999586 2.15000078 20.14999526 2.15000078 0 P 0
L 19.84999586 3.65000032 20.14999526 3.65000032 0 P 0
L 19.84999586 12.64999756 20.14999526 12.64999756 0 P 0
L 19.84999586 14.1499971 20.14999526 14.1499971 0 P 0
L 19.84999586 15.64999664 20.14999526 15.64999664 0 P 0
L 19.84999586 17.14999618 20.14999526 17.14999618 0 P 0
L 19.99999556 2.00000108 19.99999556 2.30000048 0 P 0
L 19.99999556 3.50000062 19.99999556 3.80000002 0 P 0
L 19.99999556 12.49999786 19.99999556 12.79999726 0 P 0
L 19.99999556 13.9999974 19.99999556 14.2999968 0 P 0
L 19.99999556 15.49999694 19.99999556 15.79999634 0 P 0
L 19.99999556 16.99999648 19.99999556 17.29999588 0 P 0
L 20.39999984 11.10000066 20.69999924 11.10000066 0 P 0
L 20.54999954 10.95000096 20.54999954 11.25000036 0 P 0
L 20.72000174 4.16999928 21.81999954 4.16999928 0 P 0
L 20.82500026 17.15000126 21.12499966 17.15000126 0 P 0
L 20.97499996 17.00000156 20.97499996 17.30000096 0 P 0
L 21.27000064 3.62000038 21.27000064 4.71999818 0 P 0
L 21.3499954 2.15000078 21.6499948 2.15000078 0 P 0
L 21.3499954 12.64999756 21.6499948 12.64999756 0 P 0
L 21.3499954 14.1499971 21.6499948 14.1499971 0 P 0
L 21.3499954 15.64999664 21.6499948 15.64999664 0 P 0
L 21.4999951 2.00000108 21.4999951 2.30000048 0 P 0
L 21.4999951 12.49999786 21.4999951 12.79999726 0 P 0
L 21.4999951 13.9999974 21.4999951 14.2999968 0 P 0
L 21.4999951 15.49999694 21.4999951 15.79999634 0 P 0
L 21.64999988 11.64999956 21.94999928 11.64999956 0 P 0
L 21.79999958 11.49999986 21.79999958 11.79999926 0 P 0
L 22.1750001 17.15000126 22.4749995 17.15000126 0 P 0
L 22.3249998 17.00000156 22.3249998 17.30000096 0 P 0
L 22.84999494 2.15000078 23.14999434 2.15000078 0 P 0
L 22.84999494 5.14999986 23.14999434 5.14999986 0 P 0
L 22.85000002 0.75000104 23.14999942 0.75000104 0 P 0
L 22.99999464 2.00000108 22.99999464 2.30000048 0 P 0
L 22.99999464 5.00000016 22.99999464 5.29999956 0 P 0
L 22.99999972 0.60000134 22.99999972 0.90000074 0 P 0
L 23.26000174 4.16999928 24.35999954 4.16999928 0 P 0
L 23.42500014 9.2750005 23.72499954 9.2750005 0 P 0
L 23.57499984 9.1250008 23.57499984 9.4250002 0 P 0
L 23.81000064 3.62000038 23.81000064 4.71999818 0 P 0
L 24.34999448 2.15000078 24.64999388 2.15000078 0 P 0
L 24.34999956 0.75000104 24.64999896 0.75000104 0 P 0
L 24.49999418 2.00000108 24.49999418 2.30000048 0 P 0
L 24.49999926 0.60000134 24.49999926 0.90000074 0 P 0
L 24.54999916 7.67500116 24.84999856 7.67500116 0 P 0
L 24.69999886 7.52500146 24.69999886 7.82500086 0 P 0
L 24.9500009 17.15000126 25.2500003 17.15000126 0 P 0
L 24.97499958 8.45000088 25.27499898 8.45000088 0 P 0
L 25.1000006 17.00000156 25.1000006 17.30000096 0 P 0
L 25.12499928 8.30000118 25.12499928 8.60000058 0 P 0
L 25.2500003 12.8499997 25.5499997 12.8499997 0 P 0
L 25.4 12.7 25.4 12.9999994 0 P 0
L 25.4999998 14.42500036 25.7999992 14.42500036 0 P 0
L 25.6499995 14.27500066 25.6499995 14.57500006 0 P 0
L 25.80000174 4.16999928 26.89999954 4.16999928 0 P 0
L 25.84999402 2.15000078 26.14999342 2.15000078 0 P 0
L 25.84999402 6.6499994 26.14999342 6.6499994 0 P 0
L 25.84999402 8.14999894 26.14999342 8.14999894 0 P 0
L 25.84999402 11.14999802 26.14999342 11.14999802 0 P 0
L 25.84999402 17.14999618 26.14999342 17.14999618 0 P 0
L 25.8499991 0.75000104 26.1499985 0.75000104 0 P 0
L 25.99999372 2.00000108 25.99999372 2.30000048 0 P 0
L 25.99999372 6.4999997 25.99999372 6.7999991 0 P 0
L 25.99999372 7.99999924 25.99999372 8.29999864 0 P 0
L 25.99999372 10.99999832 25.99999372 11.29999772 0 P 0
L 25.99999372 16.99999648 25.99999372 17.29999588 0 P 0
L 25.9999988 0.60000134 25.9999988 0.90000074 0 P 0
L 26.35000064 3.62000038 26.35000064 4.71999818 0 P 0
L 27.34999356 2.15000078 27.64999296 2.15000078 0 P 0
L 27.34999356 3.65000032 27.64999296 3.65000032 0 P 0
L 27.34999356 5.14999986 27.64999296 5.14999986 0 P 0
L 27.34999356 6.6499994 27.64999296 6.6499994 0 P 0
L 27.34999356 8.14999894 27.64999296 8.14999894 0 P 0
L 27.34999356 11.14999802 27.64999296 11.14999802 0 P 0
L 27.34999356 12.64999756 27.64999296 12.64999756 0 P 0
L 27.35000118 0.75000104 27.65000058 0.75000104 0 P 0
L 27.35000118 17.15000126 27.65000058 17.15000126 0 P 0
L 27.49999326 2.00000108 27.49999326 2.30000048 0 P 0
L 27.49999326 3.50000062 27.49999326 3.80000002 0 P 0
L 27.49999326 5.00000016 27.49999326 5.29999956 0 P 0
L 27.49999326 6.4999997 27.49999326 6.7999991 0 P 0
L 27.49999326 7.99999924 27.49999326 8.29999864 0 P 0
L 27.49999326 10.99999832 27.49999326 11.29999772 0 P 0
L 27.49999326 12.49999786 27.49999326 12.79999726 0 P 0
L 27.50000088 0.60000134 27.50000088 0.90000074 0 P 0
L 27.50000088 17.00000156 27.50000088 17.30000096 0 P 0
L 28.34000174 4.16999928 29.43999954 4.16999928 0 P 0
L 28.8499931 2.15000078 29.1499925 2.15000078 0 P 0
L 28.8499931 6.6499994 29.1499925 6.6499994 0 P 0
L 28.8499931 8.14999894 29.1499925 8.14999894 0 P 0
L 28.8499931 11.14999802 29.1499925 11.14999802 0 P 0
L 28.8499931 12.64999756 29.1499925 12.64999756 0 P 0
L 28.85000072 0.75000104 29.15000012 0.75000104 0 P 0
L 28.85000072 17.15000126 29.15000012 17.15000126 0 P 0
L 28.89000064 3.62000038 28.89000064 4.71999818 0 P 0
L 28.9999928 2.00000108 28.9999928 2.30000048 0 P 0
L 28.9999928 6.4999997 28.9999928 6.7999991 0 P 0
L 28.9999928 7.99999924 28.9999928 8.29999864 0 P 0
L 28.9999928 10.99999832 28.9999928 11.29999772 0 P 0
L 28.9999928 12.49999786 28.9999928 12.79999726 0 P 0
L 29.00000042 0.60000134 29.00000042 0.90000074 0 P 0
L 29.00000042 17.00000156 29.00000042 17.30000096 0 P 0
L 30.34999264 2.15000078 30.64999204 2.15000078 0 P 0
L 30.34999264 3.65000032 30.64999204 3.65000032 0 P 0
L 30.34999264 5.14999986 30.64999204 5.14999986 0 P 0
L 30.34999264 6.6499994 30.64999204 6.6499994 0 P 0
L 30.34999264 8.14999894 30.64999204 8.14999894 0 P 0
L 30.34999264 11.14999802 30.64999204 11.14999802 0 P 0
L 30.34999264 12.64999756 30.64999204 12.64999756 0 P 0
L 30.35000026 0.75000104 30.64999966 0.75000104 0 P 0
L 30.35000026 17.15000126 30.64999966 17.15000126 0 P 0
L 30.49999234 2.00000108 30.49999234 2.30000048 0 P 0
L 30.49999234 3.50000062 30.49999234 3.80000002 0 P 0
L 30.49999234 5.00000016 30.49999234 5.29999956 0 P 0
L 30.49999234 6.4999997 30.49999234 6.7999991 0 P 0
L 30.49999234 7.99999924 30.49999234 8.29999864 0 P 0
L 30.49999234 10.99999832 30.49999234 11.29999772 0 P 0
L 30.49999234 12.49999786 30.49999234 12.79999726 0 P 0
L 30.49999996 0.60000134 30.49999996 0.90000074 0 P 0
L 30.49999996 17.00000156 30.49999996 17.30000096 0 P 0
L 31.5000005 13.70000054 31.7999999 13.70000054 0 P 0
L 31.6500002 13.55000084 31.6500002 13.85000024 0 P 0
L 31.84999218 2.15000078 32.14999158 2.15000078 0 P 0
L 31.84999218 3.65000032 32.14999158 3.65000032 0 P 0
L 31.84999218 5.14999986 32.14999158 5.14999986 0 P 0
L 31.84999218 6.6499994 32.14999158 6.6499994 0 P 0
L 31.84999218 8.14999894 32.14999158 8.14999894 0 P 0
L 31.84999218 9.64999848 32.14999158 9.64999848 0 P 0
L 31.84999218 11.14999802 32.14999158 11.14999802 0 P 0
L 31.8499998 0.75000104 32.1499992 0.75000104 0 P 0
L 31.8499998 17.15000126 32.1499992 17.15000126 0 P 0
L 31.99999188 2.00000108 31.99999188 2.30000048 0 P 0
L 31.99999188 3.50000062 31.99999188 3.80000002 0 P 0
L 31.99999188 5.00000016 31.99999188 5.29999956 0 P 0
L 31.99999188 6.4999997 31.99999188 6.7999991 0 P 0
L 31.99999188 7.99999924 31.99999188 8.29999864 0 P 0
L 31.99999188 9.49999878 31.99999188 9.79999818 0 P 0
L 31.99999188 10.99999832 31.99999188 11.29999772 0 P 0
L 31.9999995 0.60000134 31.9999995 0.90000074 0 P 0
L 31.9999995 17.00000156 31.9999995 17.30000096 0 P 0
L 32.97500136 14.80000088 33.27500076 14.80000088 0 P 0
L 33.12500106 14.65000118 33.12500106 14.95000058 0 P 0
L 33.34999172 2.15000078 33.64999112 2.15000078 0 P 0
L 33.34999172 3.65000032 33.64999112 3.65000032 0 P 0
L 33.34999172 5.14999986 33.64999112 5.14999986 0 P 0
L 33.34999172 6.6499994 33.64999112 6.6499994 0 P 0
L 33.34999172 8.14999894 33.64999112 8.14999894 0 P 0
L 33.34999172 11.14999802 33.64999112 11.14999802 0 P 0
L 33.34999172 12.64999756 33.64999112 12.64999756 0 P 0
L 33.34999934 0.75000104 33.64999874 0.75000104 0 P 0
L 33.34999934 17.15000126 33.64999874 17.15000126 0 P 0
L 33.49999142 2.00000108 33.49999142 2.30000048 0 P 0
L 33.49999142 3.50000062 33.49999142 3.80000002 0 P 0
L 33.49999142 5.00000016 33.49999142 5.29999956 0 P 0
L 33.49999142 6.4999997 33.49999142 6.7999991 0 P 0
L 33.49999142 7.99999924 33.49999142 8.29999864 0 P 0
L 33.49999142 10.99999832 33.49999142 11.29999772 0 P 0
L 33.49999142 12.49999786 33.49999142 12.79999726 0 P 0
L 33.49999904 0.60000134 33.49999904 0.90000074 0 P 0
L 33.49999904 17.00000156 33.49999904 17.30000096 0 P 0
L 34.84999126 3.65000032 35.14999066 3.65000032 0 P 0
L 34.84999126 5.14999986 35.14999066 5.14999986 0 P 0
L 34.84999126 6.6499994 35.14999066 6.6499994 0 P 0
L 34.84999126 8.14999894 35.14999066 8.14999894 0 P 0
L 34.84999126 9.64999848 35.14999066 9.64999848 0 P 0
L 34.84999126 11.14999802 35.14999066 11.14999802 0 P 0
L 34.84999126 12.64999756 35.14999066 12.64999756 0 P 0
L 34.85000142 0.75000104 35.15000082 0.75000104 0 P 0
L 34.85000142 2.15000078 35.15000082 2.15000078 0 P 0
L 34.85000142 15.49999948 35.15000082 15.49999948 0 P 0
L 34.85000142 17.15000126 35.15000082 17.15000126 0 P 0
L 34.99999096 3.50000062 34.99999096 3.80000002 0 P 0
L 34.99999096 5.00000016 34.99999096 5.29999956 0 P 0
L 34.99999096 6.4999997 34.99999096 6.7999991 0 P 0
L 34.99999096 7.99999924 34.99999096 8.29999864 0 P 0
L 34.99999096 9.49999878 34.99999096 9.79999818 0 P 0
L 34.99999096 10.99999832 34.99999096 11.29999772 0 P 0
L 34.99999096 12.49999786 34.99999096 12.79999726 0 P 0
L 35.00000112 0.60000134 35.00000112 0.90000074 0 P 0
L 35.00000112 2.00000108 35.00000112 2.30000048 0 P 0
L 35.00000112 15.34999978 35.00000112 15.64999918 0 P 0
L 35.00000112 17.00000156 35.00000112 17.30000096 0 P 0
L 35.35000042 14.14999964 35.64999982 14.14999964 0 P 0
L 35.50000012 13.99999994 35.50000012 14.29999934 0 P 0
L 35.69296392 14.90861636 35.99296332 14.90861636 0 P 0
L 35.84296362 14.75861666 35.84296362 15.05861606 0 P 0
L 35.90176208 10.2767638 36.20176148 10.2767638 0 P 0
L 35.97650158 6.45500106 36.97150086 6.45500106 0 P 0
L 36.05176178 10.1267641 36.05176178 10.4267635 0 P 0
L 36.3499908 5.14999986 36.6499902 5.14999986 0 P 0
L 36.3499908 11.14999802 36.6499902 11.14999802 0 P 0
L 36.3499908 12.64999756 36.6499902 12.64999756 0 P 0
L 36.35000096 15.49999948 36.65000036 15.49999948 0 P 0
L 36.35000096 17.15000126 36.65000036 17.15000126 0 P 0
L 36.47400122 5.95750142 36.47400122 6.9525007 0 P 0
L 36.4999905 5.00000016 36.4999905 5.29999956 0 P 0
L 36.4999905 10.99999832 36.4999905 11.29999772 0 P 0
L 36.4999905 12.49999786 36.4999905 12.79999726 0 P 0
L 36.50000066 15.34999978 36.50000066 15.64999918 0 P 0
L 36.50000066 17.00000156 36.50000066 17.30000096 0 P 0
L 36.600003 2.50000008 38.3999994 2.50000008 0 P 0
L 36.99250158 11.53500106 37.98750086 11.53500106 0 P 0
L 37.49000122 11.03750142 37.49000122 12.0325007 0 P 0
L 37.5000012 1.60000188 37.5000012 3.39999828 0 P 0
L 37.84999034 5.14999986 38.14998974 5.14999986 0 P 0
L 37.84999034 14.1499971 38.14998974 14.1499971 0 P 0
L 37.84999034 17.14999618 38.14998974 17.14999618 0 P 0
L 37.99999004 5.00000016 37.99999004 5.29999956 0 P 0
L 37.99999004 13.9999974 37.99999004 14.2999968 0 P 0
L 37.99999004 16.99999648 37.99999004 17.29999588 0 P 0
L 38.00850158 6.45500106 39.00350086 6.45500106 0 P 0
L 38.50600122 5.95750142 38.50600122 6.9525007 0 P 0
L 38.67500012 8.99999978 38.97499952 8.99999978 0 P 0
L 38.82499982 8.85000008 38.82499982 9.14999948 0 P 0
L 39.10000054 5.14999986 39.39999994 5.14999986 0 P 0
L 39.10000054 8.14999894 39.39999994 8.14999894 0 P 0
L 39.10000054 9.65000102 39.39999994 9.65000102 0 P 0
L 39.10000054 11.15000056 39.39999994 11.15000056 0 P 0
L 39.10000054 12.6500001 39.39999994 12.6500001 0 P 0
L 39.10000054 14.14999964 39.39999994 14.14999964 0 P 0
L 39.10000054 15.64999918 39.39999994 15.64999918 0 P 0
L 39.10000054 17.15000126 39.39999994 17.15000126 0 P 0
L 39.25000024 5.00000016 39.25000024 5.29999956 0 P 0
L 39.25000024 7.99999924 39.25000024 8.29999864 0 P 0
L 39.25000024 9.50000132 39.25000024 9.80000072 0 P 0
L 39.25000024 11.00000086 39.25000024 11.30000026 0 P 0
L 39.25000024 12.5000004 39.25000024 12.7999998 0 P 0
L 39.25000024 13.99999994 39.25000024 14.29999934 0 P 0
L 39.25000024 15.49999948 39.25000024 15.79999888 0 P 0
L 39.25000024 17.00000156 39.25000024 17.30000096 0 P 0
