UNITS=MM
#Layer_Color=16711935
#
#Feature symbol names
#
$0 r49.9999
$1 r99.9998

#
#Feature attribute names
#

#
#Layer features
#
A 4.38900062 10.00000032 4.38900062 10.00000032 3.50000062 10.00000032 0 P 0 N
A 19.3890011 10.00000032 19.3890011 10.00000032 18.5000011 10.00000032 0 P 0 N
L 0.4499991 17.89999722 0.4499991 19.6999987 1 P 0
L 0.4499991 17.89999722 1.54999944 17.89999722 1 P 0
L 0.4499991 19.6999987 1.54999944 19.6999987 1 P 0
L 0.84000086 0.17999964 0.84000086 2.71999964 1 P 0
L 0.84000086 0.17999964 21.16000086 0.17999964 1 P 0
L 0.84000086 2.71999964 21.16000086 2.71999964 1 P 0
L 1.1400028 29.45200104 1.1400028 35.95200074 0 P 0
L 1.1400028 29.45200104 7.6400025 29.45200104 0 P 0
L 1.1400028 35.95200074 7.6400025 35.95200074 0 P 0
L 1.49999954 13.75000044 1.49999954 16.25000052 0 P 0
L 1.49999954 13.75000044 5.5000017 13.75000044 0 P 0
L 1.49999954 16.25000052 2.64999978 16.25000052 0 P 0
L 1.54999944 17.89999722 1.54999944 19.6999987 1 P 0
L 1.76500028 25.59999706 1.76500028 26.6499975 1 P 0
L 1.76500028 25.59999706 2.31499918 25.59999706 1 P 0
L 1.76500028 26.6499975 2.31499918 26.6499975 1 P 0
L 1.80008022 16.69999454 1.80008022 17.29998572 0 P 0
L 1.80008022 16.69999454 2.60008116 16.69999454 0 P 0
L 1.80008022 17.29998572 2.60008116 17.29998572 0 P 0
L 2.10000088 18.550001 2.10000088 19.65000134 0 P 0
L 2.10000088 18.550001 2.69999968 18.550001 0 P 0
L 2.10000088 19.65000134 2.69999968 19.65000134 0 P 0
L 2.31499918 25.59999706 2.31499918 26.6499975 1 P 0
L 2.60008116 16.69999454 2.60008116 17.29998572 0 P 0
L 2.64999978 16.25000052 2.6501725 16.24991416 0 P 0
L 2.6501725 16.24991416 4.35000146 16.25000052 0 P 0
L 2.69999968 18.550001 2.69999968 19.65000134 0 P 0
L 3.0899989 25.77499798 3.0899989 27.37499732 0 P 0
L 3.0899989 25.77499798 6.38999992 25.77499798 0 P 0
L 3.0899989 27.37499732 6.38999992 27.37499732 0 P 0
L 3.10000142 18.550001 3.10000142 19.65000134 0 P 0
L 3.10000142 18.550001 3.70000022 18.550001 0 P 0
L 3.10000142 19.65000134 3.70000022 19.65000134 0 P 0
L 3.70000022 18.550001 3.70000022 19.65000134 0 P 0
L 4.09999942 18.54999846 4.09999942 19.6499988 0 P 0
L 4.09999942 18.54999846 4.69999822 18.54999846 0 P 0
L 4.09999942 19.6499988 4.69999822 19.6499988 0 P 0
L 4.35000146 16.25000052 5.5000017 16.25000052 0 P 0
L 4.69999822 18.54999846 4.69999822 19.6499988 0 P 0
L 5.5000017 13.75000044 5.5000017 16.25000052 0 P 0
L 6.1500004 17.9000023 6.1500004 19.70000378 1 P 0
L 6.1500004 17.9000023 7.25000074 17.9000023 1 P 0
L 6.1500004 19.70000378 7.25000074 19.70000378 1 P 0
L 6.38999992 25.77499798 6.38999992 27.37499732 0 P 0
L 7.16499964 25.59999706 7.16499964 26.6499975 1 P 0
L 7.16499964 25.59999706 7.71499854 25.59999706 1 P 0
L 7.16499964 26.6499975 7.71499854 26.6499975 1 P 0
L 7.25000074 17.9000023 7.25000074 19.70000378 1 P 0
L 7.6400025 29.45200104 7.6400025 35.95200074 0 P 0
L 7.71499854 25.59999706 7.71499854 26.6499975 1 P 0
L 8.80000018 18.550001 8.80000018 19.65000134 0 P 0
L 8.80000018 18.550001 9.39999898 18.550001 0 P 0
L 8.80000018 19.65000134 9.39999898 19.65000134 0 P 0
L 9.39999898 18.550001 9.39999898 19.65000134 0 P 0
L 9.74499956 14.06299956 9.74499956 16.16300044 0 P 0
L 9.74499956 14.06299956 11.84500044 14.06299956 0 P 0
L 9.74499956 16.16300044 11.84500044 16.16300044 0 P 0
L 9.80000072 18.550001 9.80000072 19.65000134 0 P 0
L 9.80000072 18.550001 10.39999952 18.550001 0 P 0
L 9.80000072 19.65000134 10.39999952 19.65000134 0 P 0
L 10.39999952 18.550001 10.39999952 19.65000134 0 P 0
L 10.80000126 18.550001 10.80000126 19.65000134 0 P 0
L 10.80000126 18.550001 11.40000006 18.550001 0 P 0
L 10.80000126 19.65000134 11.40000006 19.65000134 0 P 0
L 11.40000006 18.550001 11.40000006 19.65000134 0 P 0
L 11.8000018 18.550001 11.8000018 19.65000134 0 P 0
L 11.8000018 18.550001 12.4000006 18.550001 0 P 0
L 11.8000018 19.65000134 12.4000006 19.65000134 0 P 0
L 11.84500044 14.06299956 11.84500044 16.16300044 0 P 0
L 12.4000006 18.550001 12.4000006 19.65000134 0 P 0
L 12.7999998 18.550001 12.7999998 19.65000134 0 P 0
L 12.7999998 18.550001 13.3999986 18.550001 0 P 0
L 12.7999998 19.65000134 13.3999986 19.65000134 0 P 0
L 13.3999986 18.550001 13.3999986 19.65000134 0 P 0
L 13.80000034 18.550001 13.80000034 19.65000134 0 P 0
L 13.80000034 18.550001 14.39999914 18.550001 0 P 0
L 13.80000034 19.65000134 14.39999914 19.65000134 0 P 0
L 14.39999914 18.550001 14.39999914 19.65000134 0 P 0
L 14.90000068 18.550001 14.90000068 19.65000134 0 P 0
L 14.90000068 18.550001 15.49999948 18.550001 0 P 0
L 14.90000068 19.65000134 15.49999948 19.65000134 0 P 0
L 15.49999948 18.550001 15.49999948 19.65000134 0 P 0
L 15.90000122 18.550001 15.90000122 19.65000134 0 P 0
L 15.90000122 18.550001 16.50000002 18.550001 0 P 0
L 15.90000122 19.65000134 16.50000002 19.65000134 0 P 0
L 16.50000002 13.75000044 16.50000002 16.25000052 0 P 0
L 16.50000002 13.75000044 20.50000218 13.75000044 0 P 0
L 16.50000002 16.25000052 17.65000026 16.25000052 0 P 0
L 16.50000002 18.550001 16.50000002 19.65000134 0 P 0
L 16.8000807 16.69999454 16.8000807 17.29998572 0 P 0
L 16.8000807 16.69999454 17.60008164 16.69999454 0 P 0
L 16.8000807 17.29998572 17.60008164 17.29998572 0 P 0
L 16.90000176 18.550001 16.90000176 19.65000134 0 P 0
L 16.90000176 18.550001 17.50000056 18.550001 0 P 0
L 16.90000176 19.65000134 17.50000056 19.65000134 0 P 0
L 17.50000056 18.550001 17.50000056 19.65000134 0 P 0
L 17.60008164 16.69999454 17.60008164 17.29998572 0 P 0
L 17.65000026 16.25000052 17.65017298 16.24991416 0 P 0
L 17.65017298 16.24991416 19.35000194 16.25000052 0 P 0
L 18.69999816 18.54999846 18.69999816 19.6499988 0 P 0
L 18.69999816 18.54999846 19.29999696 18.54999846 0 P 0
L 18.69999816 19.6499988 19.29999696 19.6499988 0 P 0
L 19.29999696 18.54999846 19.29999696 19.6499988 0 P 0
L 19.35000194 16.25000052 20.50000218 16.25000052 0 P 0
L 19.6999987 18.54999846 19.6999987 19.6499988 0 P 0
L 19.6999987 18.54999846 20.2999975 18.54999846 0 P 0
L 19.6999987 19.6499988 20.2999975 19.6499988 0 P 0
L 20.2999975 18.54999846 20.2999975 19.6499988 0 P 0
L 20.50000218 13.75000044 20.50000218 16.25000052 0 P 0
L 21.16000086 0.17999964 21.16000086 2.71999964 1 P 0
