UNITS=MM
#Layer_Color=9474304
#
#Feature symbol names
#
$0 r127

#
#Feature attribute names
#

#
#Layer features
#
L 0.60000134 4.75000066 0.90000074 4.75000066 0 P 0
L 0.65000124 12.7499999 0.95000064 12.7499999 0 P 0
L 0.65000124 13.40000114 0.95000064 13.40000114 0 P 0
L 0.65000124 15.34999978 0.95000064 15.34999978 0 P 0
L 0.75000104 4.60000096 0.75000104 4.90000036 0 P 0
L 0.80000094 12.6000002 0.80000094 12.8999996 0 P 0
L 0.80000094 13.25000144 0.80000094 13.55000084 0 P 0
L 0.80000094 15.20000008 0.80000094 15.49999948 0 P 0
L 1.60000188 2.50000008 3.39999828 2.50000008 0 P 0
L 1.85000138 4.75000574 2.15000078 4.75000574 0 P 0
L 2.00000108 4.60000604 2.00000108 4.90000544 0 P 0
L 2.0001992 15.64649652 2.3001986 15.64649652 0 P 0
L 2.02499976 11.05000076 2.32499916 11.05000076 0 P 0
L 2.1501989 15.49649682 2.1501989 15.79649622 0 P 0
L 2.17499946 10.90000106 2.17499946 11.20000046 0 P 0
L 2.50000008 1.60000188 2.50000008 3.39999828 0 P 0
L 2.6250011 14.72499976 2.9250005 14.72499976 0 P 0
L 2.6250011 15.64999918 2.9250005 15.64999918 0 P 0
L 2.7499945 13.0999738 3.0499939 13.0999738 0 P 0
L 2.75779484 11.06720418 3.05779424 11.06720418 0 P 0
L 2.7750008 14.57500006 2.7750008 14.87499946 0 P 0
L 2.7750008 15.49999948 2.7750008 15.79999888 0 P 0
L 2.8999942 12.9499741 2.8999942 13.2499735 0 P 0
L 2.90779454 10.91720448 2.90779454 11.21720388 0 P 0
L 2.94999918 13.90000014 3.24999858 13.90000014 0 P 0
L 3.09999888 13.75000044 3.09999888 14.04999984 0 P 0
L 3.35000092 4.75000574 3.65000032 4.75000574 0 P 0
L 3.35000092 6.25000528 3.65000032 6.25000528 0 P 0
L 3.35000092 10.24999982 3.65000032 10.24999982 0 P 0
L 3.50000062 4.60000604 3.50000062 4.90000544 0 P 0
L 3.50000062 6.10000558 3.50000062 6.40000498 0 P 0
L 3.50000062 10.10000012 3.50000062 10.39999952 0 P 0
L 3.5249993 15.07499906 3.8249987 15.07499906 0 P 0
L 3.674999 14.92499936 3.674999 15.22499876 0 P 0
L 4.19999922 15.07499906 4.49999862 15.07499906 0 P 0
L 4.34999892 14.92499936 4.34999892 15.22499876 0 P 0
L 4.35000146 8.99999978 4.65000086 8.99999978 0 P 0
L 4.50000116 8.85000008 4.50000116 9.14999948 0 P 0
L 4.85000046 0.75000104 5.14999986 0.75000104 0 P 0
L 4.85000046 1.74999904 5.14999986 1.74999904 0 P 0
L 4.85000046 3.2500062 5.14999986 3.2500062 0 P 0
L 4.85000046 4.75000574 5.14999986 4.75000574 0 P 0
L 4.85000046 6.25000528 5.14999986 6.25000528 0 P 0
L 4.85000046 7.75000482 5.14999986 7.75000482 0 P 0
L 4.90000036 17.62499904 5.19999976 17.62499904 0 P 0
L 5.00000016 0.60000134 5.00000016 0.90000074 0 P 0
L 5.00000016 1.59999934 5.00000016 1.89999874 0 P 0
L 5.00000016 3.1000065 5.00000016 3.4000059 0 P 0
L 5.00000016 4.60000604 5.00000016 4.90000544 0 P 0
L 5.00000016 6.10000558 5.00000016 6.40000498 0 P 0
L 5.00000016 7.60000512 5.00000016 7.90000452 0 P 0
L 5.05000006 17.47499934 5.05000006 17.77499874 0 P 0
L 5.2499895 16.7999664 5.5499889 16.7999664 0 P 0
L 5.34999946 13.199999 5.64999886 13.199999 0 P 0
L 5.3999892 16.6499667 5.3999892 16.9499661 0 P 0
L 5.49999916 13.0499993 5.49999916 13.3499987 0 P 0
L 5.6000015 10.24999982 5.9000009 10.24999982 0 P 0
L 5.6500014 17.62499904 5.9500008 17.62499904 0 P 0
L 5.74100452 12.51399834 6.04100392 12.51399834 0 P 0
L 5.7500012 10.10000012 5.7500012 10.39999952 0 P 0
L 5.7500012 13.90000014 6.0500006 13.90000014 0 P 0
L 5.77499988 15.59999928 6.07499928 15.59999928 0 P 0
L 5.8000011 17.47499934 5.8000011 17.77499874 0 P 0
L 5.89100422 12.36399864 5.89100422 12.66399804 0 P 0
L 5.9000009 13.75000044 5.9000009 14.04999984 0 P 0
L 5.92499958 15.44999958 5.92499958 15.74999898 0 P 0
L 6.35 0.75000104 6.6499994 0.75000104 0 P 0
L 6.35 1.74999904 6.6499994 1.74999904 0 P 0
L 6.35 3.2500062 6.6499994 3.2500062 0 P 0
L 6.35 4.75000574 6.6499994 4.75000574 0 P 0
L 6.35 6.25000528 6.6499994 6.25000528 0 P 0
L 6.3999999 17.62499904 6.6999993 17.62499904 0 P 0
L 6.4999997 0.60000134 6.4999997 0.90000074 0 P 0
L 6.4999997 1.59999934 6.4999997 1.89999874 0 P 0
L 6.4999997 3.1000065 6.4999997 3.4000059 0 P 0
L 6.4999997 4.60000604 6.4999997 4.90000544 0 P 0
L 6.4999997 6.10000558 6.4999997 6.40000498 0 P 0
L 6.5499996 17.47499934 6.5499996 17.77499874 0 P 0
L 7.84999954 0.75000104 8.14999894 0.75000104 0 P 0
L 7.84999954 1.74999904 8.14999894 1.74999904 0 P 0
L 7.84999954 3.2500062 8.14999894 3.2500062 0 P 0
L 7.84999954 6.25000528 8.14999894 6.25000528 0 P 0
L 7.84999954 16.75000206 8.14999894 16.75000206 0 P 0
L 7.84999954 18.2500016 8.14999894 18.2500016 0 P 0
L 7.84999954 19.75000114 8.14999894 19.75000114 0 P 0
L 7.84999954 21.25000068 8.14999894 21.25000068 0 P 0
L 7.99999924 0.60000134 7.99999924 0.90000074 0 P 0
L 7.99999924 1.59999934 7.99999924 1.89999874 0 P 0
L 7.99999924 3.1000065 7.99999924 3.4000059 0 P 0
L 7.99999924 6.10000558 7.99999924 6.40000498 0 P 0
L 7.99999924 16.60000236 7.99999924 16.90000176 0 P 0
L 7.99999924 18.1000019 7.99999924 18.4000013 0 P 0
L 7.99999924 19.60000144 7.99999924 19.90000084 0 P 0
L 7.99999924 21.10000098 7.99999924 21.40000038 0 P 0
L 8.35000108 11.74999936 8.65000048 11.74999936 0 P 0
L 8.50000078 11.59999966 8.50000078 11.89999906 0 P 0
L 9.34999908 0.75000104 9.64999848 0.75000104 0 P 0
L 9.34999908 1.74999904 9.64999848 1.74999904 0 P 0
L 9.34999908 4.75000574 9.64999848 4.75000574 0 P 0
L 9.34999908 6.25000528 9.64999848 6.25000528 0 P 0
L 9.34999908 7.75000482 9.64999848 7.75000482 0 P 0
L 9.34999908 9.25000436 9.64999848 9.25000436 0 P 0
L 9.34999908 16.75000206 9.64999848 16.75000206 0 P 0
L 9.34999908 18.2500016 9.64999848 18.2500016 0 P 0
L 9.34999908 19.75000114 9.64999848 19.75000114 0 P 0
L 9.34999908 21.25000068 9.64999848 21.25000068 0 P 0
L 9.49999878 0.60000134 9.49999878 0.90000074 0 P 0
L 9.49999878 1.59999934 9.49999878 1.89999874 0 P 0
L 9.49999878 4.60000604 9.49999878 4.90000544 0 P 0
L 9.49999878 6.10000558 9.49999878 6.40000498 0 P 0
L 9.49999878 7.60000512 9.49999878 7.90000452 0 P 0
L 9.49999878 9.10000466 9.49999878 9.40000406 0 P 0
L 9.49999878 16.60000236 9.49999878 16.90000176 0 P 0
L 9.49999878 18.1000019 9.49999878 18.4000013 0 P 0
L 9.49999878 19.60000144 9.49999878 19.90000084 0 P 0
L 9.49999878 21.10000098 9.49999878 21.40000038 0 P 0
L 10.56000174 4.16999928 11.65999954 4.16999928 0 P 0
L 10.84999862 6.25000528 11.14999802 6.25000528 0 P 0
L 10.84999862 7.75000482 11.14999802 7.75000482 0 P 0
L 10.84999862 9.25000436 11.14999802 9.25000436 0 P 0
L 10.84999862 12.25000344 11.14999802 12.25000344 0 P 0
L 10.84999862 18.2500016 11.14999802 18.2500016 0 P 0
L 10.84999862 19.75000114 11.14999802 19.75000114 0 P 0
L 10.84999862 21.25000068 11.14999802 21.25000068 0 P 0
L 10.85000116 0.75000104 11.15000056 0.75000104 0 P 0
L 10.99999832 6.10000558 10.99999832 6.40000498 0 P 0
L 10.99999832 7.60000512 10.99999832 7.90000452 0 P 0
L 10.99999832 9.10000466 10.99999832 9.40000406 0 P 0
L 10.99999832 12.10000374 10.99999832 12.40000314 0 P 0
L 10.99999832 18.1000019 10.99999832 18.4000013 0 P 0
L 10.99999832 19.60000144 10.99999832 19.90000084 0 P 0
L 10.99999832 21.10000098 10.99999832 21.40000038 0 P 0
L 11.00000086 0.60000134 11.00000086 0.90000074 0 P 0
L 11.11000064 3.62000038 11.11000064 4.71999818 0 P 0
L 12.34999816 3.2500062 12.64999756 3.2500062 0 P 0
L 12.34999816 4.75000574 12.64999756 4.75000574 0 P 0
L 12.34999816 6.25000528 12.64999756 6.25000528 0 P 0
L 12.34999816 7.75000482 12.64999756 7.75000482 0 P 0
L 12.34999816 10.7500039 12.64999756 10.7500039 0 P 0
L 12.34999816 21.25000068 12.64999756 21.25000068 0 P 0
L 12.3500007 0.75000104 12.6500001 0.75000104 0 P 0
L 12.49999786 3.1000065 12.49999786 3.4000059 0 P 0
L 12.49999786 4.60000604 12.49999786 4.90000544 0 P 0
L 12.49999786 6.10000558 12.49999786 6.40000498 0 P 0
L 12.49999786 7.60000512 12.49999786 7.90000452 0 P 0
L 12.49999786 10.6000042 12.49999786 10.9000036 0 P 0
L 12.49999786 21.10000098 12.49999786 21.40000038 0 P 0
L 12.5000004 0.60000134 12.5000004 0.90000074 0 P 0
L 13.10000174 4.16999928 14.19999954 4.16999928 0 P 0
L 13.1499737 17.3999652 13.4499731 17.3999652 0 P 0
L 13.2999734 17.2499655 13.2999734 17.5499649 0 P 0
L 13.65000064 3.62000038 13.65000064 4.71999818 0 P 0
L 13.8499977 9.25000436 14.1499971 9.25000436 0 P 0
L 13.8499977 13.75000298 14.1499971 13.75000298 0 P 0
L 13.8499977 21.25000068 14.1499971 21.25000068 0 P 0
L 13.85000024 0.75000104 14.14999964 0.75000104 0 P 0
L 13.9999974 9.10000466 13.9999974 9.40000406 0 P 0
L 13.9999974 13.60000328 13.9999974 13.90000268 0 P 0
L 13.9999974 21.10000098 13.9999974 21.40000038 0 P 0
L 13.99999994 0.60000134 13.99999994 0.90000074 0 P 0
L 14.57500006 14.09999974 14.87499946 14.09999974 0 P 0
L 14.72499976 13.95000004 14.72499976 14.24999944 0 P 0
L 14.85000078 3.25000112 15.15000018 3.25000112 0 P 0
L 15.00000048 3.10000142 15.00000048 3.40000082 0 P 0
L 15.34999724 6.25000528 15.64999664 6.25000528 0 P 0
L 15.34999724 12.25000344 15.64999664 12.25000344 0 P 0
L 15.34999724 21.25000068 15.64999664 21.25000068 0 P 0
L 15.34999978 0.75000104 15.64999918 0.75000104 0 P 0
L 15.49999694 6.10000558 15.49999694 6.40000498 0 P 0
L 15.49999694 12.10000374 15.49999694 12.40000314 0 P 0
L 15.49999694 21.10000098 15.49999694 21.40000038 0 P 0
L 15.49999948 0.60000134 15.49999948 0.90000074 0 P 0
L 15.64000174 4.16999928 16.73999954 4.16999928 0 P 0
L 15.7499685 17.3999652 16.0499679 17.3999652 0 P 0
L 15.8999682 17.2499655 15.8999682 17.5499649 0 P 0
L 16.19000064 3.62000038 16.19000064 4.71999818 0 P 0
L 16.84999678 6.25000528 17.14999618 6.25000528 0 P 0
L 16.84999678 10.7500039 17.14999618 10.7500039 0 P 0
L 16.84999678 12.25000344 17.14999618 12.25000344 0 P 0
L 16.84999678 21.25000068 17.14999618 21.25000068 0 P 0
L 16.84999932 0.75000104 17.14999872 0.75000104 0 P 0
L 16.99999648 6.10000558 16.99999648 6.40000498 0 P 0
L 16.99999648 10.6000042 16.99999648 10.9000036 0 P 0
L 16.99999648 12.10000374 16.99999648 12.40000314 0 P 0
L 16.99999648 21.10000098 16.99999648 21.40000038 0 P 0
L 16.99999902 0.60000134 16.99999902 0.90000074 0 P 0
L 17.25000106 17.50000056 17.55000046 17.50000056 0 P 0
L 17.40000076 17.35000086 17.40000076 17.65000026 0 P 0
L 17.75000006 20.30000004 18.04999946 20.30000004 0 P 0
L 17.84999986 8.75000028 18.14999926 8.75000028 0 P 0
L 17.89999976 20.15000034 17.89999976 20.44999974 0 P 0
L 17.99999956 8.60000058 17.99999956 8.89999998 0 P 0
L 18.18000174 4.16999928 19.27999954 4.16999928 0 P 0
L 18.34999632 10.7500039 18.64999572 10.7500039 0 P 0
L 18.34999632 12.25000344 18.64999572 12.25000344 0 P 0
L 18.34999632 16.75000206 18.64999572 16.75000206 0 P 0
L 18.34999632 21.25000068 18.64999572 21.25000068 0 P 0
L 18.3500014 0.75000104 18.6500008 0.75000104 0 P 0
L 18.49999602 10.6000042 18.49999602 10.9000036 0 P 0
L 18.49999602 12.10000374 18.49999602 12.40000314 0 P 0
L 18.49999602 16.60000236 18.49999602 16.90000176 0 P 0
L 18.49999602 21.10000098 18.49999602 21.40000038 0 P 0
L 18.5000011 0.60000134 18.5000011 0.90000074 0 P 0
L 18.6000009 7.74999974 18.9000003 7.74999974 0 P 0
L 18.73000064 3.62000038 18.73000064 4.71999818 0 P 0
L 18.7500006 7.60000004 18.7500006 7.89999944 0 P 0
L 19.37500062 9.60000112 19.67500002 9.60000112 0 P 0
L 19.52500032 9.45000142 19.52500032 9.75000082 0 P 0
L 19.84999586 3.2500062 20.14999526 3.2500062 0 P 0
L 19.84999586 4.75000574 20.14999526 4.75000574 0 P 0
L 19.84999586 6.25000528 20.14999526 6.25000528 0 P 0
L 19.84999586 12.25000344 20.14999526 12.25000344 0 P 0
L 19.84999586 16.75000206 20.14999526 16.75000206 0 P 0
L 19.84999586 18.2500016 20.14999526 18.2500016 0 P 0
L 19.84999586 21.25000068 20.14999526 21.25000068 0 P 0
L 19.85000094 0.75000104 20.15000034 0.75000104 0 P 0
L 19.99999556 3.1000065 19.99999556 3.4000059 0 P 0
L 19.99999556 4.60000604 19.99999556 4.90000544 0 P 0
L 19.99999556 6.10000558 19.99999556 6.40000498 0 P 0
L 19.99999556 12.10000374 19.99999556 12.40000314 0 P 0
L 19.99999556 16.60000236 19.99999556 16.90000176 0 P 0
L 19.99999556 18.1000019 19.99999556 18.4000013 0 P 0
L 19.99999556 21.10000098 19.99999556 21.40000038 0 P 0
L 20.00000064 0.60000134 20.00000064 0.90000074 0 P 0
L 20.72000174 4.16999928 21.81999954 4.16999928 0 P 0
L 21.27000064 3.62000038 21.27000064 4.71999818 0 P 0
L 21.3499954 12.25000344 21.6499948 12.25000344 0 P 0
L 21.3499954 16.75000206 21.6499948 16.75000206 0 P 0
L 21.3499954 18.2500016 21.6499948 18.2500016 0 P 0
L 21.3499954 21.25000068 21.6499948 21.25000068 0 P 0
L 21.35000048 0.75000104 21.64999988 0.75000104 0 P 0
L 21.4999951 12.10000374 21.4999951 12.40000314 0 P 0
L 21.4999951 16.60000236 21.4999951 16.90000176 0 P 0
L 21.4999951 18.1000019 21.4999951 18.4000013 0 P 0
L 21.4999951 21.10000098 21.4999951 21.40000038 0 P 0
L 21.50000018 0.60000134 21.50000018 0.90000074 0 P 0
L 22.35000102 3.25000112 22.65000042 3.25000112 0 P 0
L 22.35000102 5.49999916 22.65000042 5.49999916 0 P 0
L 22.50000072 3.10000142 22.50000072 3.40000082 0 P 0
L 22.50000072 5.34999946 22.50000072 5.64999886 0 P 0
L 22.84999494 7.75000482 23.14999434 7.75000482 0 P 0
L 22.84999494 9.25000436 23.14999434 9.25000436 0 P 0
L 22.84999494 10.7500039 23.14999434 10.7500039 0 P 0
L 22.84999494 12.25000344 23.14999434 12.25000344 0 P 0
L 22.84999494 16.75000206 23.14999434 16.75000206 0 P 0
L 22.84999494 18.2500016 23.14999434 18.2500016 0 P 0
L 22.84999494 21.25000068 23.14999434 21.25000068 0 P 0
L 22.85000002 0.75000104 23.14999942 0.75000104 0 P 0
L 22.85000002 14.75000098 23.14999942 14.75000098 0 P 0
L 22.99999464 7.60000512 22.99999464 7.90000452 0 P 0
L 22.99999464 9.10000466 22.99999464 9.40000406 0 P 0
L 22.99999464 10.6000042 22.99999464 10.9000036 0 P 0
L 22.99999464 12.10000374 22.99999464 12.40000314 0 P 0
L 22.99999464 16.60000236 22.99999464 16.90000176 0 P 0
L 22.99999464 18.1000019 22.99999464 18.4000013 0 P 0
L 22.99999464 21.10000098 22.99999464 21.40000038 0 P 0
L 22.99999972 0.60000134 22.99999972 0.90000074 0 P 0
L 22.99999972 14.60000128 22.99999972 14.90000068 0 P 0
L 23.26000174 4.16999928 24.35999954 4.16999928 0 P 0
L 23.81000064 3.62000038 23.81000064 4.71999818 0 P 0
L 24.34999448 6.25000528 24.64999388 6.25000528 0 P 0
L 24.34999448 7.75000482 24.64999388 7.75000482 0 P 0
L 24.34999448 12.25000344 24.64999388 12.25000344 0 P 0
L 24.34999448 16.75000206 24.64999388 16.75000206 0 P 0
L 24.34999448 18.2500016 24.64999388 18.2500016 0 P 0
L 24.34999448 21.25000068 24.64999388 21.25000068 0 P 0
L 24.34999956 0.75000104 24.64999896 0.75000104 0 P 0
L 24.34999956 14.75000098 24.64999896 14.75000098 0 P 0
L 24.49999418 6.10000558 24.49999418 6.40000498 0 P 0
L 24.49999418 7.60000512 24.49999418 7.90000452 0 P 0
L 24.49999418 12.10000374 24.49999418 12.40000314 0 P 0
L 24.49999418 16.60000236 24.49999418 16.90000176 0 P 0
L 24.49999418 18.1000019 24.49999418 18.4000013 0 P 0
L 24.49999418 21.10000098 24.49999418 21.40000038 0 P 0
L 24.49999926 0.60000134 24.49999926 0.90000074 0 P 0
L 24.49999926 14.60000128 24.49999926 14.90000068 0 P 0
L 24.8500011 3.25000112 25.1500005 3.25000112 0 P 0
L 25.0000008 3.10000142 25.0000008 3.40000082 0 P 0
L 25.80000174 4.16999928 26.89999954 4.16999928 0 P 0
L 25.84999402 7.75000482 26.14999342 7.75000482 0 P 0
L 25.84999402 10.7500039 26.14999342 10.7500039 0 P 0
L 25.84999402 12.25000344 26.14999342 12.25000344 0 P 0
L 25.84999402 16.75000206 26.14999342 16.75000206 0 P 0
L 25.84999402 18.2500016 26.14999342 18.2500016 0 P 0
L 25.84999402 21.25000068 26.14999342 21.25000068 0 P 0
L 25.8499991 0.75000104 26.1499985 0.75000104 0 P 0
L 25.8499991 14.75000098 26.1499985 14.75000098 0 P 0
L 25.99999372 7.60000512 25.99999372 7.90000452 0 P 0
L 25.99999372 10.6000042 25.99999372 10.9000036 0 P 0
L 25.99999372 12.10000374 25.99999372 12.40000314 0 P 0
L 25.99999372 16.60000236 25.99999372 16.90000176 0 P 0
L 25.99999372 18.1000019 25.99999372 18.4000013 0 P 0
L 25.99999372 21.10000098 25.99999372 21.40000038 0 P 0
L 25.9999988 0.60000134 25.9999988 0.90000074 0 P 0
L 25.9999988 14.60000128 25.9999988 14.90000068 0 P 0
L 26.35000064 3.62000038 26.35000064 4.71999818 0 P 0
L 27.34999356 3.2500062 27.64999296 3.2500062 0 P 0
L 27.34999356 4.75000574 27.64999296 4.75000574 0 P 0
L 27.34999356 6.25000528 27.64999296 6.25000528 0 P 0
L 27.34999356 7.75000482 27.64999296 7.75000482 0 P 0
L 27.34999356 9.25000436 27.64999296 9.25000436 0 P 0
L 27.34999356 10.7500039 27.64999296 10.7500039 0 P 0
L 27.34999356 12.25000344 27.64999296 12.25000344 0 P 0
L 27.34999356 16.75000206 27.64999296 16.75000206 0 P 0
L 27.34999356 18.2500016 27.64999296 18.2500016 0 P 0
L 27.34999356 21.25000068 27.64999296 21.25000068 0 P 0
L 27.35000118 0.75000104 27.65000058 0.75000104 0 P 0
L 27.35000118 14.75000098 27.65000058 14.75000098 0 P 0
L 27.49999326 3.1000065 27.49999326 3.4000059 0 P 0
L 27.49999326 4.60000604 27.49999326 4.90000544 0 P 0
L 27.49999326 6.10000558 27.49999326 6.40000498 0 P 0
L 27.49999326 7.60000512 27.49999326 7.90000452 0 P 0
L 27.49999326 9.10000466 27.49999326 9.40000406 0 P 0
L 27.49999326 10.6000042 27.49999326 10.9000036 0 P 0
L 27.49999326 12.10000374 27.49999326 12.40000314 0 P 0
L 27.49999326 16.60000236 27.49999326 16.90000176 0 P 0
L 27.49999326 18.1000019 27.49999326 18.4000013 0 P 0
L 27.49999326 21.10000098 27.49999326 21.40000038 0 P 0
L 27.50000088 0.60000134 27.50000088 0.90000074 0 P 0
L 27.50000088 14.60000128 27.50000088 14.90000068 0 P 0
L 28.34000174 4.16999928 29.43999954 4.16999928 0 P 0
L 28.8499931 6.25000528 29.1499925 6.25000528 0 P 0
L 28.8499931 7.75000482 29.1499925 7.75000482 0 P 0
L 28.8499931 9.25000436 29.1499925 9.25000436 0 P 0
L 28.8499931 10.7500039 29.1499925 10.7500039 0 P 0
L 28.8499931 12.25000344 29.1499925 12.25000344 0 P 0
L 28.8499931 16.75000206 29.1499925 16.75000206 0 P 0
L 28.8499931 18.2500016 29.1499925 18.2500016 0 P 0
L 28.8499931 21.25000068 29.1499925 21.25000068 0 P 0
L 28.85000072 0.75000104 29.15000012 0.75000104 0 P 0
L 28.85000072 14.75000098 29.15000012 14.75000098 0 P 0
L 28.89000064 3.62000038 28.89000064 4.71999818 0 P 0
L 28.9999928 6.10000558 28.9999928 6.40000498 0 P 0
L 28.9999928 7.60000512 28.9999928 7.90000452 0 P 0
L 28.9999928 9.10000466 28.9999928 9.40000406 0 P 0
L 28.9999928 10.6000042 28.9999928 10.9000036 0 P 0
L 28.9999928 12.10000374 28.9999928 12.40000314 0 P 0
L 28.9999928 16.60000236 28.9999928 16.90000176 0 P 0
L 28.9999928 18.1000019 28.9999928 18.4000013 0 P 0
L 28.9999928 21.10000098 28.9999928 21.40000038 0 P 0
L 29.00000042 0.60000134 29.00000042 0.90000074 0 P 0
L 29.00000042 14.60000128 29.00000042 14.90000068 0 P 0
L 30.34999264 3.2500062 30.64999204 3.2500062 0 P 0
L 30.34999264 6.25000528 30.64999204 6.25000528 0 P 0
L 30.34999264 7.75000482 30.64999204 7.75000482 0 P 0
L 30.34999264 9.25000436 30.64999204 9.25000436 0 P 0
L 30.34999264 10.7500039 30.64999204 10.7500039 0 P 0
L 30.34999264 12.25000344 30.64999204 12.25000344 0 P 0
L 30.34999264 16.75000206 30.64999204 16.75000206 0 P 0
L 30.34999264 19.75000114 30.64999204 19.75000114 0 P 0
L 30.34999264 21.25000068 30.64999204 21.25000068 0 P 0
L 30.35000026 0.75000104 30.64999966 0.75000104 0 P 0
L 30.35000026 1.74999904 30.64999966 1.74999904 0 P 0
L 30.35000026 14.75000098 30.64999966 14.75000098 0 P 0
L 30.49999234 3.1000065 30.49999234 3.4000059 0 P 0
L 30.49999234 6.10000558 30.49999234 6.40000498 0 P 0
L 30.49999234 7.60000512 30.49999234 7.90000452 0 P 0
L 30.49999234 9.10000466 30.49999234 9.40000406 0 P 0
L 30.49999234 10.6000042 30.49999234 10.9000036 0 P 0
L 30.49999234 12.10000374 30.49999234 12.40000314 0 P 0
L 30.49999234 16.60000236 30.49999234 16.90000176 0 P 0
L 30.49999234 19.60000144 30.49999234 19.90000084 0 P 0
L 30.49999234 21.10000098 30.49999234 21.40000038 0 P 0
L 30.49999996 0.60000134 30.49999996 0.90000074 0 P 0
L 30.49999996 1.59999934 30.49999996 1.89999874 0 P 0
L 30.49999996 14.60000128 30.49999996 14.90000068 0 P 0
L 31.84999218 3.2500062 32.14999158 3.2500062 0 P 0
L 31.84999218 6.25000528 32.14999158 6.25000528 0 P 0
L 31.84999218 7.75000482 32.14999158 7.75000482 0 P 0
L 31.84999218 9.25000436 32.14999158 9.25000436 0 P 0
L 31.84999218 10.7500039 32.14999158 10.7500039 0 P 0
L 31.84999218 12.25000344 32.14999158 12.25000344 0 P 0
L 31.84999218 18.2500016 32.14999158 18.2500016 0 P 0
L 31.84999218 19.75000114 32.14999158 19.75000114 0 P 0
L 31.84999218 21.25000068 32.14999158 21.25000068 0 P 0
L 31.8499998 14.75000098 32.1499992 14.75000098 0 P 0
L 31.99999188 3.1000065 31.99999188 3.4000059 0 P 0
L 31.99999188 6.10000558 31.99999188 6.40000498 0 P 0
L 31.99999188 7.60000512 31.99999188 7.90000452 0 P 0
L 31.99999188 9.10000466 31.99999188 9.40000406 0 P 0
L 31.99999188 10.6000042 31.99999188 10.9000036 0 P 0
L 31.99999188 12.10000374 31.99999188 12.40000314 0 P 0
L 31.99999188 18.1000019 31.99999188 18.4000013 0 P 0
L 31.99999188 19.60000144 31.99999188 19.90000084 0 P 0
L 31.99999188 21.10000098 31.99999188 21.40000038 0 P 0
L 31.9999995 14.60000128 31.9999995 14.90000068 0 P 0
L 33.34999172 3.2500062 33.64999112 3.2500062 0 P 0
L 33.34999172 4.75000574 33.64999112 4.75000574 0 P 0
L 33.34999172 16.75000206 33.64999112 16.75000206 0 P 0
L 33.34999172 18.2500016 33.64999112 18.2500016 0 P 0
L 33.34999172 19.75000114 33.64999112 19.75000114 0 P 0
L 33.34999172 21.25000068 33.64999112 21.25000068 0 P 0
L 33.49999142 3.1000065 33.49999142 3.4000059 0 P 0
L 33.49999142 4.60000604 33.49999142 4.90000544 0 P 0
L 33.49999142 16.60000236 33.49999142 16.90000176 0 P 0
L 33.49999142 18.1000019 33.49999142 18.4000013 0 P 0
L 33.49999142 19.60000144 33.49999142 19.90000084 0 P 0
L 33.49999142 21.10000098 33.49999142 21.40000038 0 P 0
L 34.84999126 3.2500062 35.14999066 3.2500062 0 P 0
L 34.84999126 4.75000574 35.14999066 4.75000574 0 P 0
L 34.84999126 6.25000528 35.14999066 6.25000528 0 P 0
L 34.84999126 7.75000482 35.14999066 7.75000482 0 P 0
L 34.84999126 10.7500039 35.14999066 10.7500039 0 P 0
L 34.84999126 16.75000206 35.14999066 16.75000206 0 P 0
L 34.84999126 18.2500016 35.14999066 18.2500016 0 P 0
L 34.84999126 19.75000114 35.14999066 19.75000114 0 P 0
L 34.84999126 21.25000068 35.14999066 21.25000068 0 P 0
L 34.85000142 0.75000104 35.15000082 0.75000104 0 P 0
L 34.85000142 1.74999904 35.15000082 1.74999904 0 P 0
L 34.99999096 3.1000065 34.99999096 3.4000059 0 P 0
L 34.99999096 4.60000604 34.99999096 4.90000544 0 P 0
L 34.99999096 6.10000558 34.99999096 6.40000498 0 P 0
L 34.99999096 7.60000512 34.99999096 7.90000452 0 P 0
L 34.99999096 10.6000042 34.99999096 10.9000036 0 P 0
L 34.99999096 16.60000236 34.99999096 16.90000176 0 P 0
L 34.99999096 18.1000019 34.99999096 18.4000013 0 P 0
L 34.99999096 19.60000144 34.99999096 19.90000084 0 P 0
L 34.99999096 21.10000098 34.99999096 21.40000038 0 P 0
L 35.00000112 0.60000134 35.00000112 0.90000074 0 P 0
L 35.00000112 1.59999934 35.00000112 1.89999874 0 P 0
L 35.05000102 11.99999886 35.35000042 11.99999886 0 P 0
L 35.20000072 11.84999916 35.20000072 12.14999856 0 P 0
L 35.35150156 9.45500014 36.34650084 9.45500014 0 P 0
L 35.8490012 8.9575005 35.8490012 9.95249978 0 P 0
L 36.3499908 4.75000574 36.6499902 4.75000574 0 P 0
L 36.3499908 6.25000528 36.6499902 6.25000528 0 P 0
L 36.3499908 7.75000482 36.6499902 7.75000482 0 P 0
L 36.3499908 16.75000206 36.6499902 16.75000206 0 P 0
L 36.3499908 18.2500016 36.6499902 18.2500016 0 P 0
L 36.3499908 19.75000114 36.6499902 19.75000114 0 P 0
L 36.3499908 21.25000068 36.6499902 21.25000068 0 P 0
L 36.36750156 14.53500014 37.36250084 14.53500014 0 P 0
L 36.4999905 4.60000604 36.4999905 4.90000544 0 P 0
L 36.4999905 6.10000558 36.4999905 6.40000498 0 P 0
L 36.4999905 7.60000512 36.4999905 7.90000452 0 P 0
L 36.4999905 16.60000236 36.4999905 16.90000176 0 P 0
L 36.4999905 18.1000019 36.4999905 18.4000013 0 P 0
L 36.4999905 19.60000144 36.4999905 19.90000084 0 P 0
L 36.4999905 21.10000098 36.4999905 21.40000038 0 P 0
L 36.600003 2.50000008 38.3999994 2.50000008 0 P 0
L 36.8650012 14.0375005 36.8650012 15.03249978 0 P 0
L 37.38350156 9.45500014 38.37850084 9.45500014 0 P 0
L 37.5000012 1.60000188 37.5000012 3.39999828 0 P 0
L 37.84999034 4.75000574 38.14998974 4.75000574 0 P 0
L 37.84999034 6.25000528 38.14998974 6.25000528 0 P 0
L 37.84999034 7.75000482 38.14998974 7.75000482 0 P 0
L 37.84999034 16.75000206 38.14998974 16.75000206 0 P 0
L 37.84999034 18.2500016 38.14998974 18.2500016 0 P 0
L 37.84999034 19.75000114 38.14998974 19.75000114 0 P 0
L 37.84999034 21.25000068 38.14998974 21.25000068 0 P 0
L 37.8810012 8.9575005 37.8810012 9.95249978 0 P 0
L 37.99999004 4.60000604 37.99999004 4.90000544 0 P 0
L 37.99999004 6.10000558 37.99999004 6.40000498 0 P 0
L 37.99999004 7.60000512 37.99999004 7.90000452 0 P 0
L 37.99999004 16.60000236 37.99999004 16.90000176 0 P 0
L 37.99999004 18.1000019 37.99999004 18.4000013 0 P 0
L 37.99999004 19.60000144 37.99999004 19.90000084 0 P 0
L 37.99999004 21.10000098 37.99999004 21.40000038 0 P 0
L 38.28999962 12.0099963 38.58999902 12.0099963 0 P 0
L 38.3499995 13.27500012 38.6499989 13.27500012 0 P 0
L 38.43999932 11.8599966 38.43999932 12.159996 0 P 0
L 38.4999992 13.12500042 38.4999992 13.42499982 0 P 0
L 39.10000054 4.75000066 39.39999994 4.75000066 0 P 0
L 39.10000054 6.2500002 39.39999994 6.2500002 0 P 0
L 39.10000054 7.74999974 39.39999994 7.74999974 0 P 0
L 39.10000054 9.24999928 39.39999994 9.24999928 0 P 0
L 39.10000054 10.74999882 39.39999994 10.74999882 0 P 0
L 39.10000054 15.00000048 39.39999994 15.00000048 0 P 0
L 39.10000054 16.74999952 39.39999994 16.74999952 0 P 0
L 39.10000054 18.24999906 39.39999994 18.24999906 0 P 0
L 39.10000054 19.75000114 39.39999994 19.75000114 0 P 0
L 39.10000054 21.25000068 39.39999994 21.25000068 0 P 0
L 39.25000024 4.60000096 39.25000024 4.90000036 0 P 0
L 39.25000024 6.1000005 39.25000024 6.3999999 0 P 0
L 39.25000024 7.60000004 39.25000024 7.89999944 0 P 0
L 39.25000024 9.09999958 39.25000024 9.39999898 0 P 0
L 39.25000024 10.59999912 39.25000024 10.89999852 0 P 0
L 39.25000024 14.85000078 39.25000024 15.15000018 0 P 0
L 39.25000024 16.59999982 39.25000024 16.89999922 0 P 0
L 39.25000024 18.09999936 39.25000024 18.39999876 0 P 0
L 39.25000024 19.60000144 39.25000024 19.90000084 0 P 0
L 39.25000024 21.10000098 39.25000024 21.40000038 0 P 0
