UNITS=MM
#Layer_Color=16711935
#
#Feature symbol names
#
$0 r49.9999
$1 r99.9998

#
#Feature attribute names
#

#
#Layer features
#
A 3.38900008 2.50000008 3.38900008 2.50000008 2.50000008 2.50000008 0 P 0 N
A 38.3890012 2.50000008 38.3890012 2.50000008 37.5000012 2.50000008 0 P 0 N
L 0.6999986 6.87500022 0.6999986 21.8750007 1 P 0
L 0.6999986 6.87500022 10.69999892 6.87500022 1 P 0
L 0.6999986 21.8750007 10.69999892 21.8750007 1 P 0
L 9.84000064 0.12999974 9.84000064 2.66999974 1 P 0
L 9.84000064 0.12999974 30.16000064 0.12999974 1 P 0
L 9.84000064 2.66999974 30.16000064 2.66999974 1 P 0
L 10.69999892 6.87500022 10.69999892 21.8750007 1 P 0
L 11.84000172 17.40000076 11.84000172 18.0000021 1 P 0
L 11.84000172 17.40000076 12.94000206 17.40000076 1 P 0
L 11.84000172 18.0000021 12.94000206 18.0000021 1 P 0
L 11.85000424 16.19999808 11.85000424 16.79999942 1 P 0
L 11.85000424 16.19999808 12.95000458 16.19999808 1 P 0
L 11.85000424 16.79999942 12.95000458 16.79999942 1 P 0
L 12.94000206 17.40000076 12.94000206 18.0000021 1 P 0
L 12.95000458 16.19999808 12.95000458 16.79999942 1 P 0
L 18.84999786 13.00000194 18.84999786 13.60000074 0 P 0
L 18.84999786 13.00000194 19.9499982 13.00000194 0 P 0
L 18.84999786 13.60000074 19.9499982 13.60000074 0 P 0
L 18.85559856 11.9174006 18.85559856 12.5173994 0 P 0
L 18.85559856 11.9174006 19.9555989 11.9174006 0 P 0
L 18.85559856 12.5173994 19.9555989 12.5173994 0 P 0
L 19.9499982 13.00000194 19.9499982 13.60000074 0 P 0
L 19.9555989 11.9174006 19.9555989 12.5173994 0 P 0
L 20.84479956 11.72619956 20.84479956 13.82620044 0 P 0
L 20.84479956 11.72619956 22.94480044 11.72619956 0 P 0
L 20.84479956 13.82620044 22.94480044 13.82620044 0 P 0
L 22.94480044 11.72619956 22.94480044 13.82620044 0 P 0
L 23.6776006 13.2676011 23.6776006 14.36760144 0 P 0
L 23.6776006 13.2676011 24.2775994 13.2676011 0 P 0
L 23.6776006 14.36760144 24.2775994 14.36760144 0 P 0
L 24.2775994 13.2676011 24.2775994 14.36760144 0 P 0
L 26.49999526 10.59992038 26.49999526 11.39992132 0 P 0
L 26.49999526 10.59992038 27.09998644 10.59992038 0 P 0
L 26.49999526 11.39992132 27.09998644 11.39992132 0 P 0
L 26.50001304 14.40008042 26.50001304 15.20008136 0 P 0
L 26.50001304 14.40008042 27.10000422 14.40008042 0 P 0
L 26.50001304 15.20008136 27.10000422 15.20008136 0 P 0
L 27.09998644 10.59992038 27.09998644 11.39992132 0 P 0
L 27.10000422 14.40008042 27.10000422 15.20008136 0 P 0
L 27.65000058 7.69999984 27.65000058 11.700002 0 P 0
L 27.65000058 7.69999984 30.15000066 7.69999984 0 P 0
L 27.65000058 11.700002 30.15000066 11.700002 0 P 0
L 27.65000058 14.09999974 27.65000058 15.24999998 0 P 0
L 27.65000058 14.09999974 30.15000066 14.09999974 0 P 0
L 27.65000058 15.24999998 27.65008694 15.2501727 0 P 0
L 27.65000058 16.95000166 27.65000058 18.1000019 0 P 0
L 27.65000058 16.95000166 27.65008694 15.2501727 0 P 0
L 27.65000058 18.1000019 30.15000066 18.1000019 0 P 0
L 30.1499143 10.54982904 30.15000066 8.85000008 0 P 0
L 30.1499143 10.54982904 30.15000066 10.55000176 0 P 0
L 30.15000066 7.69999984 30.15000066 8.85000008 0 P 0
L 30.15000066 10.55000176 30.15000066 11.700002 0 P 0
L 30.15000066 14.09999974 30.15000066 18.1000019 0 P 0
L 30.16000064 0.12999974 30.16000064 2.66999974 1 P 0
