UNITS=MM
#Layer_Color=9474304
#
#Feature symbol names
#
$0 r127

#
#Feature attribute names
#

#
#Layer features
#
L 0.65000886 4.3000041 0.95000826 4.3000041 0 P 0
L 0.65000886 5.80000364 0.95000826 5.80000364 0 P 0
L 0.65000886 7.30000318 0.95000826 7.30000318 0 P 0
L 0.65000886 8.80000272 0.95000826 8.80000272 0 P 0
L 0.65000886 10.30000226 0.95000826 10.30000226 0 P 0
L 0.65000886 11.8000018 0.95000826 11.8000018 0 P 0
L 0.65000886 13.30000134 0.95000826 13.30000134 0 P 0
L 0.65000886 14.80000088 0.95000826 14.80000088 0 P 0
L 0.65000886 16.30000042 0.95000826 16.30000042 0 P 0
L 0.65000886 17.79999996 0.95000826 17.79999996 0 P 0
L 0.65000886 19.2999995 0.95000826 19.2999995 0 P 0
L 0.65000886 20.79999904 0.95000826 20.79999904 0 P 0
L 0.80000856 4.1500044 0.80000856 4.4500038 0 P 0
L 0.80000856 5.65000394 0.80000856 5.95000334 0 P 0
L 0.80000856 7.15000348 0.80000856 7.45000288 0 P 0
L 0.80000856 8.65000302 0.80000856 8.95000242 0 P 0
L 0.80000856 10.15000256 0.80000856 10.45000196 0 P 0
L 0.80000856 11.6500021 0.80000856 11.9500015 0 P 0
L 0.80000856 13.15000164 0.80000856 13.45000104 0 P 0
L 0.80000856 14.65000118 0.80000856 14.95000058 0 P 0
L 0.80000856 16.15000072 0.80000856 16.45000012 0 P 0
L 0.80000856 17.65000026 0.80000856 17.94999966 0 P 0
L 0.80000856 19.1499998 0.80000856 19.4499992 0 P 0
L 0.80000856 20.64999934 0.80000856 20.94999874 0 P 0
L 1.60000188 2.50000008 3.39999828 2.50000008 0 P 0
L 2.1500084 5.80000364 2.4500078 5.80000364 0 P 0
L 2.1500084 7.30000318 2.4500078 7.30000318 0 P 0
L 2.1500084 8.80000272 2.4500078 8.80000272 0 P 0
L 2.1500084 10.30000226 2.4500078 10.30000226 0 P 0
L 2.1500084 11.8000018 2.4500078 11.8000018 0 P 0
L 2.1500084 13.30000134 2.4500078 13.30000134 0 P 0
L 2.1500084 14.80000088 2.4500078 14.80000088 0 P 0
L 2.1500084 16.30000042 2.4500078 16.30000042 0 P 0
L 2.1500084 17.79999996 2.4500078 17.79999996 0 P 0
L 2.1500084 19.2999995 2.4500078 19.2999995 0 P 0
L 2.1500084 20.79999904 2.4500078 20.79999904 0 P 0
L 2.3000081 5.65000394 2.3000081 5.95000334 0 P 0
L 2.3000081 7.15000348 2.3000081 7.45000288 0 P 0
L 2.3000081 8.65000302 2.3000081 8.95000242 0 P 0
L 2.3000081 10.15000256 2.3000081 10.45000196 0 P 0
L 2.3000081 11.6500021 2.3000081 11.9500015 0 P 0
L 2.3000081 13.15000164 2.3000081 13.45000104 0 P 0
L 2.3000081 14.65000118 2.3000081 14.95000058 0 P 0
L 2.3000081 16.15000072 2.3000081 16.45000012 0 P 0
L 2.3000081 17.65000026 2.3000081 17.94999966 0 P 0
L 2.3000081 19.1499998 2.3000081 19.4499992 0 P 0
L 2.3000081 20.64999934 2.3000081 20.94999874 0 P 0
L 2.50000008 1.60000188 2.50000008 3.39999828 0 P 0
L 3.65000794 4.3000041 3.95000734 4.3000041 0 P 0
L 3.65000794 5.80000364 3.95000734 5.80000364 0 P 0
L 3.65000794 7.30000318 3.95000734 7.30000318 0 P 0
L 3.65000794 8.80000272 3.95000734 8.80000272 0 P 0
L 3.65000794 13.30000134 3.95000734 13.30000134 0 P 0
L 3.65000794 14.80000088 3.95000734 14.80000088 0 P 0
L 3.65000794 16.30000042 3.95000734 16.30000042 0 P 0
L 3.65000794 19.2999995 3.95000734 19.2999995 0 P 0
L 3.65000794 20.79999904 3.95000734 20.79999904 0 P 0
L 3.80000764 4.1500044 3.80000764 4.4500038 0 P 0
L 3.80000764 5.65000394 3.80000764 5.95000334 0 P 0
L 3.80000764 7.15000348 3.80000764 7.45000288 0 P 0
L 3.80000764 8.65000302 3.80000764 8.95000242 0 P 0
L 3.80000764 13.15000164 3.80000764 13.45000104 0 P 0
L 3.80000764 14.65000118 3.80000764 14.95000058 0 P 0
L 3.80000764 16.15000072 3.80000764 16.45000012 0 P 0
L 3.80000764 19.1499998 3.80000764 19.4499992 0 P 0
L 3.80000764 20.64999934 3.80000764 20.94999874 0 P 0
L 5.09999996 0.75000104 5.39999936 0.75000104 0 P 0
L 5.15000748 2.80000456 5.45000688 2.80000456 0 P 0
L 5.15000748 4.3000041 5.45000688 4.3000041 0 P 0
L 5.15000748 5.80000364 5.45000688 5.80000364 0 P 0
L 5.15000748 7.30000318 5.45000688 7.30000318 0 P 0
L 5.15000748 8.80000272 5.45000688 8.80000272 0 P 0
L 5.15000748 10.30000226 5.45000688 10.30000226 0 P 0
L 5.15000748 11.8000018 5.45000688 11.8000018 0 P 0
L 5.15000748 13.30000134 5.45000688 13.30000134 0 P 0
L 5.15000748 14.80000088 5.45000688 14.80000088 0 P 0
L 5.15000748 16.30000042 5.45000688 16.30000042 0 P 0
L 5.15000748 17.79999996 5.45000688 17.79999996 0 P 0
L 5.15000748 19.2999995 5.45000688 19.2999995 0 P 0
L 5.15000748 20.79999904 5.45000688 20.79999904 0 P 0
L 5.24999966 0.60000134 5.24999966 0.90000074 0 P 0
L 5.30000718 2.65000486 5.30000718 2.95000426 0 P 0
L 5.30000718 4.1500044 5.30000718 4.4500038 0 P 0
L 5.30000718 5.65000394 5.30000718 5.95000334 0 P 0
L 5.30000718 7.15000348 5.30000718 7.45000288 0 P 0
L 5.30000718 8.65000302 5.30000718 8.95000242 0 P 0
L 5.30000718 10.15000256 5.30000718 10.45000196 0 P 0
L 5.30000718 11.6500021 5.30000718 11.9500015 0 P 0
L 5.30000718 13.15000164 5.30000718 13.45000104 0 P 0
L 5.30000718 14.65000118 5.30000718 14.95000058 0 P 0
L 5.30000718 16.15000072 5.30000718 16.45000012 0 P 0
L 5.30000718 17.65000026 5.30000718 17.94999966 0 P 0
L 5.30000718 19.1499998 5.30000718 19.4499992 0 P 0
L 5.30000718 20.64999934 5.30000718 20.94999874 0 P 0
L 6.5999995 0.75000104 6.8999989 0.75000104 0 P 0
L 6.65000702 2.80000456 6.95000642 2.80000456 0 P 0
L 6.65000702 4.3000041 6.95000642 4.3000041 0 P 0
L 6.65000702 5.80000364 6.95000642 5.80000364 0 P 0
L 6.65000702 7.30000318 6.95000642 7.30000318 0 P 0
L 6.65000702 8.80000272 6.95000642 8.80000272 0 P 0
L 6.65000702 13.30000134 6.95000642 13.30000134 0 P 0
L 6.65000702 14.80000088 6.95000642 14.80000088 0 P 0
L 6.65000702 16.30000042 6.95000642 16.30000042 0 P 0
L 6.65000702 19.2999995 6.95000642 19.2999995 0 P 0
L 6.65000702 20.79999904 6.95000642 20.79999904 0 P 0
L 6.7499992 0.60000134 6.7499992 0.90000074 0 P 0
L 6.80000672 2.65000486 6.80000672 2.95000426 0 P 0
L 6.80000672 4.1500044 6.80000672 4.4500038 0 P 0
L 6.80000672 5.65000394 6.80000672 5.95000334 0 P 0
L 6.80000672 7.15000348 6.80000672 7.45000288 0 P 0
L 6.80000672 8.65000302 6.80000672 8.95000242 0 P 0
L 6.80000672 13.15000164 6.80000672 13.45000104 0 P 0
L 6.80000672 14.65000118 6.80000672 14.95000058 0 P 0
L 6.80000672 16.15000072 6.80000672 16.45000012 0 P 0
L 6.80000672 19.1499998 6.80000672 19.4499992 0 P 0
L 6.80000672 20.64999934 6.80000672 20.94999874 0 P 0
L 8.09999904 0.75000104 8.39999844 0.75000104 0 P 0
L 8.15000148 18.7000007 8.45000088 18.7000007 0 P 0
L 8.15000656 2.80000456 8.45000596 2.80000456 0 P 0
L 8.15000656 4.3000041 8.45000596 4.3000041 0 P 0
L 8.15000656 5.80000364 8.45000596 5.80000364 0 P 0
L 8.15000656 7.30000318 8.45000596 7.30000318 0 P 0
L 8.15000656 8.80000272 8.45000596 8.80000272 0 P 0
L 8.15000656 13.30000134 8.45000596 13.30000134 0 P 0
L 8.15000656 14.80000088 8.45000596 14.80000088 0 P 0
L 8.15000656 16.30000042 8.45000596 16.30000042 0 P 0
L 8.15000656 20.79999904 8.45000596 20.79999904 0 P 0
L 8.24999874 0.60000134 8.24999874 0.90000074 0 P 0
L 8.25000128 12.1000012 8.55000068 12.1000012 0 P 0
L 8.30000118 18.550001 8.30000118 18.8500004 0 P 0
L 8.30000626 2.65000486 8.30000626 2.95000426 0 P 0
L 8.30000626 4.1500044 8.30000626 4.4500038 0 P 0
L 8.30000626 5.65000394 8.30000626 5.95000334 0 P 0
L 8.30000626 7.15000348 8.30000626 7.45000288 0 P 0
L 8.30000626 8.65000302 8.30000626 8.95000242 0 P 0
L 8.30000626 13.15000164 8.30000626 13.45000104 0 P 0
L 8.30000626 14.65000118 8.30000626 14.95000058 0 P 0
L 8.30000626 16.15000072 8.30000626 16.45000012 0 P 0
L 8.30000626 20.64999934 8.30000626 20.94999874 0 P 0
L 8.40000098 11.9500015 8.40000098 12.2500009 0 P 0
L 9.60000112 0.75000104 9.90000052 0.75000104 0 P 0
L 9.6500061 19.2999995 9.9500055 19.2999995 0 P 0
L 9.6500061 20.79999904 9.9500055 20.79999904 0 P 0
L 9.75000082 0.60000134 9.75000082 0.90000074 0 P 0
L 9.8000058 19.1499998 9.8000058 19.4499992 0 P 0
L 9.8000058 20.64999934 9.8000058 20.94999874 0 P 0
L 10.56000174 4.16999928 11.65999954 4.16999928 0 P 0
L 11.10000066 0.75000104 11.40000006 0.75000104 0 P 0
L 11.11000064 3.62000038 11.11000064 4.71999818 0 P 0
L 11.15000564 2.80000456 11.45000504 2.80000456 0 P 0
L 11.15000564 5.80000364 11.45000504 5.80000364 0 P 0
L 11.15000564 7.30000318 11.45000504 7.30000318 0 P 0
L 11.15000564 8.80000272 11.45000504 8.80000272 0 P 0
L 11.15000564 10.30000226 11.45000504 10.30000226 0 P 0
L 11.15000564 11.8000018 11.45000504 11.8000018 0 P 0
L 11.15000564 13.30000134 11.45000504 13.30000134 0 P 0
L 11.15000564 14.80000088 11.45000504 14.80000088 0 P 0
L 11.15000564 16.30000042 11.45000504 16.30000042 0 P 0
L 11.15000564 20.79999904 11.45000504 20.79999904 0 P 0
L 11.25000036 0.60000134 11.25000036 0.90000074 0 P 0
L 11.30000534 2.65000486 11.30000534 2.95000426 0 P 0
L 11.30000534 5.65000394 11.30000534 5.95000334 0 P 0
L 11.30000534 7.15000348 11.30000534 7.45000288 0 P 0
L 11.30000534 8.65000302 11.30000534 8.95000242 0 P 0
L 11.30000534 10.15000256 11.30000534 10.45000196 0 P 0
L 11.30000534 11.6500021 11.30000534 11.9500015 0 P 0
L 11.30000534 13.15000164 11.30000534 13.45000104 0 P 0
L 11.30000534 14.65000118 11.30000534 14.95000058 0 P 0
L 11.30000534 16.15000072 11.30000534 16.45000012 0 P 0
L 11.30000534 20.64999934 11.30000534 20.94999874 0 P 0
L 12.6000002 0.75000104 12.8999996 0.75000104 0 P 0
L 12.65000518 2.80000456 12.95000458 2.80000456 0 P 0
L 12.65000518 5.80000364 12.95000458 5.80000364 0 P 0
L 12.65000518 7.30000318 12.95000458 7.30000318 0 P 0
L 12.65000518 8.80000272 12.95000458 8.80000272 0 P 0
L 12.65000518 10.30000226 12.95000458 10.30000226 0 P 0
L 12.65000518 11.8000018 12.95000458 11.8000018 0 P 0
L 12.65000518 14.80000088 12.95000458 14.80000088 0 P 0
L 12.65000518 16.30000042 12.95000458 16.30000042 0 P 0
L 12.65000518 20.79999904 12.95000458 20.79999904 0 P 0
L 12.7499999 0.60000134 12.7499999 0.90000074 0 P 0
L 12.80000488 2.65000486 12.80000488 2.95000426 0 P 0
L 12.80000488 5.65000394 12.80000488 5.95000334 0 P 0
L 12.80000488 7.15000348 12.80000488 7.45000288 0 P 0
L 12.80000488 8.65000302 12.80000488 8.95000242 0 P 0
L 12.80000488 10.15000256 12.80000488 10.45000196 0 P 0
L 12.80000488 11.6500021 12.80000488 11.9500015 0 P 0
L 12.80000488 14.65000118 12.80000488 14.95000058 0 P 0
L 12.80000488 16.15000072 12.80000488 16.45000012 0 P 0
L 12.80000488 20.64999934 12.80000488 20.94999874 0 P 0
L 13.10000174 4.16999928 14.19999954 4.16999928 0 P 0
L 13.65000064 3.62000038 13.65000064 4.71999818 0 P 0
L 14.09999974 0.75000104 14.39999914 0.75000104 0 P 0
L 14.15000472 2.80000456 14.45000412 2.80000456 0 P 0
L 14.15000472 5.80000364 14.45000412 5.80000364 0 P 0
L 14.15000472 7.30000318 14.45000412 7.30000318 0 P 0
L 14.15000472 10.30000226 14.45000412 10.30000226 0 P 0
L 14.15000472 11.8000018 14.45000412 11.8000018 0 P 0
L 14.15000472 16.30000042 14.45000412 16.30000042 0 P 0
L 14.15000472 20.79999904 14.45000412 20.79999904 0 P 0
L 14.24999944 0.60000134 14.24999944 0.90000074 0 P 0
L 14.30000442 2.65000486 14.30000442 2.95000426 0 P 0
L 14.30000442 5.65000394 14.30000442 5.95000334 0 P 0
L 14.30000442 7.15000348 14.30000442 7.45000288 0 P 0
L 14.30000442 10.15000256 14.30000442 10.45000196 0 P 0
L 14.30000442 11.6500021 14.30000442 11.9500015 0 P 0
L 14.30000442 16.15000072 14.30000442 16.45000012 0 P 0
L 14.30000442 20.64999934 14.30000442 20.94999874 0 P 0
L 15.59999928 0.75000104 15.89999868 0.75000104 0 P 0
L 15.64000174 4.16999928 16.73999954 4.16999928 0 P 0
L 15.65000426 2.80000456 15.95000366 2.80000456 0 P 0
L 15.65000426 20.79999904 15.95000366 20.79999904 0 P 0
L 15.74999898 0.60000134 15.74999898 0.90000074 0 P 0
L 15.80000396 2.65000486 15.80000396 2.95000426 0 P 0
L 15.80000396 20.64999934 15.80000396 20.94999874 0 P 0
L 15.9282003 18.415 16.2281997 18.415 0 P 0
L 16.0044003 17.6784 16.3043997 17.6784 0 P 0
L 16.0782 18.2650003 16.0782 18.5649997 0 P 0
L 16.1544 17.5284003 16.1544 17.8283997 0 P 0
L 16.19000064 3.62000038 16.19000064 4.71999818 0 P 0
L 17.10000136 0.75000104 17.40000076 0.75000104 0 P 0
L 17.1500038 2.80000456 17.4500032 2.80000456 0 P 0
L 17.1500038 5.80000364 17.4500032 5.80000364 0 P 0
L 17.1500038 7.30000318 17.4500032 7.30000318 0 P 0
L 17.1500038 8.80000272 17.4500032 8.80000272 0 P 0
L 17.1500038 20.79999904 17.4500032 20.79999904 0 P 0
L 17.25000106 0.60000134 17.25000106 0.90000074 0 P 0
L 17.3000035 2.65000486 17.3000035 2.95000426 0 P 0
L 17.3000035 5.65000394 17.3000035 5.95000334 0 P 0
L 17.3000035 7.15000348 17.3000035 7.45000288 0 P 0
L 17.3000035 8.65000302 17.3000035 8.95000242 0 P 0
L 17.3000035 20.64999934 17.3000035 20.94999874 0 P 0
L 17.6499647 17.999964 17.9499641 17.999964 0 P 0
L 17.6808003 14.7066 17.9807997 14.7066 0 P 0
L 17.7999644 17.8499643 17.7999644 18.1499637 0 P 0
L 17.79999996 19.77499982 18.09999936 19.77499982 0 P 0
L 17.8308 14.5566003 17.8308 14.8565997 0 P 0
L 17.94999966 19.62500012 17.94999966 19.92499952 0 P 0
L 18.18000174 4.16999928 19.27999954 4.16999928 0 P 0
L 18.27500028 10.72500014 18.57499968 10.72500014 0 P 0
L 18.31000148 17.31000094 18.61000088 17.31000094 0 P 0
L 18.34000142 16.35000032 18.64000082 16.35000032 0 P 0
L 18.42499998 10.57500044 18.42499998 10.87499984 0 P 0
L 18.46000118 17.16000124 18.46000118 17.46000064 0 P 0
L 18.49000112 16.20000062 18.49000112 16.50000002 0 P 0
L 18.5000011 19.77499982 18.8000005 19.77499982 0 P 0
L 18.5273442 14.7619974 18.8273436 14.7619974 0 P 0
L 18.6000009 0.75000104 18.9000003 0.75000104 0 P 0
L 18.6500008 19.62500012 18.6500008 19.92499952 0 P 0
L 18.65000334 2.80000456 18.95000274 2.80000456 0 P 0
L 18.65000334 20.79999904 18.95000274 20.79999904 0 P 0
L 18.6773439 14.6119977 18.6773439 14.9119971 0 P 0
L 18.73000064 3.62000038 18.73000064 4.71999818 0 P 0
L 18.7500006 0.60000134 18.7500006 0.90000074 0 P 0
L 18.80000304 2.65000486 18.80000304 2.95000426 0 P 0
L 18.80000304 20.64999934 18.80000304 20.94999874 0 P 0
L 19.1499998 16.37000028 19.4499992 16.37000028 0 P 0
L 19.1540003 15.3416 19.4539997 15.3416 0 P 0
L 19.2499996 19.90000084 19.549999 19.90000084 0 P 0
L 19.2999995 16.22000058 19.2999995 16.51999998 0 P 0
L 19.304 15.1916003 19.304 15.4915997 0 P 0
L 19.3999993 19.75000114 19.3999993 20.05000054 0 P 0
L 19.41999926 17.50000056 19.71999866 17.50000056 0 P 0
L 19.56999896 17.35000086 19.56999896 17.65000026 0 P 0
L 19.79800206 12.63280176 20.09800146 12.63280176 0 P 0
L 19.9414003 14.7828 20.2413997 14.7828 0 P 0
L 19.94800176 12.48280206 19.94800176 12.78280146 0 P 0
L 19.9700007 17.98999958 20.2700001 17.98999958 0 P 0
L 20.07499922 17.35000086 20.37499862 17.35000086 0 P 0
L 20.0914 14.6328003 20.0914 14.9327997 0 P 0
L 20.10000044 0.75000104 20.39999984 0.75000104 0 P 0
L 20.10000044 16.35000032 20.39999984 16.35000032 0 P 0
L 20.10000044 19.82499972 20.39999984 19.82499972 0 P 0
L 20.1200004 17.83999988 20.1200004 18.13999928 0 P 0
L 20.15000288 2.80000456 20.45000228 2.80000456 0 P 0
L 20.15000288 5.80000364 20.45000228 5.80000364 0 P 0
L 20.15000288 20.79999904 20.45000228 20.79999904 0 P 0
L 20.22499892 17.20000116 20.22499892 17.50000056 0 P 0
L 20.25000014 0.60000134 20.25000014 0.90000074 0 P 0
L 20.25000014 16.20000062 20.25000014 16.50000002 0 P 0
L 20.25000014 19.67500002 20.25000014 19.97499942 0 P 0
L 20.30000258 2.65000486 20.30000258 2.95000426 0 P 0
L 20.30000258 5.65000394 20.30000258 5.95000334 0 P 0
L 20.30000258 20.64999934 20.30000258 20.94999874 0 P 0
L 20.67500056 17.92500098 20.97499996 17.92500098 0 P 0
L 20.69999924 18.57500222 20.99999864 18.57500222 0 P 0
L 20.72000174 4.16999928 21.81999954 4.16999928 0 P 0
L 20.79999904 19.77499982 21.09999844 19.77499982 0 P 0
L 20.82500026 17.77500128 20.82500026 18.07500068 0 P 0
L 20.84999894 18.42500252 20.84999894 18.72500192 0 P 0
L 20.94999874 19.62500012 20.94999874 19.92499952 0 P 0
L 20.95000128 20.79999904 21.25000068 20.79999904 0 P 0
L 21.10000098 20.64999934 21.10000098 20.94999874 0 P 0
L 21.27000064 3.62000038 21.27000064 4.71999818 0 P 0
L 21.59999998 0.75000104 21.89999938 0.75000104 0 P 0
L 21.65000242 2.80000456 21.95000182 2.80000456 0 P 0
L 21.74999968 0.60000134 21.74999968 0.90000074 0 P 0
L 21.80000212 2.65000486 21.80000212 2.95000426 0 P 0
L 22.15000142 16.20000062 22.45000082 16.20000062 0 P 0
L 22.30000112 16.05000092 22.30000112 16.35000032 0 P 0
L 22.60000052 14.49999894 22.89999992 14.49999894 0 P 0
L 22.75000022 14.34999924 22.75000022 14.64999864 0 P 0
L 22.85000002 16.20000062 23.14999942 16.20000062 0 P 0
L 22.99999972 16.05000092 22.99999972 16.35000032 0 P 0
L 23.09999952 0.75000104 23.39999892 0.75000104 0 P 0
L 23.15000196 2.80000456 23.45000136 2.80000456 0 P 0
L 23.15000196 7.30000318 23.45000136 7.30000318 0 P 0
L 23.15000196 10.30000226 23.45000136 10.30000226 0 P 0
L 23.24999922 0.60000134 23.24999922 0.90000074 0 P 0
L 23.26000174 4.16999928 24.35999954 4.16999928 0 P 0
L 23.30000166 2.65000486 23.30000166 2.95000426 0 P 0
L 23.30000166 7.15000348 23.30000166 7.45000288 0 P 0
L 23.30000166 10.15000256 23.30000166 10.45000196 0 P 0
L 23.55000116 16.20000062 23.85000056 16.20000062 0 P 0
L 23.70000086 16.05000092 23.70000086 16.35000032 0 P 0
L 23.81000064 3.62000038 23.81000064 4.71999818 0 P 0
L 24.24999976 16.20000062 24.54999916 16.20000062 0 P 0
L 24.39999946 16.05000092 24.39999946 16.35000032 0 P 0
L 24.59999906 0.75000104 24.89999846 0.75000104 0 P 0
L 24.6500015 2.80000456 24.9500009 2.80000456 0 P 0
L 24.6500015 5.80000364 24.9500009 5.80000364 0 P 0
L 24.6500015 7.30000318 24.9500009 7.30000318 0 P 0
L 24.6500015 10.30000226 24.9500009 10.30000226 0 P 0
L 24.6500015 13.30000134 24.9500009 13.30000134 0 P 0
L 24.6500015 14.80000088 24.9500009 14.80000088 0 P 0
L 24.74999876 0.60000134 24.74999876 0.90000074 0 P 0
L 24.8000012 2.65000486 24.8000012 2.95000426 0 P 0
L 24.8000012 5.65000394 24.8000012 5.95000334 0 P 0
L 24.8000012 7.15000348 24.8000012 7.45000288 0 P 0
L 24.8000012 10.15000256 24.8000012 10.45000196 0 P 0
L 24.8000012 13.15000164 24.8000012 13.45000104 0 P 0
L 24.8000012 14.65000118 24.8000012 14.95000058 0 P 0
L 24.9500009 16.20000062 25.2500003 16.20000062 0 P 0
L 25.1000006 16.05000092 25.1000006 16.35000032 0 P 0
L 25.6499995 16.20000062 25.9499989 16.20000062 0 P 0
L 25.7999992 16.05000092 25.7999992 16.35000032 0 P 0
L 25.80000174 4.16999928 26.89999954 4.16999928 0 P 0
L 26.10000114 0.75000104 26.40000054 0.75000104 0 P 0
L 26.10000114 10.74999882 26.40000054 10.74999882 0 P 0
L 26.15000104 2.80000456 26.45000044 2.80000456 0 P 0
L 26.15000104 13.30000134 26.45000044 13.30000134 0 P 0
L 26.15000104 14.80000088 26.45000044 14.80000088 0 P 0
L 26.25000084 0.60000134 26.25000084 0.90000074 0 P 0
L 26.25000084 10.59999912 26.25000084 10.89999852 0 P 0
L 26.30000074 2.65000486 26.30000074 2.95000426 0 P 0
L 26.30000074 13.15000164 26.30000074 13.45000104 0 P 0
L 26.30000074 14.65000118 26.30000074 14.95000058 0 P 0
L 26.35000064 3.62000038 26.35000064 4.71999818 0 P 0
L 26.35000064 16.20000062 26.65000004 16.20000062 0 P 0
L 26.50000034 16.05000092 26.50000034 16.35000032 0 P 0
L 26.94999944 16.59999982 27.24999884 16.59999982 0 P 0
L 26.94999944 17.30000096 27.24999884 17.30000096 0 P 0
L 26.94999944 17.99999956 27.24999884 17.99999956 0 P 0
L 26.94999944 18.7000007 27.24999884 18.7000007 0 P 0
L 26.94999944 19.3999993 27.24999884 19.3999993 0 P 0
L 26.94999944 20.10000044 27.24999884 20.10000044 0 P 0
L 26.94999944 20.79999904 27.24999884 20.79999904 0 P 0
L 27.09999914 16.45000012 27.09999914 16.74999952 0 P 0
L 27.09999914 17.15000126 27.09999914 17.45000066 0 P 0
L 27.09999914 17.84999986 27.09999914 18.14999926 0 P 0
L 27.09999914 18.550001 27.09999914 18.8500004 0 P 0
L 27.09999914 19.2499996 27.09999914 19.549999 0 P 0
L 27.09999914 19.95000074 27.09999914 20.25000014 0 P 0
L 27.09999914 20.64999934 27.09999914 20.94999874 0 P 0
L 27.60000068 0.75000104 27.90000008 0.75000104 0 P 0
L 27.65000058 2.80000456 27.94999998 2.80000456 0 P 0
L 27.65000058 8.80000272 27.94999998 8.80000272 0 P 0
L 27.65000058 10.30000226 27.94999998 10.30000226 0 P 0
L 27.65000058 13.30000134 27.94999998 13.30000134 0 P 0
L 27.65000058 14.80000088 27.94999998 14.80000088 0 P 0
L 27.65000058 16.30000042 27.94999998 16.30000042 0 P 0
L 27.65000058 17.79999996 27.94999998 17.79999996 0 P 0
L 27.75000038 0.60000134 27.75000038 0.90000074 0 P 0
L 27.80000028 2.65000486 27.80000028 2.95000426 0 P 0
L 27.80000028 8.65000302 27.80000028 8.95000242 0 P 0
L 27.80000028 10.15000256 27.80000028 10.45000196 0 P 0
L 27.80000028 13.15000164 27.80000028 13.45000104 0 P 0
L 27.80000028 14.65000118 27.80000028 14.95000058 0 P 0
L 27.80000028 16.15000072 27.80000028 16.45000012 0 P 0
L 27.80000028 17.65000026 27.80000028 17.94999966 0 P 0
L 28.34000174 4.16999928 29.43999954 4.16999928 0 P 0
L 28.89000064 3.62000038 28.89000064 4.71999818 0 P 0
L 29.10000022 0.75000104 29.39999962 0.75000104 0 P 0
L 29.15000012 7.30000318 29.44999952 7.30000318 0 P 0
L 29.15000012 8.80000272 29.44999952 8.80000272 0 P 0
L 29.15000012 10.30000226 29.44999952 10.30000226 0 P 0
L 29.15000012 13.30000134 29.44999952 13.30000134 0 P 0
L 29.15000012 14.80000088 29.44999952 14.80000088 0 P 0
L 29.15000012 16.30000042 29.44999952 16.30000042 0 P 0
L 29.15000012 17.79999996 29.44999952 17.79999996 0 P 0
L 29.15000012 19.2999995 29.44999952 19.2999995 0 P 0
L 29.15000012 20.79999904 29.44999952 20.79999904 0 P 0
L 29.24999992 0.60000134 29.24999992 0.90000074 0 P 0
L 29.29999982 7.15000348 29.29999982 7.45000288 0 P 0
L 29.29999982 8.65000302 29.29999982 8.95000242 0 P 0
L 29.29999982 10.15000256 29.29999982 10.45000196 0 P 0
L 29.29999982 13.15000164 29.29999982 13.45000104 0 P 0
L 29.29999982 14.65000118 29.29999982 14.95000058 0 P 0
L 29.29999982 16.15000072 29.29999982 16.45000012 0 P 0
L 29.29999982 17.65000026 29.29999982 17.94999966 0 P 0
L 29.29999982 19.1499998 29.29999982 19.4499992 0 P 0
L 29.29999982 20.64999934 29.29999982 20.94999874 0 P 0
L 30.59999976 0.75000104 30.89999916 0.75000104 0 P 0
L 30.64999966 2.80000456 30.94999906 2.80000456 0 P 0
L 30.64999966 4.3000041 30.94999906 4.3000041 0 P 0
L 30.64999966 7.30000318 30.94999906 7.30000318 0 P 0
L 30.64999966 8.80000272 30.94999906 8.80000272 0 P 0
L 30.64999966 10.30000226 30.94999906 10.30000226 0 P 0
L 30.64999966 13.30000134 30.94999906 13.30000134 0 P 0
L 30.64999966 14.80000088 30.94999906 14.80000088 0 P 0
L 30.64999966 16.30000042 30.94999906 16.30000042 0 P 0
L 30.64999966 17.79999996 30.94999906 17.79999996 0 P 0
L 30.64999966 19.2999995 30.94999906 19.2999995 0 P 0
L 30.64999966 20.79999904 30.94999906 20.79999904 0 P 0
L 30.74999946 0.60000134 30.74999946 0.90000074 0 P 0
L 30.79999936 2.65000486 30.79999936 2.95000426 0 P 0
L 30.79999936 4.1500044 30.79999936 4.4500038 0 P 0
L 30.79999936 7.15000348 30.79999936 7.45000288 0 P 0
L 30.79999936 8.65000302 30.79999936 8.95000242 0 P 0
L 30.79999936 10.15000256 30.79999936 10.45000196 0 P 0
L 30.79999936 13.15000164 30.79999936 13.45000104 0 P 0
L 30.79999936 14.65000118 30.79999936 14.95000058 0 P 0
L 30.79999936 16.15000072 30.79999936 16.45000012 0 P 0
L 30.79999936 17.65000026 30.79999936 17.94999966 0 P 0
L 30.79999936 19.1499998 30.79999936 19.4499992 0 P 0
L 30.79999936 20.64999934 30.79999936 20.94999874 0 P 0
L 32.0999993 0.75000104 32.3999987 0.75000104 0 P 0
L 32.1499992 2.80000456 32.4499986 2.80000456 0 P 0
L 32.1499992 4.3000041 32.4499986 4.3000041 0 P 0
L 32.1499992 5.80000364 32.4499986 5.80000364 0 P 0
L 32.1499992 8.80000272 32.4499986 8.80000272 0 P 0
L 32.1499992 13.30000134 32.4499986 13.30000134 0 P 0
L 32.1499992 14.80000088 32.4499986 14.80000088 0 P 0
L 32.1499992 16.30000042 32.4499986 16.30000042 0 P 0
L 32.1499992 17.79999996 32.4499986 17.79999996 0 P 0
L 32.1499992 19.2999995 32.4499986 19.2999995 0 P 0
L 32.1499992 20.79999904 32.4499986 20.79999904 0 P 0
L 32.249999 0.60000134 32.249999 0.90000074 0 P 0
L 32.2999989 2.65000486 32.2999989 2.95000426 0 P 0
L 32.2999989 4.1500044 32.2999989 4.4500038 0 P 0
L 32.2999989 5.65000394 32.2999989 5.95000334 0 P 0
L 32.2999989 8.65000302 32.2999989 8.95000242 0 P 0
L 32.2999989 13.15000164 32.2999989 13.45000104 0 P 0
L 32.2999989 14.65000118 32.2999989 14.95000058 0 P 0
L 32.2999989 16.15000072 32.2999989 16.45000012 0 P 0
L 32.2999989 17.65000026 32.2999989 17.94999966 0 P 0
L 32.2999989 19.1499998 32.2999989 19.4499992 0 P 0
L 32.2999989 20.64999934 32.2999989 20.94999874 0 P 0
L 33.60000138 0.75000104 33.90000078 0.75000104 0 P 0
L 33.64999874 2.80000456 33.94999814 2.80000456 0 P 0
L 33.64999874 4.3000041 33.94999814 4.3000041 0 P 0
L 33.64999874 5.80000364 33.94999814 5.80000364 0 P 0
L 33.64999874 7.30000318 33.94999814 7.30000318 0 P 0
L 33.64999874 10.30000226 33.94999814 10.30000226 0 P 0
L 33.64999874 13.30000134 33.94999814 13.30000134 0 P 0
L 33.64999874 14.80000088 33.94999814 14.80000088 0 P 0
L 33.64999874 16.30000042 33.94999814 16.30000042 0 P 0
L 33.64999874 17.79999996 33.94999814 17.79999996 0 P 0
L 33.64999874 19.2999995 33.94999814 19.2999995 0 P 0
L 33.64999874 20.79999904 33.94999814 20.79999904 0 P 0
L 33.75000108 0.60000134 33.75000108 0.90000074 0 P 0
L 33.79999844 2.65000486 33.79999844 2.95000426 0 P 0
L 33.79999844 4.1500044 33.79999844 4.4500038 0 P 0
L 33.79999844 5.65000394 33.79999844 5.95000334 0 P 0
L 33.79999844 7.15000348 33.79999844 7.45000288 0 P 0
L 33.79999844 10.15000256 33.79999844 10.45000196 0 P 0
L 33.79999844 13.15000164 33.79999844 13.45000104 0 P 0
L 33.79999844 14.65000118 33.79999844 14.95000058 0 P 0
L 33.79999844 16.15000072 33.79999844 16.45000012 0 P 0
L 33.79999844 17.65000026 33.79999844 17.94999966 0 P 0
L 33.79999844 19.1499998 33.79999844 19.4499992 0 P 0
L 33.79999844 20.64999934 33.79999844 20.94999874 0 P 0
L 34.95000122 11.99999886 35.25000062 11.99999886 0 P 0
L 35.0544003 13.1826 35.3543997 13.1826 0 P 0
L 35.10000092 0.75000104 35.40000032 0.75000104 0 P 0
L 35.10000092 11.84999916 35.10000092 12.14999856 0 P 0
L 35.14999828 2.80000456 35.44999768 2.80000456 0 P 0
L 35.14999828 4.3000041 35.44999768 4.3000041 0 P 0
L 35.14999828 5.80000364 35.44999768 5.80000364 0 P 0
L 35.14999828 14.80000088 35.44999768 14.80000088 0 P 0
L 35.14999828 16.30000042 35.44999768 16.30000042 0 P 0
L 35.14999828 17.79999996 35.44999768 17.79999996 0 P 0
L 35.14999828 19.2999995 35.44999768 19.2999995 0 P 0
L 35.14999828 20.79999904 35.44999768 20.79999904 0 P 0
L 35.2044 13.0326003 35.2044 13.3325997 0 P 0
L 35.25000062 0.60000134 35.25000062 0.90000074 0 P 0
L 35.29999798 2.65000486 35.29999798 2.95000426 0 P 0
L 35.29999798 4.1500044 35.29999798 4.4500038 0 P 0
L 35.29999798 5.65000394 35.29999798 5.95000334 0 P 0
L 35.29999798 14.65000118 35.29999798 14.95000058 0 P 0
L 35.29999798 16.15000072 35.29999798 16.45000012 0 P 0
L 35.29999798 17.65000026 35.29999798 17.94999966 0 P 0
L 35.29999798 19.1499998 35.29999798 19.4499992 0 P 0
L 35.29999798 20.64999934 35.29999798 20.94999874 0 P 0
L 35.35150156 9.45500014 36.34650084 9.45500014 0 P 0
L 35.8490012 8.9575005 35.8490012 9.95249978 0 P 0
L 36.36750156 14.53500014 37.36250084 14.53500014 0 P 0
L 36.600003 2.50000008 38.3999994 2.50000008 0 P 0
L 36.64999782 5.80000364 36.94999722 5.80000364 0 P 0
L 36.64999782 8.80000272 36.94999722 8.80000272 0 P 0
L 36.64999782 16.30000042 36.94999722 16.30000042 0 P 0
L 36.64999782 17.79999996 36.94999722 17.79999996 0 P 0
L 36.64999782 19.2999995 36.94999722 19.2999995 0 P 0
L 36.64999782 20.79999904 36.94999722 20.79999904 0 P 0
L 36.79999752 5.65000394 36.79999752 5.95000334 0 P 0
L 36.79999752 8.65000302 36.79999752 8.95000242 0 P 0
L 36.79999752 16.15000072 36.79999752 16.45000012 0 P 0
L 36.79999752 17.65000026 36.79999752 17.94999966 0 P 0
L 36.79999752 19.1499998 36.79999752 19.4499992 0 P 0
L 36.79999752 20.64999934 36.79999752 20.94999874 0 P 0
L 36.8650012 14.0375005 36.8650012 15.03249978 0 P 0
L 37.38350156 9.45500014 38.37850084 9.45500014 0 P 0
L 37.5000012 1.60000188 37.5000012 3.39999828 0 P 0
L 37.8810012 8.9575005 37.8810012 9.95249978 0 P 0
L 38.14999736 5.80000364 38.44999676 5.80000364 0 P 0
L 38.14999736 7.30000318 38.44999676 7.30000318 0 P 0
L 38.14999736 10.30000226 38.44999676 10.30000226 0 P 0
L 38.14999736 16.30000042 38.44999676 16.30000042 0 P 0
L 38.14999736 17.79999996 38.44999676 17.79999996 0 P 0
L 38.14999736 19.2999995 38.44999676 19.2999995 0 P 0
L 38.14999736 20.79999904 38.44999676 20.79999904 0 P 0
L 38.29999706 5.65000394 38.29999706 5.95000334 0 P 0
L 38.29999706 7.15000348 38.29999706 7.45000288 0 P 0
L 38.29999706 10.15000256 38.29999706 10.45000196 0 P 0
L 38.29999706 16.15000072 38.29999706 16.45000012 0 P 0
L 38.29999706 17.65000026 38.29999706 17.94999966 0 P 0
L 38.29999706 19.1499998 38.29999706 19.4499992 0 P 0
L 38.29999706 20.64999934 38.29999706 20.94999874 0 P 0
L 39.10000054 5.7500012 39.39999994 5.7500012 0 P 0
L 39.10000054 7.25000074 39.39999994 7.25000074 0 P 0
L 39.10000054 11.74999936 39.39999994 11.74999936 0 P 0
L 39.10000054 13.2499989 39.39999994 13.2499989 0 P 0
L 39.10000054 14.75000098 39.39999994 14.75000098 0 P 0
L 39.10000054 16.25000052 39.39999994 16.25000052 0 P 0
L 39.10000054 17.75000006 39.39999994 17.75000006 0 P 0
L 39.10000054 19.2499996 39.39999994 19.2499996 0 P 0
L 39.10000054 20.74999914 39.39999994 20.74999914 0 P 0
L 39.25000024 5.6000015 39.25000024 5.9000009 0 P 0
L 39.25000024 7.10000104 39.25000024 7.40000044 0 P 0
L 39.25000024 11.59999966 39.25000024 11.89999906 0 P 0
L 39.25000024 13.0999992 39.25000024 13.3999986 0 P 0
L 39.25000024 14.60000128 39.25000024 14.90000068 0 P 0
L 39.25000024 16.10000082 39.25000024 16.40000022 0 P 0
L 39.25000024 17.60000036 39.25000024 17.89999976 0 P 0
L 39.25000024 19.0999999 39.25000024 19.3999993 0 P 0
L 39.25000024 20.59999944 39.25000024 20.89999884 0 P 0
