UNITS=MM
#Layer_Color=32768
#
#Feature symbol names
#
$0 r49.9999
$1 r99.9998

#
#Feature attribute names
#
@0 .nomenclature
@1 .string
@2 .string_angle

#
#Feature attribute text strings
#
&0 U1

#
#Layer features
#
L 5.69999876 8.15000148 5.69999876 10.92500228 0 P 0
L 5.69999876 8.15000148 10.29999972 8.15000148 0 P 0
L 5.69999876 10.92500228 10.29999972 10.92500228 0 P 0
L 7.50000024 9.55000122 8.49999824 9.55000122 0 P 0
L 7.99999924 9.05000222 7.99999924 10.05000022 0 P 0
L 9.49000134 -6.07000056 9.49000134 5.1949985 0 P 0
L 9.49000134 -6.07000056 30.50999994 -6.07000056 0 P 0
L 9.49000134 5.1949985 30.50999994 5.1949985 0 P 0
L 10.29999972 8.15000148 10.29999972 10.92500228 0 P 0
L 10.65000156 9.22499806 10.65000156 10.67500024 0 P 0
L 10.65000156 9.22499806 11.44999996 9.22499806 0 P 0
L 10.65000156 10.67500024 11.44999996 10.67500024 0 P 0
L 10.7749594 9.9749991 11.3749582 9.9749991 0 P 0
L 11.05000076 9.6749997 11.05000076 10.29999972 0 P 0
L 11.44999996 9.22499806 11.44999996 10.67500024 0 P 0
L 12.09999866 6.85000154 12.09999866 7.84999954 0 P 0
L 12.09999866 6.85000154 13.9999974 6.85000154 0 P 0
L 12.09999866 7.84999954 13.9999974 7.84999954 0 P 0
L 12.09999866 12.07499998 12.09999866 13.07499798 0 P 0
L 12.09999866 12.07499998 13.9999974 12.07499998 0 P 0
L 12.09999866 13.07499798 13.9999974 13.07499798 0 P 0
L 12.09999866 13.45000104 12.09999866 14.44999904 0 P 0
L 12.09999866 13.45000104 13.9999974 13.45000104 0 P 0
L 12.09999866 14.44999904 13.9999974 14.44999904 0 P 0
L 12.09999866 14.50000148 12.09999866 15.49999948 0 P 0
L 12.09999866 14.50000148 13.9999974 14.50000148 0 P 0
L 12.09999866 15.49999948 13.9999974 15.49999948 0 P 0
L 12.57499898 7.97499802 12.57499898 11.97500018 0 P 0
L 12.57499898 7.97499802 14.44999904 7.97499802 0 P 0
L 12.57499898 11.97500018 14.44999904 11.97500018 0 P 0
L 12.74999736 7.35000054 13.3499987 7.35000054 0 P 0
L 12.74999736 12.57499898 13.3499987 12.57499898 0 P 0
L 12.74999736 13.95000004 13.3499987 13.95000004 0 P 0
L 12.74999736 15.00000048 13.3499987 15.00000048 0 P 0
L 12.99999686 9.9749991 13.9999974 9.9749991 0 P 0
L 13.0499993 7.05000114 13.0499993 7.64999994 0 P 0
L 13.0499993 12.27499958 13.0499993 12.87499838 0 P 0
L 13.0499993 13.65000064 13.0499993 14.24999944 0 P 0
L 13.0499993 14.70000108 13.0499993 15.29999988 0 P 0
L 13.4999984 9.47499756 13.4999984 10.4749981 0 P 0
L 13.9999974 6.85000154 13.9999974 7.84999954 0 P 0
L 13.9999974 12.07499998 13.9999974 13.07499798 0 P 0
L 13.9999974 13.45000104 13.9999974 14.44999904 0 P 0
L 13.9999974 14.50000148 13.9999974 15.49999948 0 P 0
L 14.44999904 7.97499802 14.44999904 11.97500018 0 P 0
L 14.80000342 7.60000258 14.80000342 22.20000386 0 P 0
L 14.80000342 7.60000258 25.2000004 7.60000258 0 P 0
L 14.80000342 22.20000386 25.2000004 22.20000386 0 P 0
L 15.29999988 6.60000204 15.29999988 7.60000004 0 P 0
L 15.29999988 6.60000204 17.19999862 6.60000204 0 P 0
L 15.29999988 7.60000004 17.19999862 7.60000004 0 P 0
L 15.94999858 7.10000104 16.54999992 7.10000104 0 P 0
L 16.25000052 6.80000164 16.25000052 7.40000044 0 P 0
L 17.19999862 6.60000204 17.19999862 7.60000004 0 P 0
L 19.50000164 1.39999974 20.49999964 1.39999974 0 P 0
L 19.50000164 14.90000576 20.49999964 14.90000576 0 P 0
L 20.00000064 0.90000074 20.00000064 1.89999874 0 P 0
L 20.00000064 14.40000676 20.00000064 15.40000476 0 P 0
L 20.10000298 15.16661686 20.26661682 15.00000302 1 P 0 ;0,1=0,2=0.000000
L 20.10000298 15.99968098 20.10000298 15.16661686 1 P 0 ;0,1=0,2=0.000000
L 20.26661682 15.00000302 20.59984196 15.00000302 1 P 0 ;0,1=0,2=0.000000
L 20.59984196 15.00000302 20.76645326 15.16661686 1 P 0 ;0,1=0,2=0.000000
L 20.76645326 15.16661686 20.76645326 15.99968098 1 P 0 ;0,1=0,2=0.000000
L 21.09968094 15.00000302 21.43290608 15.00000302 1 P 0 ;0,1=0,2=0.000000
L 21.26629478 15.00000302 21.26629478 15.99968098 1 P 0 ;0,1=0,2=0.000000
L 21.26629478 15.99968098 21.09968094 15.83306714 1 P 0 ;0,1=0,2=0.000000
L 21.43290608 15.00000302 21.26629478 15.00000302 1 P 0 ;0,1=0,2=0.000000
L 25.2000004 7.60000258 25.2000004 22.20000386 0 P 0
L 26.65000004 13.2999988 26.65000004 14.09999974 0 P 0
L 26.65000004 13.2999988 28.25000192 13.2999988 0 P 0
L 26.65000004 14.09999974 28.25000192 14.09999974 0 P 0
L 26.65000004 14.39999914 26.65000004 15.20000008 0 P 0
L 26.65000004 14.39999914 28.25000192 14.39999914 0 P 0
L 26.65000004 15.20000008 28.25000192 15.20000008 0 P 0
L 27.15000158 13.70000054 27.75000038 13.70000054 0 P 0
L 27.15000158 14.80000088 27.75000038 14.80000088 0 P 0
L 27.45000098 13.40000114 27.45000098 13.99999994 0 P 0
L 27.45000098 14.50000148 27.45000098 15.10000028 0 P 0
L 28.24999938 13.0499993 28.24999938 15.44999958 0 P 0
L 28.24999938 13.0499993 31.24999846 13.0499993 0 P 0
L 28.24999938 15.44999958 31.24999846 15.44999958 0 P 0
L 28.25000192 13.2999988 28.25000192 14.09999974 0 P 0
L 28.25000192 14.39999914 28.25000192 15.20000008 0 P 0
L 28.32498526 9.21999934 28.32498526 10.67000152 0 P 0
L 28.32498526 9.21999934 29.12498366 9.21999934 0 P 0
L 28.32498526 10.67000152 29.12498366 10.67000152 0 P 0
L 28.4499431 9.97000038 29.0499419 9.97000038 0 P 0
L 28.72498446 9.67000098 28.72498446 10.295001 0 P 0
L 29.12498366 9.21999934 29.12498366 10.67000152 0 P 0
L 29.24999992 14.24999944 30.24999792 14.24999944 0 P 0
L 29.69999902 8.17500016 29.69999902 10.95000096 0 P 0
L 29.69999902 8.17500016 34.29999998 8.17500016 0 P 0
L 29.69999902 10.95000096 34.29999998 10.95000096 0 P 0
L 29.74999892 13.75000044 29.74999892 14.74999844 0 P 0
L 30.50999994 -6.07000056 30.50999994 5.1949985 0 P 0
L 31.24999846 13.0499993 31.24999846 15.44999958 0 P 0
L 31.24999846 14.40000168 31.24999846 15.20000262 0 P 0
L 31.24999846 14.40000168 32.85000034 14.40000168 0 P 0
L 31.24999846 15.20000262 32.85000034 15.20000262 0 P 0
L 31.5000005 9.55000122 32.4999985 9.55000122 0 P 0
L 31.75 14.80000088 32.3499988 14.80000088 0 P 0
L 31.9999995 9.05000222 31.9999995 10.05000022 0 P 0
L 32.0499994 14.50000148 32.0499994 15.10000028 0 P 0
L 32.85000034 14.40000168 32.85000034 15.20000262 0 P 0
L 34.29999998 8.17500016 34.29999998 10.95000096 0 P 0
