UNITS=MM
#Layer_Color=9474304
#
#Feature symbol names
#
$0 r127
$1 r169.33164

#
#Feature attribute names
#

#
#Layer features
#
A 11.61800064 4.16999928 11.61800064 4.16999928 11.11000064 4.16999928 1 P 0 N
A 14.15800064 4.16999928 14.15800064 4.16999928 13.65000064 4.16999928 1 P 0 N
A 16.69800064 4.16999928 16.69800064 4.16999928 16.19000064 4.16999928 1 P 0 N
A 19.23800064 4.16999928 19.23800064 4.16999928 18.73000064 4.16999928 1 P 0 N
A 21.77800064 4.16999928 21.77800064 4.16999928 21.27000064 4.16999928 1 P 0 N
A 24.31800064 4.16999928 24.31800064 4.16999928 23.81000064 4.16999928 1 P 0 N
A 26.85800064 4.16999928 26.85800064 4.16999928 26.35000064 4.16999928 1 P 0 N
A 29.39800064 4.16999928 29.39800064 4.16999928 28.89000064 4.16999928 1 P 0 N
L 0.1919859 14.14200118 0.4459859 14.65000118 0 P 0
L 0.1919859 14.14200118 0.6999859 14.39600118 0 P 0
L 0.1919859 15.15800118 0.4459859 14.65000118 0 P 0
L 0.1919859 15.15800118 0.6999859 14.90400118 0 P 0
L 0.19200114 10.16700024 0.44600114 10.67500024 0 P 0
L 0.19200114 10.16700024 0.70000114 10.42100024 0 P 0
L 0.19200114 11.16700078 0.44600114 11.67500078 0 P 0
L 0.19200114 11.16700078 0.70000114 11.42100078 0 P 0
L 0.19200114 11.18300024 0.44600114 10.67500024 0 P 0
L 0.19200114 11.18300024 0.70000114 10.92900024 0 P 0
L 0.19200114 12.16699878 0.44600114 12.67499878 0 P 0
L 0.19200114 12.16699878 0.70000114 12.42099878 0 P 0
L 0.19200114 12.18300078 0.44600114 11.67500078 0 P 0
L 0.19200114 12.18300078 0.70000114 11.92900078 0 P 0
L 0.19200114 13.16699932 0.44600114 13.67499932 0 P 0
L 0.19200114 13.16699932 0.70000114 13.42099932 0 P 0
L 0.19200114 13.18299878 0.44600114 12.67499878 0 P 0
L 0.19200114 13.18299878 0.70000114 12.92899878 0 P 0
L 0.19200114 14.18299932 0.44600114 13.67499932 0 P 0
L 0.19200114 14.18299932 0.70000114 13.92899932 0 P 0
L 0.29200094 4.19200584 0.54600094 4.70000584 0 P 0
L 0.29200094 4.19200584 0.80000094 4.44600584 0 P 0
L 0.29200094 5.20800584 0.54600094 4.70000584 0 P 0
L 0.29200094 5.20800584 0.80000094 4.95400584 0 P 0
L 0.29200094 5.69200538 0.54600094 6.20000538 0 P 0
L 0.29200094 5.69200538 0.80000094 5.94600538 0 P 0
L 0.29200094 6.70800538 0.54600094 6.20000538 0 P 0
L 0.29200094 6.70800538 0.80000094 6.45400538 0 P 0
L 0.29200094 7.19200492 0.54600094 7.70000492 0 P 0
L 0.29200094 7.19200492 0.80000094 7.44600492 0 P 0
L 0.29200094 8.20800492 0.54600094 7.70000492 0 P 0
L 0.29200094 8.20800492 0.80000094 7.95400492 0 P 0
L 0.29200094 19.19200124 0.54600094 19.70000124 0 P 0
L 0.29200094 19.19200124 0.80000094 19.44600124 0 P 0
L 0.29200094 20.20800124 0.54600094 19.70000124 0 P 0
L 0.29200094 20.20800124 0.80000094 19.95400124 0 P 0
L 0.29200094 20.69200078 0.54600094 21.20000078 0 P 0
L 0.29200094 20.69200078 0.80000094 20.94600078 0 P 0
L 0.29200094 21.70800078 0.54600094 21.20000078 0 P 0
L 0.29200094 21.70800078 0.80000094 21.45400078 0 P 0
L 0.6999859 14.39600118 1.2079859 14.14200118 0 P 0
L 0.6999859 14.90400118 1.2079859 15.15800118 0 P 0
L 0.70000114 10.42100024 1.20800114 10.16700024 0 P 0
L 0.70000114 10.92900024 1.20800114 11.18300024 0 P 0
L 0.70000114 11.42100078 1.20800114 11.16700078 0 P 0
L 0.70000114 11.92900078 1.20800114 12.18300078 0 P 0
L 0.70000114 12.42099878 1.20800114 12.16699878 0 P 0
L 0.70000114 12.92899878 1.20800114 13.18299878 0 P 0
L 0.70000114 13.42099932 1.20800114 13.16699932 0 P 0
L 0.70000114 13.92899932 1.20800114 14.18299932 0 P 0
L 0.80000094 4.44600584 1.30800094 4.19200584 0 P 0
L 0.80000094 4.95400584 1.30800094 5.20800584 0 P 0
L 0.80000094 5.94600538 1.30800094 5.69200538 0 P 0
L 0.80000094 6.45400538 1.30800094 6.70800538 0 P 0
L 0.80000094 7.44600492 1.30800094 7.19200492 0 P 0
L 0.80000094 7.95400492 1.30800094 8.20800492 0 P 0
L 0.80000094 19.44600124 1.30800094 19.19200124 0 P 0
L 0.80000094 19.95400124 1.30800094 20.20800124 0 P 0
L 0.80000094 20.94600078 1.30800094 20.69200078 0 P 0
L 0.80000094 21.45400078 1.30800094 21.70800078 0 P 0
L 0.9539859 14.65000118 1.2079859 14.14200118 0 P 0
L 0.9539859 14.65000118 1.2079859 15.15800118 0 P 0
L 0.95400114 10.67500024 1.20800114 10.16700024 0 P 0
L 0.95400114 10.67500024 1.20800114 11.18300024 0 P 0
L 0.95400114 11.67500078 1.20800114 11.16700078 0 P 0
L 0.95400114 11.67500078 1.20800114 12.18300078 0 P 0
L 0.95400114 12.67499878 1.20800114 12.16699878 0 P 0
L 0.95400114 12.67499878 1.20800114 13.18299878 0 P 0
L 0.95400114 13.67499932 1.20800114 13.16699932 0 P 0
L 0.95400114 13.67499932 1.20800114 14.18299932 0 P 0
L 1.05400094 4.70000584 1.30800094 4.19200584 0 P 0
L 1.05400094 4.70000584 1.30800094 5.20800584 0 P 0
L 1.05400094 6.20000538 1.30800094 5.69200538 0 P 0
L 1.05400094 6.20000538 1.30800094 6.70800538 0 P 0
L 1.05400094 7.70000492 1.30800094 7.19200492 0 P 0
L 1.05400094 7.70000492 1.30800094 8.20800492 0 P 0
L 1.05400094 19.70000124 1.30800094 19.19200124 0 P 0
L 1.05400094 19.70000124 1.30800094 20.20800124 0 P 0
L 1.05400094 21.20000078 1.30800094 20.69200078 0 P 0
L 1.05400094 21.20000078 1.30800094 21.70800078 0 P 0
L 1.79200048 4.19200584 2.04600048 4.70000584 0 P 0
L 1.79200048 4.19200584 2.30000048 4.44600584 0 P 0
L 1.79200048 5.20800584 2.04600048 4.70000584 0 P 0
L 1.79200048 5.20800584 2.30000048 4.95400584 0 P 0
L 1.79200048 5.69200538 2.04600048 6.20000538 0 P 0
L 1.79200048 5.69200538 2.30000048 5.94600538 0 P 0
L 1.79200048 6.70800538 2.04600048 6.20000538 0 P 0
L 1.79200048 6.70800538 2.30000048 6.45400538 0 P 0
L 1.79200048 19.19200124 2.04600048 19.70000124 0 P 0
L 1.79200048 19.19200124 2.30000048 19.44600124 0 P 0
L 1.79200048 20.20800124 2.04600048 19.70000124 0 P 0
L 1.79200048 20.20800124 2.30000048 19.95400124 0 P 0
L 1.79200048 20.69200078 2.04600048 21.20000078 0 P 0
L 1.79200048 20.69200078 2.30000048 20.94600078 0 P 0
L 1.79200048 21.70800078 2.04600048 21.20000078 0 P 0
L 1.79200048 21.70800078 2.30000048 21.45400078 0 P 0
L 1.99200008 3.00800008 2.50000008 1.99200008 0 P 0
L 1.99200008 3.00800008 3.00800008 3.00800008 0 P 0
L 2.30000048 4.44600584 2.80800048 4.19200584 0 P 0
L 2.30000048 4.95400584 2.80800048 5.20800584 0 P 0
L 2.30000048 5.94600538 2.80800048 5.69200538 0 P 0
L 2.30000048 6.45400538 2.80800048 6.70800538 0 P 0
L 2.30000048 19.44600124 2.80800048 19.19200124 0 P 0
L 2.30000048 19.95400124 2.80800048 20.20800124 0 P 0
L 2.30000048 20.94600078 2.80800048 20.69200078 0 P 0
L 2.30000048 21.45400078 2.80800048 21.70800078 0 P 0
L 2.50000008 1.99200008 3.00800008 3.00800008 0 P 0
L 2.55400048 4.70000584 2.80800048 4.19200584 0 P 0
L 2.55400048 4.70000584 2.80800048 5.20800584 0 P 0
L 2.55400048 6.20000538 2.80800048 5.69200538 0 P 0
L 2.55400048 6.20000538 2.80800048 6.70800538 0 P 0
L 2.55400048 19.70000124 2.80800048 19.19200124 0 P 0
L 2.55400048 19.70000124 2.80800048 20.20800124 0 P 0
L 2.55400048 21.20000078 2.80800048 20.69200078 0 P 0
L 2.55400048 21.20000078 2.80800048 21.70800078 0 P 0
L 3.19200022 15.99200256 3.44600022 16.50000256 0 P 0
L 3.19200022 15.99200256 3.70000022 16.24600256 0 P 0
L 3.19200022 17.00800256 3.44600022 16.50000256 0 P 0
L 3.19200022 17.00800256 3.70000022 16.75400256 0 P 0
L 3.29200002 4.19200584 3.54600002 4.70000584 0 P 0
L 3.29200002 4.19200584 3.80000002 4.44600584 0 P 0
L 3.29200002 5.20800584 3.54600002 4.70000584 0 P 0
L 3.29200002 5.20800584 3.80000002 4.95400584 0 P 0
L 3.29200002 5.69200538 3.54600002 6.20000538 0 P 0
L 3.29200002 5.69200538 3.80000002 5.94600538 0 P 0
L 3.29200002 6.70800538 3.54600002 6.20000538 0 P 0
L 3.29200002 6.70800538 3.80000002 6.45400538 0 P 0
L 3.29200002 13.19200308 3.54600002 13.70000308 0 P 0
L 3.29200002 13.19200308 3.80000002 13.44600308 0 P 0
L 3.29200002 14.20800308 3.54600002 13.70000308 0 P 0
L 3.29200002 14.20800308 3.80000002 13.95400308 0 P 0
L 3.29200002 19.19200124 3.54600002 19.70000124 0 P 0
L 3.29200002 19.19200124 3.80000002 19.44600124 0 P 0
L 3.29200002 20.20800124 3.54600002 19.70000124 0 P 0
L 3.29200002 20.20800124 3.80000002 19.95400124 0 P 0
L 3.29200002 20.69200078 3.54600002 21.20000078 0 P 0
L 3.29200002 20.69200078 3.80000002 20.94600078 0 P 0
L 3.29200002 21.70800078 3.54600002 21.20000078 0 P 0
L 3.29200002 21.70800078 3.80000002 21.45400078 0 P 0
L 3.70000022 16.24600256 4.20800022 15.99200256 0 P 0
L 3.70000022 16.75400256 4.20800022 17.00800256 0 P 0
L 3.80000002 4.44600584 4.30800002 4.19200584 0 P 0
L 3.80000002 4.95400584 4.30800002 5.20800584 0 P 0
L 3.80000002 5.94600538 4.30800002 5.69200538 0 P 0
L 3.80000002 6.45400538 4.30800002 6.70800538 0 P 0
L 3.80000002 13.44600308 4.30800002 13.19200308 0 P 0
L 3.80000002 13.95400308 4.30800002 14.20800308 0 P 0
L 3.80000002 19.44600124 4.30800002 19.19200124 0 P 0
L 3.80000002 19.95400124 4.30800002 20.20800124 0 P 0
L 3.80000002 20.94600078 4.30800002 20.69200078 0 P 0
L 3.80000002 21.45400078 4.30800002 21.70800078 0 P 0
L 3.95400022 16.50000256 4.20800022 15.99200256 0 P 0
L 3.95400022 16.50000256 4.20800022 17.00800256 0 P 0
L 4.05400002 4.70000584 4.30800002 4.19200584 0 P 0
L 4.05400002 4.70000584 4.30800002 5.20800584 0 P 0
L 4.05400002 6.20000538 4.30800002 5.69200538 0 P 0
L 4.05400002 6.20000538 4.30800002 6.70800538 0 P 0
L 4.05400002 13.70000308 4.30800002 13.19200308 0 P 0
L 4.05400002 13.70000308 4.30800002 14.20800308 0 P 0
L 4.05400002 19.70000124 4.30800002 19.19200124 0 P 0
L 4.05400002 19.70000124 4.30800002 20.20800124 0 P 0
L 4.05400002 21.20000078 4.30800002 20.69200078 0 P 0
L 4.05400002 21.20000078 4.30800002 21.70800078 0 P 0
L 4.79199956 0.29200094 5.04599956 0.80000094 0 P 0
L 4.79199956 0.29200094 5.29999956 0.54600094 0 P 0
L 4.79199956 1.30800094 5.04599956 0.80000094 0 P 0
L 4.79199956 1.30800094 5.29999956 1.05400094 0 P 0
L 4.79199956 1.49200108 5.04599956 2.00000108 0 P 0
L 4.79199956 1.49200108 5.29999956 1.74600108 0 P 0
L 4.79199956 2.50800108 5.04599956 2.00000108 0 P 0
L 4.79199956 2.50800108 5.29999956 2.25400108 0 P 0
L 4.79199956 2.6920063 5.04599956 3.2000063 0 P 0
L 4.79199956 2.6920063 5.29999956 2.9460063 0 P 0
L 4.79199956 3.7080063 5.04599956 3.2000063 0 P 0
L 4.79199956 3.7080063 5.29999956 3.4540063 0 P 0
L 4.79199956 4.19200584 5.04599956 4.70000584 0 P 0
L 4.79199956 4.19200584 5.29999956 4.44600584 0 P 0
L 4.79199956 5.20800584 5.04599956 4.70000584 0 P 0
L 4.79199956 5.20800584 5.29999956 4.95400584 0 P 0
L 4.79199956 19.19200124 5.04599956 19.70000124 0 P 0
L 4.79199956 19.19200124 5.29999956 19.44600124 0 P 0
L 4.79199956 20.20800124 5.04599956 19.70000124 0 P 0
L 4.79199956 20.20800124 5.29999956 19.95400124 0 P 0
L 4.79199956 20.69200078 5.04599956 21.20000078 0 P 0
L 4.79199956 20.69200078 5.29999956 20.94600078 0 P 0
L 4.79199956 21.70800078 5.04599956 21.20000078 0 P 0
L 4.79199956 21.70800078 5.29999956 21.45400078 0 P 0
L 5.29999956 0.54600094 5.80799956 0.29200094 0 P 0
L 5.29999956 1.05400094 5.80799956 1.30800094 0 P 0
L 5.29999956 1.74600108 5.80799956 1.49200108 0 P 0
L 5.29999956 2.25400108 5.80799956 2.50800108 0 P 0
L 5.29999956 2.9460063 5.80799956 2.6920063 0 P 0
L 5.29999956 3.4540063 5.80799956 3.7080063 0 P 0
L 5.29999956 4.44600584 5.80799956 4.19200584 0 P 0
L 5.29999956 4.95400584 5.80799956 5.20800584 0 P 0
L 5.29999956 19.44600124 5.80799956 19.19200124 0 P 0
L 5.29999956 19.95400124 5.80799956 20.20800124 0 P 0
L 5.29999956 20.94600078 5.80799956 20.69200078 0 P 0
L 5.29999956 21.45400078 5.80799956 21.70800078 0 P 0
L 5.55399956 0.80000094 5.80799956 0.29200094 0 P 0
L 5.55399956 0.80000094 5.80799956 1.30800094 0 P 0
L 5.55399956 2.00000108 5.80799956 1.49200108 0 P 0
L 5.55399956 2.00000108 5.80799956 2.50800108 0 P 0
L 5.55399956 3.2000063 5.80799956 2.6920063 0 P 0
L 5.55399956 3.2000063 5.80799956 3.7080063 0 P 0
L 5.55399956 4.70000584 5.80799956 4.19200584 0 P 0
L 5.55399956 4.70000584 5.80799956 5.20800584 0 P 0
L 5.55399956 19.70000124 5.80799956 19.19200124 0 P 0
L 5.55399956 19.70000124 5.80799956 20.20800124 0 P 0
L 5.55399956 21.20000078 5.80799956 20.69200078 0 P 0
L 5.55399956 21.20000078 5.80799956 21.70800078 0 P 0
L 6.2919991 0.29200094 6.5459991 0.80000094 0 P 0
L 6.2919991 0.29200094 6.7999991 0.54600094 0 P 0
L 6.2919991 1.30800094 6.5459991 0.80000094 0 P 0
L 6.2919991 1.30800094 6.7999991 1.05400094 0 P 0
L 6.2919991 1.49200108 6.5459991 2.00000108 0 P 0
L 6.2919991 1.49200108 6.7999991 1.74600108 0 P 0
L 6.2919991 2.50800108 6.5459991 2.00000108 0 P 0
L 6.2919991 2.50800108 6.7999991 2.25400108 0 P 0
L 6.2919991 2.6920063 6.5459991 3.2000063 0 P 0
L 6.2919991 2.6920063 6.7999991 2.9460063 0 P 0
L 6.2919991 3.7080063 6.5459991 3.2000063 0 P 0
L 6.2919991 3.7080063 6.7999991 3.4540063 0 P 0
L 6.2919991 19.19200124 6.5459991 19.70000124 0 P 0
L 6.2919991 19.19200124 6.7999991 19.44600124 0 P 0
L 6.2919991 20.20800124 6.5459991 19.70000124 0 P 0
L 6.2919991 20.20800124 6.7999991 19.95400124 0 P 0
L 6.2919991 20.69200078 6.5459991 21.20000078 0 P 0
L 6.2919991 20.69200078 6.7999991 20.94600078 0 P 0
L 6.2919991 21.70800078 6.5459991 21.20000078 0 P 0
L 6.2919991 21.70800078 6.7999991 21.45400078 0 P 0
L 6.7999991 0.54600094 7.3079991 0.29200094 0 P 0
L 6.7999991 1.05400094 7.3079991 1.30800094 0 P 0
L 6.7999991 1.74600108 7.3079991 1.49200108 0 P 0
L 6.7999991 2.25400108 7.3079991 2.50800108 0 P 0
L 6.7999991 2.9460063 7.3079991 2.6920063 0 P 0
L 6.7999991 3.4540063 7.3079991 3.7080063 0 P 0
L 6.7999991 19.44600124 7.3079991 19.19200124 0 P 0
L 6.7999991 19.95400124 7.3079991 20.20800124 0 P 0
L 6.7999991 20.94600078 7.3079991 20.69200078 0 P 0
L 6.7999991 21.45400078 7.3079991 21.70800078 0 P 0
L 7.0539991 0.80000094 7.3079991 0.29200094 0 P 0
L 7.0539991 0.80000094 7.3079991 1.30800094 0 P 0
L 7.0539991 2.00000108 7.3079991 1.49200108 0 P 0
L 7.0539991 2.00000108 7.3079991 2.50800108 0 P 0
L 7.0539991 3.2000063 7.3079991 2.6920063 0 P 0
L 7.0539991 3.2000063 7.3079991 3.7080063 0 P 0
L 7.0539991 19.70000124 7.3079991 19.19200124 0 P 0
L 7.0539991 19.70000124 7.3079991 20.20800124 0 P 0
L 7.0539991 21.20000078 7.3079991 20.69200078 0 P 0
L 7.0539991 21.20000078 7.3079991 21.70800078 0 P 0
L 7.366 15.9766 7.62 16.4846 0 P 0
L 7.366 15.9766 7.874 16.2306 0 P 0
L 7.366 16.9926 7.62 16.4846 0 P 0
L 7.366 16.9926 7.874 16.7386 0 P 0
L 7.79199864 19.19200124 8.04599864 19.70000124 0 P 0
L 7.79199864 19.19200124 8.29999864 19.44600124 0 P 0
L 7.79199864 20.20800124 8.04599864 19.70000124 0 P 0
L 7.79199864 20.20800124 8.29999864 19.95400124 0 P 0
L 7.79199864 20.69200078 8.04599864 21.20000078 0 P 0
L 7.79199864 20.69200078 8.29999864 20.94600078 0 P 0
L 7.79199864 21.70800078 8.04599864 21.20000078 0 P 0
L 7.79199864 21.70800078 8.29999864 21.45400078 0 P 0
L 7.79200118 0.29200094 8.04600118 0.80000094 0 P 0
L 7.79200118 0.29200094 8.30000118 0.54600094 0 P 0
L 7.79200118 1.30800094 8.04600118 0.80000094 0 P 0
L 7.79200118 1.30800094 8.30000118 1.05400094 0 P 0
L 7.79200118 1.49200108 8.04600118 2.00000108 0 P 0
L 7.79200118 1.49200108 8.30000118 1.74600108 0 P 0
L 7.79200118 2.50800108 8.04600118 2.00000108 0 P 0
L 7.79200118 2.50800108 8.30000118 2.25400108 0 P 0
L 7.874 16.2306 8.382 15.9766 0 P 0
L 7.874 16.7386 8.382 16.9926 0 P 0
L 8.128 16.4846 8.382 15.9766 0 P 0
L 8.128 16.4846 8.382 16.9926 0 P 0
L 8.29999864 19.44600124 8.80799864 19.19200124 0 P 0
L 8.29999864 19.95400124 8.80799864 20.20800124 0 P 0
L 8.29999864 20.94600078 8.80799864 20.69200078 0 P 0
L 8.29999864 21.45400078 8.80799864 21.70800078 0 P 0
L 8.30000118 0.54600094 8.80800118 0.29200094 0 P 0
L 8.30000118 1.05400094 8.80800118 1.30800094 0 P 0
L 8.30000118 1.74600108 8.80800118 1.49200108 0 P 0
L 8.30000118 2.25400108 8.80800118 2.50800108 0 P 0
L 8.55399864 19.70000124 8.80799864 19.19200124 0 P 0
L 8.55399864 19.70000124 8.80799864 20.20800124 0 P 0
L 8.55399864 21.20000078 8.80799864 20.69200078 0 P 0
L 8.55399864 21.20000078 8.80799864 21.70800078 0 P 0
L 8.55400118 0.80000094 8.80800118 0.29200094 0 P 0
L 8.55400118 0.80000094 8.80800118 1.30800094 0 P 0
L 8.55400118 2.00000108 8.80800118 1.49200108 0 P 0
L 8.55400118 2.00000108 8.80800118 2.50800108 0 P 0
L 9.29199818 4.19200584 9.54599818 4.70000584 0 P 0
L 9.29199818 4.19200584 9.79999818 4.44600584 0 P 0
L 9.29199818 5.20800584 9.54599818 4.70000584 0 P 0
L 9.29199818 5.20800584 9.79999818 4.95400584 0 P 0
L 9.29199818 19.19200124 9.54599818 19.70000124 0 P 0
L 9.29199818 19.19200124 9.79999818 19.44600124 0 P 0
L 9.29199818 20.20800124 9.54599818 19.70000124 0 P 0
L 9.29199818 20.20800124 9.79999818 19.95400124 0 P 0
L 9.29199818 20.69200078 9.54599818 21.20000078 0 P 0
L 9.29199818 20.69200078 9.79999818 20.94600078 0 P 0
L 9.29199818 21.70800078 9.54599818 21.20000078 0 P 0
L 9.29199818 21.70800078 9.79999818 21.45400078 0 P 0
L 9.29200072 0.29200094 9.54600072 0.80000094 0 P 0
L 9.29200072 0.29200094 9.80000072 0.54600094 0 P 0
L 9.29200072 1.30800094 9.54600072 0.80000094 0 P 0
L 9.29200072 1.30800094 9.80000072 1.05400094 0 P 0
L 9.6012 5.2578 9.8552 5.7658 0 P 0
L 9.6012 5.2578 10.1092 5.5118 0 P 0
L 9.6012 6.2738 9.8552 5.7658 0 P 0
L 9.6012 6.2738 10.1092 6.0198 0 P 0
L 9.79999818 4.44600584 10.30799818 4.19200584 0 P 0
L 9.79999818 4.95400584 10.30799818 5.20800584 0 P 0
L 9.79999818 19.44600124 10.30799818 19.19200124 0 P 0
L 9.79999818 19.95400124 10.30799818 20.20800124 0 P 0
L 9.79999818 20.94600078 10.30799818 20.69200078 0 P 0
L 9.79999818 21.45400078 10.30799818 21.70800078 0 P 0
L 9.80000072 0.54600094 10.30800072 0.29200094 0 P 0
L 9.80000072 1.05400094 10.30800072 1.30800094 0 P 0
L 10.05399818 4.70000584 10.30799818 4.19200584 0 P 0
L 10.05399818 4.70000584 10.30799818 5.20800584 0 P 0
L 10.05399818 19.70000124 10.30799818 19.19200124 0 P 0
L 10.05399818 19.70000124 10.30799818 20.20800124 0 P 0
L 10.05399818 21.20000078 10.30799818 20.69200078 0 P 0
L 10.05399818 21.20000078 10.30799818 21.70800078 0 P 0
L 10.05400072 0.80000094 10.30800072 0.29200094 0 P 0
L 10.05400072 0.80000094 10.30800072 1.30800094 0 P 0
L 10.1092 5.5118 10.6172 5.2578 0 P 0
L 10.1092 6.0198 10.6172 6.2738 0 P 0
L 10.3632 5.7658 10.6172 5.2578 0 P 0
L 10.3632 5.7658 10.6172 6.2738 0 P 0
L 10.4169972 8.16699916 10.6709972 8.67499916 0 P 0
L 10.4169972 8.16699916 10.9249972 8.42099916 0 P 0
L 10.4169972 9.1669997 10.6709972 9.6749997 0 P 0
L 10.4169972 9.1669997 10.9249972 9.4209997 0 P 0
L 10.4169972 9.18299916 10.6709972 8.67499916 0 P 0
L 10.4169972 9.18299916 10.9249972 8.92899916 0 P 0
L 10.4169972 10.16700024 10.6709972 10.67500024 0 P 0
L 10.4169972 10.16700024 10.9249972 10.42100024 0 P 0
L 10.4169972 10.1829997 10.6709972 9.6749997 0 P 0
L 10.4169972 10.1829997 10.9249972 9.9289997 0 P 0
L 10.4169972 11.18300024 10.6709972 10.67500024 0 P 0
L 10.4169972 11.18300024 10.9249972 10.92900024 0 P 0
L 10.79199772 7.19200492 11.04599772 7.70000492 0 P 0
L 10.79199772 7.19200492 11.29999772 7.44600492 0 P 0
L 10.79199772 8.20800492 11.04599772 7.70000492 0 P 0
L 10.79199772 8.20800492 11.29999772 7.95400492 0 P 0
L 10.79199772 13.19200308 11.04599772 13.70000308 0 P 0
L 10.79199772 13.19200308 11.29999772 13.44600308 0 P 0
L 10.79199772 14.20800308 11.04599772 13.70000308 0 P 0
L 10.79199772 14.20800308 11.29999772 13.95400308 0 P 0
L 10.79199772 19.19200124 11.04599772 19.70000124 0 P 0
L 10.79199772 19.19200124 11.29999772 19.44600124 0 P 0
L 10.79199772 20.20800124 11.04599772 19.70000124 0 P 0
L 10.79199772 20.20800124 11.29999772 19.95400124 0 P 0
L 10.79199772 20.69200078 11.04599772 21.20000078 0 P 0
L 10.79199772 20.69200078 11.29999772 20.94600078 0 P 0
L 10.79199772 21.70800078 11.04599772 21.20000078 0 P 0
L 10.79199772 21.70800078 11.29999772 21.45400078 0 P 0
L 10.79200026 0.29200094 11.04600026 0.80000094 0 P 0
L 10.79200026 0.29200094 11.30000026 0.54600094 0 P 0
L 10.79200026 1.30800094 11.04600026 0.80000094 0 P 0
L 10.79200026 1.30800094 11.30000026 1.05400094 0 P 0
L 10.9249972 8.42099916 11.4329972 8.16699916 0 P 0
L 10.9249972 8.92899916 11.4329972 9.18299916 0 P 0
L 10.9249972 9.4209997 11.4329972 9.1669997 0 P 0
L 10.9249972 9.9289997 11.4329972 10.1829997 0 P 0
L 10.9249972 10.42100024 11.4329972 10.16700024 0 P 0
L 10.9249972 10.92900024 11.4329972 11.18300024 0 P 0
L 11.1789972 8.67499916 11.4329972 8.16699916 0 P 0
L 11.1789972 8.67499916 11.4329972 9.18299916 0 P 0
L 11.1789972 9.6749997 11.4329972 9.1669997 0 P 0
L 11.1789972 9.6749997 11.4329972 10.1829997 0 P 0
L 11.1789972 10.67500024 11.4329972 10.16700024 0 P 0
L 11.1789972 10.67500024 11.4329972 11.18300024 0 P 0
L 11.29999772 7.44600492 11.80799772 7.19200492 0 P 0
L 11.29999772 7.95400492 11.80799772 8.20800492 0 P 0
L 11.29999772 13.44600308 11.80799772 13.19200308 0 P 0
L 11.29999772 13.95400308 11.80799772 14.20800308 0 P 0
L 11.29999772 19.44600124 11.80799772 19.19200124 0 P 0
L 11.29999772 19.95400124 11.80799772 20.20800124 0 P 0
L 11.29999772 20.94600078 11.80799772 20.69200078 0 P 0
L 11.29999772 21.45400078 11.80799772 21.70800078 0 P 0
L 11.30000026 0.54600094 11.80800026 0.29200094 0 P 0
L 11.30000026 1.05400094 11.80800026 1.30800094 0 P 0
L 11.34199916 9.0669999 11.59599916 9.5749999 0 P 0
L 11.34199916 9.0669999 11.84999916 9.3209999 0 P 0
L 11.34199916 10.0829999 11.59599916 9.5749999 0 P 0
L 11.34199916 10.0829999 11.84999916 9.8289999 0 P 0
L 11.55399772 7.70000492 11.80799772 7.19200492 0 P 0
L 11.55399772 7.70000492 11.80799772 8.20800492 0 P 0
L 11.55399772 13.70000308 11.80799772 13.19200308 0 P 0
L 11.55399772 13.70000308 11.80799772 14.20800308 0 P 0
L 11.55399772 19.70000124 11.80799772 19.19200124 0 P 0
L 11.55399772 19.70000124 11.80799772 20.20800124 0 P 0
L 11.55399772 21.20000078 11.80799772 20.69200078 0 P 0
L 11.55399772 21.20000078 11.80799772 21.70800078 0 P 0
L 11.55400026 0.80000094 11.80800026 0.29200094 0 P 0
L 11.55400026 0.80000094 11.80800026 1.30800094 0 P 0
L 11.84999916 9.3209999 12.35799916 9.0669999 0 P 0
L 11.84999916 9.8289999 12.35799916 10.0829999 0 P 0
L 12.10399916 9.5749999 12.35799916 9.0669999 0 P 0
L 12.10399916 9.5749999 12.35799916 10.0829999 0 P 0
L 12.29199726 11.69200354 12.54599726 12.20000354 0 P 0
L 12.29199726 11.69200354 12.79999726 11.94600354 0 P 0
L 12.29199726 12.70800354 12.54599726 12.20000354 0 P 0
L 12.29199726 12.70800354 12.79999726 12.45400354 0 P 0
L 12.29199726 19.19200124 12.54599726 19.70000124 0 P 0
L 12.29199726 19.19200124 12.79999726 19.44600124 0 P 0
L 12.29199726 20.20800124 12.54599726 19.70000124 0 P 0
L 12.29199726 20.20800124 12.79999726 19.95400124 0 P 0
L 12.29199726 20.69200078 12.54599726 21.20000078 0 P 0
L 12.29199726 20.69200078 12.79999726 20.94600078 0 P 0
L 12.29199726 21.70800078 12.54599726 21.20000078 0 P 0
L 12.29199726 21.70800078 12.79999726 21.45400078 0 P 0
L 12.2919998 0.29200094 12.5459998 0.80000094 0 P 0
L 12.2919998 0.29200094 12.7999998 0.54600094 0 P 0
L 12.2919998 1.30800094 12.5459998 0.80000094 0 P 0
L 12.2919998 1.30800094 12.7999998 1.05400094 0 P 0
L 12.79999726 11.94600354 13.30799726 11.69200354 0 P 0
L 12.79999726 12.45400354 13.30799726 12.70800354 0 P 0
L 12.79999726 19.44600124 13.30799726 19.19200124 0 P 0
L 12.79999726 19.95400124 13.30799726 20.20800124 0 P 0
L 12.79999726 20.94600078 13.30799726 20.69200078 0 P 0
L 12.79999726 21.45400078 13.30799726 21.70800078 0 P 0
L 12.7999998 0.54600094 13.3079998 0.29200094 0 P 0
L 12.7999998 1.05400094 13.3079998 1.30800094 0 P 0
L 12.99200094 7.41700066 13.24600094 7.92500066 0 P 0
L 12.99200094 7.41700066 13.50000094 7.67100066 0 P 0
L 12.99200094 8.43300066 13.24600094 7.92500066 0 P 0
L 12.99200094 8.43300066 13.50000094 8.17900066 0 P 0
L 13.05399726 12.20000354 13.30799726 11.69200354 0 P 0
L 13.05399726 12.20000354 13.30799726 12.70800354 0 P 0
L 13.05399726 19.70000124 13.30799726 19.19200124 0 P 0
L 13.05399726 19.70000124 13.30799726 20.20800124 0 P 0
L 13.05399726 21.20000078 13.30799726 20.69200078 0 P 0
L 13.05399726 21.20000078 13.30799726 21.70800078 0 P 0
L 13.0539998 0.80000094 13.3079998 0.29200094 0 P 0
L 13.0539998 0.80000094 13.3079998 1.30800094 0 P 0
L 13.50000094 7.67100066 14.00800094 7.41700066 0 P 0
L 13.50000094 8.17900066 14.00800094 8.43300066 0 P 0
L 13.75400094 7.92500066 14.00800094 7.41700066 0 P 0
L 13.75400094 7.92500066 14.00800094 8.43300066 0 P 0
L 13.7919968 8.69200446 14.0459968 9.20000446 0 P 0
L 13.7919968 8.69200446 14.2999968 8.94600446 0 P 0
L 13.7919968 9.70800446 14.0459968 9.20000446 0 P 0
L 13.7919968 9.70800446 14.2999968 9.45400446 0 P 0
L 13.7919968 11.69200354 14.0459968 12.20000354 0 P 0
L 13.7919968 11.69200354 14.2999968 11.94600354 0 P 0
L 13.7919968 12.70800354 14.0459968 12.20000354 0 P 0
L 13.7919968 12.70800354 14.2999968 12.45400354 0 P 0
L 13.7919968 16.19200216 14.0459968 16.70000216 0 P 0
L 13.7919968 16.19200216 14.2999968 16.44600216 0 P 0
L 13.7919968 17.20800216 14.0459968 16.70000216 0 P 0
L 13.7919968 17.20800216 14.2999968 16.95400216 0 P 0
L 13.7919968 17.6920017 14.0459968 18.2000017 0 P 0
L 13.7919968 17.6920017 14.2999968 17.9460017 0 P 0
L 13.7919968 18.7080017 14.0459968 18.2000017 0 P 0
L 13.7919968 18.7080017 14.2999968 18.4540017 0 P 0
L 13.7919968 19.19200124 14.0459968 19.70000124 0 P 0
L 13.7919968 19.19200124 14.2999968 19.44600124 0 P 0
L 13.7919968 20.20800124 14.0459968 19.70000124 0 P 0
L 13.7919968 20.20800124 14.2999968 19.95400124 0 P 0
L 13.7919968 20.69200078 14.0459968 21.20000078 0 P 0
L 13.7919968 20.69200078 14.2999968 20.94600078 0 P 0
L 13.7919968 21.70800078 14.0459968 21.20000078 0 P 0
L 13.7919968 21.70800078 14.2999968 21.45400078 0 P 0
L 13.79199934 0.29200094 14.04599934 0.80000094 0 P 0
L 13.79199934 0.29200094 14.29999934 0.54600094 0 P 0
L 13.79199934 1.30800094 14.04599934 0.80000094 0 P 0
L 13.79199934 1.30800094 14.29999934 1.05400094 0 P 0
L 13.79199934 5.7920001 14.04599934 6.3000001 0 P 0
L 13.79199934 5.7920001 14.29999934 6.0460001 0 P 0
L 13.79199934 6.8080001 14.04599934 6.3000001 0 P 0
L 13.79199934 6.8080001 14.29999934 6.5540001 0 P 0
L 14.2999968 8.94600446 14.8079968 8.69200446 0 P 0
L 14.2999968 9.45400446 14.8079968 9.70800446 0 P 0
L 14.2999968 11.94600354 14.8079968 11.69200354 0 P 0
L 14.2999968 12.45400354 14.8079968 12.70800354 0 P 0
L 14.2999968 16.44600216 14.8079968 16.19200216 0 P 0
L 14.2999968 16.95400216 14.8079968 17.20800216 0 P 0
L 14.2999968 17.9460017 14.8079968 17.6920017 0 P 0
L 14.2999968 18.4540017 14.8079968 18.7080017 0 P 0
L 14.2999968 19.44600124 14.8079968 19.19200124 0 P 0
L 14.2999968 19.95400124 14.8079968 20.20800124 0 P 0
L 14.2999968 20.94600078 14.8079968 20.69200078 0 P 0
L 14.2999968 21.45400078 14.8079968 21.70800078 0 P 0
L 14.29999934 0.54600094 14.80799934 0.29200094 0 P 0
L 14.29999934 1.05400094 14.80799934 1.30800094 0 P 0
L 14.29999934 6.0460001 14.80799934 5.7920001 0 P 0
L 14.29999934 6.5540001 14.80799934 6.8080001 0 P 0
L 14.5539968 9.20000446 14.8079968 8.69200446 0 P 0
L 14.5539968 9.20000446 14.8079968 9.70800446 0 P 0
L 14.5539968 12.20000354 14.8079968 11.69200354 0 P 0
L 14.5539968 12.20000354 14.8079968 12.70800354 0 P 0
L 14.5539968 16.70000216 14.8079968 16.19200216 0 P 0
L 14.5539968 16.70000216 14.8079968 17.20800216 0 P 0
L 14.5539968 18.2000017 14.8079968 17.6920017 0 P 0
L 14.5539968 18.2000017 14.8079968 18.7080017 0 P 0
L 14.5539968 19.70000124 14.8079968 19.19200124 0 P 0
L 14.5539968 19.70000124 14.8079968 20.20800124 0 P 0
L 14.5539968 21.20000078 14.8079968 20.69200078 0 P 0
L 14.5539968 21.20000078 14.8079968 21.70800078 0 P 0
L 14.55399934 0.80000094 14.80799934 0.29200094 0 P 0
L 14.55399934 0.80000094 14.80799934 1.30800094 0 P 0
L 14.55399934 6.3000001 14.80799934 5.7920001 0 P 0
L 14.55399934 6.3000001 14.80799934 6.8080001 0 P 0
L 15.29199634 7.19200492 15.54599634 7.70000492 0 P 0
L 15.29199634 7.19200492 15.79999634 7.44600492 0 P 0
L 15.29199634 8.20800492 15.54599634 7.70000492 0 P 0
L 15.29199634 8.20800492 15.79999634 7.95400492 0 P 0
L 15.29199634 8.69200446 15.54599634 9.20000446 0 P 0
L 15.29199634 8.69200446 15.79999634 8.94600446 0 P 0
L 15.29199634 9.70800446 15.54599634 9.20000446 0 P 0
L 15.29199634 9.70800446 15.79999634 9.45400446 0 P 0
L 15.29199634 11.69200354 15.54599634 12.20000354 0 P 0
L 15.29199634 11.69200354 15.79999634 11.94600354 0 P 0
L 15.29199634 12.70800354 15.54599634 12.20000354 0 P 0
L 15.29199634 12.70800354 15.79999634 12.45400354 0 P 0
L 15.29199634 16.19200216 15.54599634 16.70000216 0 P 0
L 15.29199634 16.19200216 15.79999634 16.44600216 0 P 0
L 15.29199634 17.20800216 15.54599634 16.70000216 0 P 0
L 15.29199634 17.20800216 15.79999634 16.95400216 0 P 0
L 15.29199634 17.6920017 15.54599634 18.2000017 0 P 0
L 15.29199634 17.6920017 15.79999634 17.9460017 0 P 0
L 15.29199634 18.7080017 15.54599634 18.2000017 0 P 0
L 15.29199634 18.7080017 15.79999634 18.4540017 0 P 0
L 15.29199634 19.19200124 15.54599634 19.70000124 0 P 0
L 15.29199634 19.19200124 15.79999634 19.44600124 0 P 0
L 15.29199634 20.20800124 15.54599634 19.70000124 0 P 0
L 15.29199634 20.20800124 15.79999634 19.95400124 0 P 0
L 15.29199634 20.69200078 15.54599634 21.20000078 0 P 0
L 15.29199634 20.69200078 15.79999634 20.94600078 0 P 0
L 15.29199634 21.70800078 15.54599634 21.20000078 0 P 0
L 15.29199634 21.70800078 15.79999634 21.45400078 0 P 0
L 15.29200142 0.29200094 15.54600142 0.80000094 0 P 0
L 15.29200142 0.29200094 15.80000142 0.54600094 0 P 0
L 15.29200142 1.30800094 15.54600142 0.80000094 0 P 0
L 15.29200142 1.30800094 15.80000142 1.05400094 0 P 0
L 15.79999634 7.44600492 16.30799634 7.19200492 0 P 0
L 15.79999634 7.95400492 16.30799634 8.20800492 0 P 0
L 15.79999634 8.94600446 16.30799634 8.69200446 0 P 0
L 15.79999634 9.45400446 16.30799634 9.70800446 0 P 0
L 15.79999634 11.94600354 16.30799634 11.69200354 0 P 0
L 15.79999634 12.45400354 16.30799634 12.70800354 0 P 0
L 15.79999634 16.44600216 16.30799634 16.19200216 0 P 0
L 15.79999634 16.95400216 16.30799634 17.20800216 0 P 0
L 15.79999634 17.9460017 16.30799634 17.6920017 0 P 0
L 15.79999634 18.4540017 16.30799634 18.7080017 0 P 0
L 15.79999634 19.44600124 16.30799634 19.19200124 0 P 0
L 15.79999634 19.95400124 16.30799634 20.20800124 0 P 0
L 15.79999634 20.94600078 16.30799634 20.69200078 0 P 0
L 15.79999634 21.45400078 16.30799634 21.70800078 0 P 0
L 15.80000142 0.54600094 16.30800142 0.29200094 0 P 0
L 15.80000142 1.05400094 16.30800142 1.30800094 0 P 0
L 15.9512 13.2842 16.2052 13.7922 0 P 0
L 15.9512 13.2842 16.4592 13.5382 0 P 0
L 15.9512 14.3002 16.2052 13.7922 0 P 0
L 15.9512 14.3002 16.4592 14.0462 0 P 0
L 16.05399634 7.70000492 16.30799634 7.19200492 0 P 0
L 16.05399634 7.70000492 16.30799634 8.20800492 0 P 0
L 16.05399634 9.20000446 16.30799634 8.69200446 0 P 0
L 16.05399634 9.20000446 16.30799634 9.70800446 0 P 0
L 16.05399634 12.20000354 16.30799634 11.69200354 0 P 0
L 16.05399634 12.20000354 16.30799634 12.70800354 0 P 0
L 16.05399634 16.70000216 16.30799634 16.19200216 0 P 0
L 16.05399634 16.70000216 16.30799634 17.20800216 0 P 0
L 16.05399634 18.2000017 16.30799634 17.6920017 0 P 0
L 16.05399634 18.2000017 16.30799634 18.7080017 0 P 0
L 16.05399634 19.70000124 16.30799634 19.19200124 0 P 0
L 16.05399634 19.70000124 16.30799634 20.20800124 0 P 0
L 16.05399634 21.20000078 16.30799634 20.69200078 0 P 0
L 16.05399634 21.20000078 16.30799634 21.70800078 0 P 0
L 16.05400142 0.80000094 16.30800142 0.29200094 0 P 0
L 16.05400142 0.80000094 16.30800142 1.30800094 0 P 0
L 16.4592 13.5382 16.9672 13.2842 0 P 0
L 16.4592 14.0462 16.9672 14.3002 0 P 0
L 16.7132 13.7922 16.9672 13.2842 0 P 0
L 16.7132 13.7922 16.9672 14.3002 0 P 0
L 16.79199588 7.19200492 17.04599588 7.70000492 0 P 0
L 16.79199588 7.19200492 17.29999588 7.44600492 0 P 0
L 16.79199588 8.20800492 17.04599588 7.70000492 0 P 0
L 16.79199588 8.20800492 17.29999588 7.95400492 0 P 0
L 16.79199588 8.69200446 17.04599588 9.20000446 0 P 0
L 16.79199588 8.69200446 17.29999588 8.94600446 0 P 0
L 16.79199588 9.70800446 17.04599588 9.20000446 0 P 0
L 16.79199588 9.70800446 17.29999588 9.45400446 0 P 0
L 16.79199588 11.69200354 17.04599588 12.20000354 0 P 0
L 16.79199588 11.69200354 17.29999588 11.94600354 0 P 0
L 16.79199588 12.70800354 17.04599588 12.20000354 0 P 0
L 16.79199588 12.70800354 17.29999588 12.45400354 0 P 0
L 16.79199588 16.19200216 17.04599588 16.70000216 0 P 0
L 16.79199588 16.19200216 17.29999588 16.44600216 0 P 0
L 16.79199588 17.20800216 17.04599588 16.70000216 0 P 0
L 16.79199588 17.20800216 17.29999588 16.95400216 0 P 0
L 16.79199588 17.6920017 17.04599588 18.2000017 0 P 0
L 16.79199588 17.6920017 17.29999588 17.9460017 0 P 0
L 16.79199588 18.7080017 17.04599588 18.2000017 0 P 0
L 16.79199588 18.7080017 17.29999588 18.4540017 0 P 0
L 16.79199588 19.19200124 17.04599588 19.70000124 0 P 0
L 16.79199588 19.19200124 17.29999588 19.44600124 0 P 0
L 16.79199588 20.20800124 17.04599588 19.70000124 0 P 0
L 16.79199588 20.20800124 17.29999588 19.95400124 0 P 0
L 16.79199588 20.69200078 17.04599588 21.20000078 0 P 0
L 16.79199588 20.69200078 17.29999588 20.94600078 0 P 0
L 16.79199588 21.70800078 17.04599588 21.20000078 0 P 0
L 16.79199588 21.70800078 17.29999588 21.45400078 0 P 0
L 16.79200096 0.29200094 17.04600096 0.80000094 0 P 0
L 16.79200096 0.29200094 17.30000096 0.54600094 0 P 0
L 16.79200096 1.30800094 17.04600096 0.80000094 0 P 0
L 16.79200096 1.30800094 17.30000096 1.05400094 0 P 0
L 16.79200096 5.7920001 17.04600096 6.3000001 0 P 0
L 16.79200096 5.7920001 17.30000096 6.0460001 0 P 0
L 16.79200096 6.8080001 17.04600096 6.3000001 0 P 0
L 16.79200096 6.8080001 17.30000096 6.5540001 0 P 0
L 17.29999588 7.44600492 17.80799588 7.19200492 0 P 0
L 17.29999588 7.95400492 17.80799588 8.20800492 0 P 0
L 17.29999588 8.94600446 17.80799588 8.69200446 0 P 0
L 17.29999588 9.45400446 17.80799588 9.70800446 0 P 0
L 17.29999588 11.94600354 17.80799588 11.69200354 0 P 0
L 17.29999588 12.45400354 17.80799588 12.70800354 0 P 0
L 17.29999588 16.44600216 17.80799588 16.19200216 0 P 0
L 17.29999588 16.95400216 17.80799588 17.20800216 0 P 0
L 17.29999588 17.9460017 17.80799588 17.6920017 0 P 0
L 17.29999588 18.4540017 17.80799588 18.7080017 0 P 0
L 17.29999588 19.44600124 17.80799588 19.19200124 0 P 0
L 17.29999588 19.95400124 17.80799588 20.20800124 0 P 0
L 17.29999588 20.94600078 17.80799588 20.69200078 0 P 0
L 17.29999588 21.45400078 17.80799588 21.70800078 0 P 0
L 17.30000096 0.54600094 17.80800096 0.29200094 0 P 0
L 17.30000096 1.05400094 17.80800096 1.30800094 0 P 0
L 17.30000096 6.0460001 17.80800096 5.7920001 0 P 0
L 17.30000096 6.5540001 17.80800096 6.8080001 0 P 0
L 17.55399588 7.70000492 17.80799588 7.19200492 0 P 0
L 17.55399588 7.70000492 17.80799588 8.20800492 0 P 0
L 17.55399588 9.20000446 17.80799588 8.69200446 0 P 0
L 17.55399588 9.20000446 17.80799588 9.70800446 0 P 0
L 17.55399588 12.20000354 17.80799588 11.69200354 0 P 0
L 17.55399588 12.20000354 17.80799588 12.70800354 0 P 0
L 17.55399588 16.70000216 17.80799588 16.19200216 0 P 0
L 17.55399588 16.70000216 17.80799588 17.20800216 0 P 0
L 17.55399588 18.2000017 17.80799588 17.6920017 0 P 0
L 17.55399588 18.2000017 17.80799588 18.7080017 0 P 0
L 17.55399588 19.70000124 17.80799588 19.19200124 0 P 0
L 17.55399588 19.70000124 17.80799588 20.20800124 0 P 0
L 17.55399588 21.20000078 17.80799588 20.69200078 0 P 0
L 17.55399588 21.20000078 17.80799588 21.70800078 0 P 0
L 17.55400096 0.80000094 17.80800096 0.29200094 0 P 0
L 17.55400096 0.80000094 17.80800096 1.30800094 0 P 0
L 17.55400096 6.3000001 17.80800096 5.7920001 0 P 0
L 17.55400096 6.3000001 17.80800096 6.8080001 0 P 0
L 17.78 11.7094 18.034 12.2174 0 P 0
L 17.78 11.7094 18.288 11.9634 0 P 0
L 17.78 12.7254 18.034 12.2174 0 P 0
L 17.78 12.7254 18.288 12.4714 0 P 0
L 18.288 11.9634 18.796 11.7094 0 P 0
L 18.288 12.4714 18.796 12.7254 0 P 0
L 18.29199542 7.19200492 18.54599542 7.70000492 0 P 0
L 18.29199542 7.19200492 18.79999542 7.44600492 0 P 0
L 18.29199542 8.20800492 18.54599542 7.70000492 0 P 0
L 18.29199542 8.20800492 18.79999542 7.95400492 0 P 0
L 18.29199542 8.69200446 18.54599542 9.20000446 0 P 0
L 18.29199542 8.69200446 18.79999542 8.94600446 0 P 0
L 18.29199542 9.70800446 18.54599542 9.20000446 0 P 0
L 18.29199542 9.70800446 18.79999542 9.45400446 0 P 0
L 18.29199542 16.19200216 18.54599542 16.70000216 0 P 0
L 18.29199542 16.19200216 18.79999542 16.44600216 0 P 0
L 18.29199542 17.20800216 18.54599542 16.70000216 0 P 0
L 18.29199542 17.20800216 18.79999542 16.95400216 0 P 0
L 18.29199542 17.6920017 18.54599542 18.2000017 0 P 0
L 18.29199542 17.6920017 18.79999542 17.9460017 0 P 0
L 18.29199542 18.7080017 18.54599542 18.2000017 0 P 0
L 18.29199542 18.7080017 18.79999542 18.4540017 0 P 0
L 18.29199542 19.19200124 18.54599542 19.70000124 0 P 0
L 18.29199542 19.19200124 18.79999542 19.44600124 0 P 0
L 18.29199542 20.20800124 18.54599542 19.70000124 0 P 0
L 18.29199542 20.20800124 18.79999542 19.95400124 0 P 0
L 18.29199542 20.69200078 18.54599542 21.20000078 0 P 0
L 18.29199542 20.69200078 18.79999542 20.94600078 0 P 0
L 18.29199542 21.70800078 18.54599542 21.20000078 0 P 0
L 18.29199542 21.70800078 18.79999542 21.45400078 0 P 0
L 18.2920005 0.29200094 18.5460005 0.80000094 0 P 0
L 18.2920005 0.29200094 18.8000005 0.54600094 0 P 0
L 18.2920005 1.30800094 18.5460005 0.80000094 0 P 0
L 18.2920005 1.30800094 18.8000005 1.05400094 0 P 0
L 18.2920005 5.7920001 18.5460005 6.3000001 0 P 0
L 18.2920005 5.7920001 18.8000005 6.0460001 0 P 0
L 18.2920005 6.8080001 18.5460005 6.3000001 0 P 0
L 18.2920005 6.8080001 18.8000005 6.5540001 0 P 0
L 18.542 12.2174 18.796 11.7094 0 P 0
L 18.542 12.2174 18.796 12.7254 0 P 0
L 18.79999542 7.44600492 19.30799542 7.19200492 0 P 0
L 18.79999542 7.95400492 19.30799542 8.20800492 0 P 0
L 18.79999542 8.94600446 19.30799542 8.69200446 0 P 0
L 18.79999542 9.45400446 19.30799542 9.70800446 0 P 0
L 18.79999542 16.44600216 19.30799542 16.19200216 0 P 0
L 18.79999542 16.95400216 19.30799542 17.20800216 0 P 0
L 18.79999542 17.9460017 19.30799542 17.6920017 0 P 0
L 18.79999542 18.4540017 19.30799542 18.7080017 0 P 0
L 18.79999542 19.44600124 19.30799542 19.19200124 0 P 0
L 18.79999542 19.95400124 19.30799542 20.20800124 0 P 0
L 18.79999542 20.94600078 19.30799542 20.69200078 0 P 0
L 18.79999542 21.45400078 19.30799542 21.70800078 0 P 0
L 18.8000005 0.54600094 19.3080005 0.29200094 0 P 0
L 18.8000005 1.05400094 19.3080005 1.30800094 0 P 0
L 18.8000005 6.0460001 19.3080005 5.7920001 0 P 0
L 18.8000005 6.5540001 19.3080005 6.8080001 0 P 0
L 19.05399542 7.70000492 19.30799542 7.19200492 0 P 0
L 19.05399542 7.70000492 19.30799542 8.20800492 0 P 0
L 19.05399542 9.20000446 19.30799542 8.69200446 0 P 0
L 19.05399542 9.20000446 19.30799542 9.70800446 0 P 0
L 19.05399542 16.70000216 19.30799542 16.19200216 0 P 0
L 19.05399542 16.70000216 19.30799542 17.20800216 0 P 0
L 19.05399542 18.2000017 19.30799542 17.6920017 0 P 0
L 19.05399542 18.2000017 19.30799542 18.7080017 0 P 0
L 19.05399542 19.70000124 19.30799542 19.19200124 0 P 0
L 19.05399542 19.70000124 19.30799542 20.20800124 0 P 0
L 19.05399542 21.20000078 19.30799542 20.69200078 0 P 0
L 19.05399542 21.20000078 19.30799542 21.70800078 0 P 0
L 19.0540005 0.80000094 19.3080005 0.29200094 0 P 0
L 19.0540005 0.80000094 19.3080005 1.30800094 0 P 0
L 19.0540005 6.3000001 19.3080005 5.7920001 0 P 0
L 19.0540005 6.3000001 19.3080005 6.8080001 0 P 0
L 19.79199496 2.6920063 20.04599496 3.2000063 0 P 0
L 19.79199496 2.6920063 20.29999496 2.9460063 0 P 0
L 19.79199496 3.7080063 20.04599496 3.2000063 0 P 0
L 19.79199496 3.7080063 20.29999496 3.4540063 0 P 0
L 19.79199496 7.19200492 20.04599496 7.70000492 0 P 0
L 19.79199496 7.19200492 20.29999496 7.44600492 0 P 0
L 19.79199496 8.20800492 20.04599496 7.70000492 0 P 0
L 19.79199496 8.20800492 20.29999496 7.95400492 0 P 0
L 19.79199496 8.69200446 20.04599496 9.20000446 0 P 0
L 19.79199496 8.69200446 20.29999496 8.94600446 0 P 0
L 19.79199496 9.70800446 20.04599496 9.20000446 0 P 0
L 19.79199496 9.70800446 20.29999496 9.45400446 0 P 0
L 19.79199496 16.19200216 20.04599496 16.70000216 0 P 0
L 19.79199496 16.19200216 20.29999496 16.44600216 0 P 0
L 19.79199496 17.20800216 20.04599496 16.70000216 0 P 0
L 19.79199496 17.20800216 20.29999496 16.95400216 0 P 0
L 19.79199496 17.6920017 20.04599496 18.2000017 0 P 0
L 19.79199496 17.6920017 20.29999496 17.9460017 0 P 0
L 19.79199496 18.7080017 20.04599496 18.2000017 0 P 0
L 19.79199496 18.7080017 20.29999496 18.4540017 0 P 0
L 19.79199496 19.19200124 20.04599496 19.70000124 0 P 0
L 19.79199496 19.19200124 20.29999496 19.44600124 0 P 0
L 19.79199496 20.20800124 20.04599496 19.70000124 0 P 0
L 19.79199496 20.20800124 20.29999496 19.95400124 0 P 0
L 19.79199496 20.69200078 20.04599496 21.20000078 0 P 0
L 19.79199496 20.69200078 20.29999496 20.94600078 0 P 0
L 19.79199496 21.70800078 20.04599496 21.20000078 0 P 0
L 19.79199496 21.70800078 20.29999496 21.45400078 0 P 0
L 19.79200004 0.29200094 20.04600004 0.80000094 0 P 0
L 19.79200004 0.29200094 20.30000004 0.54600094 0 P 0
L 19.79200004 1.30800094 20.04600004 0.80000094 0 P 0
L 19.79200004 1.30800094 20.30000004 1.05400094 0 P 0
L 19.79200004 5.7920001 20.04600004 6.3000001 0 P 0
L 19.79200004 5.7920001 20.30000004 6.0460001 0 P 0
L 19.79200004 6.8080001 20.04600004 6.3000001 0 P 0
L 19.79200004 6.8080001 20.30000004 6.5540001 0 P 0
L 20.29999496 2.9460063 20.80799496 2.6920063 0 P 0
L 20.29999496 3.4540063 20.80799496 3.7080063 0 P 0
L 20.29999496 7.44600492 20.80799496 7.19200492 0 P 0
L 20.29999496 7.95400492 20.80799496 8.20800492 0 P 0
L 20.29999496 8.94600446 20.80799496 8.69200446 0 P 0
L 20.29999496 9.45400446 20.80799496 9.70800446 0 P 0
L 20.29999496 16.44600216 20.80799496 16.19200216 0 P 0
L 20.29999496 16.95400216 20.80799496 17.20800216 0 P 0
L 20.29999496 17.9460017 20.80799496 17.6920017 0 P 0
L 20.29999496 18.4540017 20.80799496 18.7080017 0 P 0
L 20.29999496 19.44600124 20.80799496 19.19200124 0 P 0
L 20.29999496 19.95400124 20.80799496 20.20800124 0 P 0
L 20.29999496 20.94600078 20.80799496 20.69200078 0 P 0
L 20.29999496 21.45400078 20.80799496 21.70800078 0 P 0
L 20.30000004 0.54600094 20.80800004 0.29200094 0 P 0
L 20.30000004 1.05400094 20.80800004 1.30800094 0 P 0
L 20.30000004 6.0460001 20.80800004 5.7920001 0 P 0
L 20.30000004 6.5540001 20.80800004 6.8080001 0 P 0
L 20.55399496 3.2000063 20.80799496 2.6920063 0 P 0
L 20.55399496 3.2000063 20.80799496 3.7080063 0 P 0
L 20.55399496 7.70000492 20.80799496 7.19200492 0 P 0
L 20.55399496 7.70000492 20.80799496 8.20800492 0 P 0
L 20.55399496 9.20000446 20.80799496 8.69200446 0 P 0
L 20.55399496 9.20000446 20.80799496 9.70800446 0 P 0
L 20.55399496 16.70000216 20.80799496 16.19200216 0 P 0
L 20.55399496 16.70000216 20.80799496 17.20800216 0 P 0
L 20.55399496 18.2000017 20.80799496 17.6920017 0 P 0
L 20.55399496 18.2000017 20.80799496 18.7080017 0 P 0
L 20.55399496 19.70000124 20.80799496 19.19200124 0 P 0
L 20.55399496 19.70000124 20.80799496 20.20800124 0 P 0
L 20.55399496 21.20000078 20.80799496 20.69200078 0 P 0
L 20.55399496 21.20000078 20.80799496 21.70800078 0 P 0
L 20.55400004 0.80000094 20.80800004 0.29200094 0 P 0
L 20.55400004 0.80000094 20.80800004 1.30800094 0 P 0
L 20.55400004 6.3000001 20.80800004 5.7920001 0 P 0
L 20.55400004 6.3000001 20.80800004 6.8080001 0 P 0
L 21.2919945 7.19200492 21.5459945 7.70000492 0 P 0
L 21.2919945 7.19200492 21.7999945 7.44600492 0 P 0
L 21.2919945 8.20800492 21.5459945 7.70000492 0 P 0
L 21.2919945 8.20800492 21.7999945 7.95400492 0 P 0
L 21.2919945 8.69200446 21.5459945 9.20000446 0 P 0
L 21.2919945 8.69200446 21.7999945 8.94600446 0 P 0
L 21.2919945 9.70800446 21.5459945 9.20000446 0 P 0
L 21.2919945 9.70800446 21.7999945 9.45400446 0 P 0
L 21.2919945 16.19200216 21.5459945 16.70000216 0 P 0
L 21.2919945 16.19200216 21.7999945 16.44600216 0 P 0
L 21.2919945 17.20800216 21.5459945 16.70000216 0 P 0
L 21.2919945 17.20800216 21.7999945 16.95400216 0 P 0
L 21.2919945 17.6920017 21.5459945 18.2000017 0 P 0
L 21.2919945 17.6920017 21.7999945 17.9460017 0 P 0
L 21.2919945 18.7080017 21.5459945 18.2000017 0 P 0
L 21.2919945 18.7080017 21.7999945 18.4540017 0 P 0
L 21.2919945 19.19200124 21.5459945 19.70000124 0 P 0
L 21.2919945 19.19200124 21.7999945 19.44600124 0 P 0
L 21.2919945 20.20800124 21.5459945 19.70000124 0 P 0
L 21.2919945 20.20800124 21.7999945 19.95400124 0 P 0
L 21.2919945 20.69200078 21.5459945 21.20000078 0 P 0
L 21.2919945 20.69200078 21.7999945 20.94600078 0 P 0
L 21.2919945 21.70800078 21.5459945 21.20000078 0 P 0
L 21.2919945 21.70800078 21.7999945 21.45400078 0 P 0
L 21.29199958 0.29200094 21.54599958 0.80000094 0 P 0
L 21.29199958 0.29200094 21.79999958 0.54600094 0 P 0
L 21.29199958 1.30800094 21.54599958 0.80000094 0 P 0
L 21.29199958 1.30800094 21.79999958 1.05400094 0 P 0
L 21.29199958 5.7920001 21.54599958 6.3000001 0 P 0
L 21.29199958 5.7920001 21.79999958 6.0460001 0 P 0
L 21.29199958 6.8080001 21.54599958 6.3000001 0 P 0
L 21.29199958 6.8080001 21.79999958 6.5540001 0 P 0
L 21.7999945 7.44600492 22.3079945 7.19200492 0 P 0
L 21.7999945 7.95400492 22.3079945 8.20800492 0 P 0
L 21.7999945 8.94600446 22.3079945 8.69200446 0 P 0
L 21.7999945 9.45400446 22.3079945 9.70800446 0 P 0
L 21.7999945 16.44600216 22.3079945 16.19200216 0 P 0
L 21.7999945 16.95400216 22.3079945 17.20800216 0 P 0
L 21.7999945 17.9460017 22.3079945 17.6920017 0 P 0
L 21.7999945 18.4540017 22.3079945 18.7080017 0 P 0
L 21.7999945 19.44600124 22.3079945 19.19200124 0 P 0
L 21.7999945 19.95400124 22.3079945 20.20800124 0 P 0
L 21.7999945 20.94600078 22.3079945 20.69200078 0 P 0
L 21.7999945 21.45400078 22.3079945 21.70800078 0 P 0
L 21.79999958 0.54600094 22.30799958 0.29200094 0 P 0
L 21.79999958 1.05400094 22.30799958 1.30800094 0 P 0
L 21.79999958 6.0460001 22.30799958 5.7920001 0 P 0
L 21.79999958 6.5540001 22.30799958 6.8080001 0 P 0
L 22.0539945 7.70000492 22.3079945 7.19200492 0 P 0
L 22.0539945 7.70000492 22.3079945 8.20800492 0 P 0
L 22.0539945 9.20000446 22.3079945 8.69200446 0 P 0
L 22.0539945 9.20000446 22.3079945 9.70800446 0 P 0
L 22.0539945 16.70000216 22.3079945 16.19200216 0 P 0
L 22.0539945 16.70000216 22.3079945 17.20800216 0 P 0
L 22.0539945 18.2000017 22.3079945 17.6920017 0 P 0
L 22.0539945 18.2000017 22.3079945 18.7080017 0 P 0
L 22.0539945 19.70000124 22.3079945 19.19200124 0 P 0
L 22.0539945 19.70000124 22.3079945 20.20800124 0 P 0
L 22.0539945 21.20000078 22.3079945 20.69200078 0 P 0
L 22.0539945 21.20000078 22.3079945 21.70800078 0 P 0
L 22.05399958 0.80000094 22.30799958 0.29200094 0 P 0
L 22.05399958 0.80000094 22.30799958 1.30800094 0 P 0
L 22.05399958 6.3000001 22.30799958 5.7920001 0 P 0
L 22.05399958 6.3000001 22.30799958 6.8080001 0 P 0
L 22.5806 13.8684 22.8346 14.3764 0 P 0
L 22.5806 13.8684 23.0886 14.1224 0 P 0
L 22.5806 14.8844 22.8346 14.3764 0 P 0
L 22.5806 14.8844 23.0886 14.6304 0 P 0
L 22.79199404 7.19200492 23.04599404 7.70000492 0 P 0
L 22.79199404 7.19200492 23.29999404 7.44600492 0 P 0
L 22.79199404 8.20800492 23.04599404 7.70000492 0 P 0
L 22.79199404 8.20800492 23.29999404 7.95400492 0 P 0
L 22.79199404 8.69200446 23.04599404 9.20000446 0 P 0
L 22.79199404 8.69200446 23.29999404 8.94600446 0 P 0
L 22.79199404 9.70800446 23.04599404 9.20000446 0 P 0
L 22.79199404 9.70800446 23.29999404 9.45400446 0 P 0
L 22.79199404 16.19200216 23.04599404 16.70000216 0 P 0
L 22.79199404 16.19200216 23.29999404 16.44600216 0 P 0
L 22.79199404 17.20800216 23.04599404 16.70000216 0 P 0
L 22.79199404 17.20800216 23.29999404 16.95400216 0 P 0
L 22.79199404 17.6920017 23.04599404 18.2000017 0 P 0
L 22.79199404 17.6920017 23.29999404 17.9460017 0 P 0
L 22.79199404 18.7080017 23.04599404 18.2000017 0 P 0
L 22.79199404 18.7080017 23.29999404 18.4540017 0 P 0
L 22.79199404 19.19200124 23.04599404 19.70000124 0 P 0
L 22.79199404 19.19200124 23.29999404 19.44600124 0 P 0
L 22.79199404 20.20800124 23.04599404 19.70000124 0 P 0
L 22.79199404 20.20800124 23.29999404 19.95400124 0 P 0
L 22.79199404 20.69200078 23.04599404 21.20000078 0 P 0
L 22.79199404 20.69200078 23.29999404 20.94600078 0 P 0
L 22.79199404 21.70800078 23.04599404 21.20000078 0 P 0
L 22.79199404 21.70800078 23.29999404 21.45400078 0 P 0
L 22.79199912 5.7920001 23.04599912 6.3000001 0 P 0
L 22.79199912 5.7920001 23.29999912 6.0460001 0 P 0
L 22.79199912 6.8080001 23.04599912 6.3000001 0 P 0
L 22.79199912 6.8080001 23.29999912 6.5540001 0 P 0
L 22.79200166 0.29200094 23.04600166 0.80000094 0 P 0
L 22.79200166 0.29200094 23.30000166 0.54600094 0 P 0
L 22.79200166 1.30800094 23.04600166 0.80000094 0 P 0
L 22.79200166 1.30800094 23.30000166 1.05400094 0 P 0
L 23.0886 14.1224 23.5966 13.8684 0 P 0
L 23.0886 14.6304 23.5966 14.8844 0 P 0
L 23.29999404 7.44600492 23.80799404 7.19200492 0 P 0
L 23.29999404 7.95400492 23.80799404 8.20800492 0 P 0
L 23.29999404 8.94600446 23.80799404 8.69200446 0 P 0
L 23.29999404 9.45400446 23.80799404 9.70800446 0 P 0
L 23.29999404 16.44600216 23.80799404 16.19200216 0 P 0
L 23.29999404 16.95400216 23.80799404 17.20800216 0 P 0
L 23.29999404 17.9460017 23.80799404 17.6920017 0 P 0
L 23.29999404 18.4540017 23.80799404 18.7080017 0 P 0
L 23.29999404 19.44600124 23.80799404 19.19200124 0 P 0
L 23.29999404 19.95400124 23.80799404 20.20800124 0 P 0
L 23.29999404 20.94600078 23.80799404 20.69200078 0 P 0
L 23.29999404 21.45400078 23.80799404 21.70800078 0 P 0
L 23.29999912 6.0460001 23.80799912 5.7920001 0 P 0
L 23.29999912 6.5540001 23.80799912 6.8080001 0 P 0
L 23.30000166 0.54600094 23.80800166 0.29200094 0 P 0
L 23.30000166 1.05400094 23.80800166 1.30800094 0 P 0
L 23.3426 14.3764 23.5966 13.8684 0 P 0
L 23.3426 14.3764 23.5966 14.8844 0 P 0
L 23.55399404 7.70000492 23.80799404 7.19200492 0 P 0
L 23.55399404 7.70000492 23.80799404 8.20800492 0 P 0
L 23.55399404 9.20000446 23.80799404 8.69200446 0 P 0
L 23.55399404 9.20000446 23.80799404 9.70800446 0 P 0
L 23.55399404 16.70000216 23.80799404 16.19200216 0 P 0
L 23.55399404 16.70000216 23.80799404 17.20800216 0 P 0
L 23.55399404 18.2000017 23.80799404 17.6920017 0 P 0
L 23.55399404 18.2000017 23.80799404 18.7080017 0 P 0
L 23.55399404 19.70000124 23.80799404 19.19200124 0 P 0
L 23.55399404 19.70000124 23.80799404 20.20800124 0 P 0
L 23.55399404 21.20000078 23.80799404 20.69200078 0 P 0
L 23.55399404 21.20000078 23.80799404 21.70800078 0 P 0
L 23.55399912 6.3000001 23.80799912 5.7920001 0 P 0
L 23.55399912 6.3000001 23.80799912 6.8080001 0 P 0
L 23.55400166 0.80000094 23.80800166 0.29200094 0 P 0
L 23.55400166 0.80000094 23.80800166 1.30800094 0 P 0
L 24.0284 11.938 24.2824 12.446 0 P 0
L 24.0284 11.938 24.5364 12.192 0 P 0
L 24.0284 12.954 24.2824 12.446 0 P 0
L 24.0284 12.954 24.5364 12.7 0 P 0
L 24.29199358 7.19200492 24.54599358 7.70000492 0 P 0
L 24.29199358 7.19200492 24.79999358 7.44600492 0 P 0
L 24.29199358 8.20800492 24.54599358 7.70000492 0 P 0
L 24.29199358 8.20800492 24.79999358 7.95400492 0 P 0
L 24.29199358 8.69200446 24.54599358 9.20000446 0 P 0
L 24.29199358 8.69200446 24.79999358 8.94600446 0 P 0
L 24.29199358 9.70800446 24.54599358 9.20000446 0 P 0
L 24.29199358 9.70800446 24.79999358 9.45400446 0 P 0
L 24.29199358 16.19200216 24.54599358 16.70000216 0 P 0
L 24.29199358 16.19200216 24.79999358 16.44600216 0 P 0
L 24.29199358 17.20800216 24.54599358 16.70000216 0 P 0
L 24.29199358 17.20800216 24.79999358 16.95400216 0 P 0
L 24.29199358 17.6920017 24.54599358 18.2000017 0 P 0
L 24.29199358 17.6920017 24.79999358 17.9460017 0 P 0
L 24.29199358 18.7080017 24.54599358 18.2000017 0 P 0
L 24.29199358 18.7080017 24.79999358 18.4540017 0 P 0
L 24.29199358 19.19200124 24.54599358 19.70000124 0 P 0
L 24.29199358 19.19200124 24.79999358 19.44600124 0 P 0
L 24.29199358 20.20800124 24.54599358 19.70000124 0 P 0
L 24.29199358 20.20800124 24.79999358 19.95400124 0 P 0
L 24.29199358 20.69200078 24.54599358 21.20000078 0 P 0
L 24.29199358 20.69200078 24.79999358 20.94600078 0 P 0
L 24.29199358 21.70800078 24.54599358 21.20000078 0 P 0
L 24.29199358 21.70800078 24.79999358 21.45400078 0 P 0
L 24.2920012 0.29200094 24.5460012 0.80000094 0 P 0
L 24.2920012 0.29200094 24.8000012 0.54600094 0 P 0
L 24.2920012 1.30800094 24.5460012 0.80000094 0 P 0
L 24.2920012 1.30800094 24.8000012 1.05400094 0 P 0
L 24.2920012 5.7920001 24.5460012 6.3000001 0 P 0
L 24.2920012 5.7920001 24.8000012 6.0460001 0 P 0
L 24.2920012 6.8080001 24.5460012 6.3000001 0 P 0
L 24.2920012 6.8080001 24.8000012 6.5540001 0 P 0
L 24.5364 12.192 25.0444 11.938 0 P 0
L 24.5364 12.7 25.0444 12.954 0 P 0
L 24.7904 12.446 25.0444 11.938 0 P 0
L 24.7904 12.446 25.0444 12.954 0 P 0
L 24.79999358 7.44600492 25.30799358 7.19200492 0 P 0
L 24.79999358 7.95400492 25.30799358 8.20800492 0 P 0
L 24.79999358 8.94600446 25.30799358 8.69200446 0 P 0
L 24.79999358 9.45400446 25.30799358 9.70800446 0 P 0
L 24.79999358 16.44600216 25.30799358 16.19200216 0 P 0
L 24.79999358 16.95400216 25.30799358 17.20800216 0 P 0
L 24.79999358 17.9460017 25.30799358 17.6920017 0 P 0
L 24.79999358 18.4540017 25.30799358 18.7080017 0 P 0
L 24.79999358 19.44600124 25.30799358 19.19200124 0 P 0
L 24.79999358 19.95400124 25.30799358 20.20800124 0 P 0
L 24.79999358 20.94600078 25.30799358 20.69200078 0 P 0
L 24.79999358 21.45400078 25.30799358 21.70800078 0 P 0
L 24.8000012 0.54600094 25.3080012 0.29200094 0 P 0
L 24.8000012 1.05400094 25.3080012 1.30800094 0 P 0
L 24.8000012 6.0460001 25.3080012 5.7920001 0 P 0
L 24.8000012 6.5540001 25.3080012 6.8080001 0 P 0
L 25.05399358 7.70000492 25.30799358 7.19200492 0 P 0
L 25.05399358 7.70000492 25.30799358 8.20800492 0 P 0
L 25.05399358 9.20000446 25.30799358 8.69200446 0 P 0
L 25.05399358 9.20000446 25.30799358 9.70800446 0 P 0
L 25.05399358 16.70000216 25.30799358 16.19200216 0 P 0
L 25.05399358 16.70000216 25.30799358 17.20800216 0 P 0
L 25.05399358 18.2000017 25.30799358 17.6920017 0 P 0
L 25.05399358 18.2000017 25.30799358 18.7080017 0 P 0
L 25.05399358 19.70000124 25.30799358 19.19200124 0 P 0
L 25.05399358 19.70000124 25.30799358 20.20800124 0 P 0
L 25.05399358 21.20000078 25.30799358 20.69200078 0 P 0
L 25.05399358 21.20000078 25.30799358 21.70800078 0 P 0
L 25.0540012 0.80000094 25.3080012 0.29200094 0 P 0
L 25.0540012 0.80000094 25.3080012 1.30800094 0 P 0
L 25.0540012 6.3000001 25.3080012 5.7920001 0 P 0
L 25.0540012 6.3000001 25.3080012 6.8080001 0 P 0
L 25.79199312 7.19200492 26.04599312 7.70000492 0 P 0
L 25.79199312 7.19200492 26.29999312 7.44600492 0 P 0
L 25.79199312 8.20800492 26.04599312 7.70000492 0 P 0
L 25.79199312 8.20800492 26.29999312 7.95400492 0 P 0
L 25.79199312 8.69200446 26.04599312 9.20000446 0 P 0
L 25.79199312 8.69200446 26.29999312 8.94600446 0 P 0
L 25.79199312 9.70800446 26.04599312 9.20000446 0 P 0
L 25.79199312 9.70800446 26.29999312 9.45400446 0 P 0
L 25.79199312 11.69200354 26.04599312 12.20000354 0 P 0
L 25.79199312 11.69200354 26.29999312 11.94600354 0 P 0
L 25.79199312 12.70800354 26.04599312 12.20000354 0 P 0
L 25.79199312 12.70800354 26.29999312 12.45400354 0 P 0
L 25.79199312 16.19200216 26.04599312 16.70000216 0 P 0
L 25.79199312 16.19200216 26.29999312 16.44600216 0 P 0
L 25.79199312 17.20800216 26.04599312 16.70000216 0 P 0
L 25.79199312 17.20800216 26.29999312 16.95400216 0 P 0
L 25.79199312 17.6920017 26.04599312 18.2000017 0 P 0
L 25.79199312 17.6920017 26.29999312 17.9460017 0 P 0
L 25.79199312 18.7080017 26.04599312 18.2000017 0 P 0
L 25.79199312 18.7080017 26.29999312 18.4540017 0 P 0
L 25.79199312 19.19200124 26.04599312 19.70000124 0 P 0
L 25.79199312 19.19200124 26.29999312 19.44600124 0 P 0
L 25.79199312 20.20800124 26.04599312 19.70000124 0 P 0
L 25.79199312 20.20800124 26.29999312 19.95400124 0 P 0
L 25.79199312 20.69200078 26.04599312 21.20000078 0 P 0
L 25.79199312 20.69200078 26.29999312 20.94600078 0 P 0
L 25.79199312 21.70800078 26.04599312 21.20000078 0 P 0
L 25.79199312 21.70800078 26.29999312 21.45400078 0 P 0
L 25.79200074 0.29200094 26.04600074 0.80000094 0 P 0
L 25.79200074 0.29200094 26.30000074 0.54600094 0 P 0
L 25.79200074 1.30800094 26.04600074 0.80000094 0 P 0
L 25.79200074 1.30800094 26.30000074 1.05400094 0 P 0
L 25.79200074 5.7920001 26.04600074 6.3000001 0 P 0
L 25.79200074 5.7920001 26.30000074 6.0460001 0 P 0
L 25.79200074 6.8080001 26.04600074 6.3000001 0 P 0
L 25.79200074 6.8080001 26.30000074 6.5540001 0 P 0
L 26.29999312 7.44600492 26.80799312 7.19200492 0 P 0
L 26.29999312 7.95400492 26.80799312 8.20800492 0 P 0
L 26.29999312 8.94600446 26.80799312 8.69200446 0 P 0
L 26.29999312 9.45400446 26.80799312 9.70800446 0 P 0
L 26.29999312 11.94600354 26.80799312 11.69200354 0 P 0
L 26.29999312 12.45400354 26.80799312 12.70800354 0 P 0
L 26.29999312 16.44600216 26.80799312 16.19200216 0 P 0
L 26.29999312 16.95400216 26.80799312 17.20800216 0 P 0
L 26.29999312 17.9460017 26.80799312 17.6920017 0 P 0
L 26.29999312 18.4540017 26.80799312 18.7080017 0 P 0
L 26.29999312 19.44600124 26.80799312 19.19200124 0 P 0
L 26.29999312 19.95400124 26.80799312 20.20800124 0 P 0
L 26.29999312 20.94600078 26.80799312 20.69200078 0 P 0
L 26.29999312 21.45400078 26.80799312 21.70800078 0 P 0
L 26.30000074 0.54600094 26.80800074 0.29200094 0 P 0
L 26.30000074 1.05400094 26.80800074 1.30800094 0 P 0
L 26.30000074 6.0460001 26.80800074 5.7920001 0 P 0
L 26.30000074 6.5540001 26.80800074 6.8080001 0 P 0
L 26.55399312 7.70000492 26.80799312 7.19200492 0 P 0
L 26.55399312 7.70000492 26.80799312 8.20800492 0 P 0
L 26.55399312 9.20000446 26.80799312 8.69200446 0 P 0
L 26.55399312 9.20000446 26.80799312 9.70800446 0 P 0
L 26.55399312 12.20000354 26.80799312 11.69200354 0 P 0
L 26.55399312 12.20000354 26.80799312 12.70800354 0 P 0
L 26.55399312 16.70000216 26.80799312 16.19200216 0 P 0
L 26.55399312 16.70000216 26.80799312 17.20800216 0 P 0
L 26.55399312 18.2000017 26.80799312 17.6920017 0 P 0
L 26.55399312 18.2000017 26.80799312 18.7080017 0 P 0
L 26.55399312 19.70000124 26.80799312 19.19200124 0 P 0
L 26.55399312 19.70000124 26.80799312 20.20800124 0 P 0
L 26.55399312 21.20000078 26.80799312 20.69200078 0 P 0
L 26.55399312 21.20000078 26.80799312 21.70800078 0 P 0
L 26.55400074 0.80000094 26.80800074 0.29200094 0 P 0
L 26.55400074 0.80000094 26.80800074 1.30800094 0 P 0
L 26.55400074 6.3000001 26.80800074 5.7920001 0 P 0
L 26.55400074 6.3000001 26.80800074 6.8080001 0 P 0
L 27.29199266 8.69200446 27.54599266 9.20000446 0 P 0
L 27.29199266 8.69200446 27.79999266 8.94600446 0 P 0
L 27.29199266 9.70800446 27.54599266 9.20000446 0 P 0
L 27.29199266 9.70800446 27.79999266 9.45400446 0 P 0
L 27.29199266 16.19200216 27.54599266 16.70000216 0 P 0
L 27.29199266 16.19200216 27.79999266 16.44600216 0 P 0
L 27.29199266 17.20800216 27.54599266 16.70000216 0 P 0
L 27.29199266 17.20800216 27.79999266 16.95400216 0 P 0
L 27.29199266 19.19200124 27.54599266 19.70000124 0 P 0
L 27.29199266 19.19200124 27.79999266 19.44600124 0 P 0
L 27.29199266 20.20800124 27.54599266 19.70000124 0 P 0
L 27.29199266 20.20800124 27.79999266 19.95400124 0 P 0
L 27.29199266 20.69200078 27.54599266 21.20000078 0 P 0
L 27.29199266 20.69200078 27.79999266 20.94600078 0 P 0
L 27.29199266 21.70800078 27.54599266 21.20000078 0 P 0
L 27.29199266 21.70800078 27.79999266 21.45400078 0 P 0
L 27.29200028 0.29200094 27.54600028 0.80000094 0 P 0
L 27.29200028 0.29200094 27.80000028 0.54600094 0 P 0
L 27.29200028 1.30800094 27.54600028 0.80000094 0 P 0
L 27.29200028 1.30800094 27.80000028 1.05400094 0 P 0
L 27.29200028 5.7920001 27.54600028 6.3000001 0 P 0
L 27.29200028 5.7920001 27.80000028 6.0460001 0 P 0
L 27.29200028 6.8080001 27.54600028 6.3000001 0 P 0
L 27.29200028 6.8080001 27.80000028 6.5540001 0 P 0
L 27.79999266 8.94600446 28.30799266 8.69200446 0 P 0
L 27.79999266 9.45400446 28.30799266 9.70800446 0 P 0
L 27.79999266 16.44600216 28.30799266 16.19200216 0 P 0
L 27.79999266 16.95400216 28.30799266 17.20800216 0 P 0
L 27.79999266 19.44600124 28.30799266 19.19200124 0 P 0
L 27.79999266 19.95400124 28.30799266 20.20800124 0 P 0
L 27.79999266 20.94600078 28.30799266 20.69200078 0 P 0
L 27.79999266 21.45400078 28.30799266 21.70800078 0 P 0
L 27.80000028 0.54600094 28.30800028 0.29200094 0 P 0
L 27.80000028 1.05400094 28.30800028 1.30800094 0 P 0
L 27.80000028 6.0460001 28.30800028 5.7920001 0 P 0
L 27.80000028 6.5540001 28.30800028 6.8080001 0 P 0
L 28.05399266 9.20000446 28.30799266 8.69200446 0 P 0
L 28.05399266 9.20000446 28.30799266 9.70800446 0 P 0
L 28.05399266 16.70000216 28.30799266 16.19200216 0 P 0
L 28.05399266 16.70000216 28.30799266 17.20800216 0 P 0
L 28.05399266 19.70000124 28.30799266 19.19200124 0 P 0
L 28.05399266 19.70000124 28.30799266 20.20800124 0 P 0
L 28.05399266 21.20000078 28.30799266 20.69200078 0 P 0
L 28.05399266 21.20000078 28.30799266 21.70800078 0 P 0
L 28.05400028 0.80000094 28.30800028 0.29200094 0 P 0
L 28.05400028 0.80000094 28.30800028 1.30800094 0 P 0
L 28.05400028 6.3000001 28.30800028 5.7920001 0 P 0
L 28.05400028 6.3000001 28.30800028 6.8080001 0 P 0
L 28.7919922 8.69200446 29.0459922 9.20000446 0 P 0
L 28.7919922 8.69200446 29.2999922 8.94600446 0 P 0
L 28.7919922 9.70800446 29.0459922 9.20000446 0 P 0
L 28.7919922 9.70800446 29.2999922 9.45400446 0 P 0
L 28.7919922 16.19200216 29.0459922 16.70000216 0 P 0
L 28.7919922 16.19200216 29.2999922 16.44600216 0 P 0
L 28.7919922 17.20800216 29.0459922 16.70000216 0 P 0
L 28.7919922 17.20800216 29.2999922 16.95400216 0 P 0
L 28.7919922 19.19200124 29.0459922 19.70000124 0 P 0
L 28.7919922 19.19200124 29.2999922 19.44600124 0 P 0
L 28.7919922 20.20800124 29.0459922 19.70000124 0 P 0
L 28.7919922 20.20800124 29.2999922 19.95400124 0 P 0
L 28.7919922 20.69200078 29.0459922 21.20000078 0 P 0
L 28.7919922 20.69200078 29.2999922 20.94600078 0 P 0
L 28.7919922 21.70800078 29.0459922 21.20000078 0 P 0
L 28.7919922 21.70800078 29.2999922 21.45400078 0 P 0
L 28.79199982 0.29200094 29.04599982 0.80000094 0 P 0
L 28.79199982 0.29200094 29.29999982 0.54600094 0 P 0
L 28.79199982 1.30800094 29.04599982 0.80000094 0 P 0
L 28.79199982 1.30800094 29.29999982 1.05400094 0 P 0
L 28.79199982 5.7920001 29.04599982 6.3000001 0 P 0
L 28.79199982 5.7920001 29.29999982 6.0460001 0 P 0
L 28.79199982 6.8080001 29.04599982 6.3000001 0 P 0
L 28.79199982 6.8080001 29.29999982 6.5540001 0 P 0
L 29.2999922 8.94600446 29.8079922 8.69200446 0 P 0
L 29.2999922 9.45400446 29.8079922 9.70800446 0 P 0
L 29.2999922 16.44600216 29.8079922 16.19200216 0 P 0
L 29.2999922 16.95400216 29.8079922 17.20800216 0 P 0
L 29.2999922 19.44600124 29.8079922 19.19200124 0 P 0
L 29.2999922 19.95400124 29.8079922 20.20800124 0 P 0
L 29.2999922 20.94600078 29.8079922 20.69200078 0 P 0
L 29.2999922 21.45400078 29.8079922 21.70800078 0 P 0
L 29.29999982 0.54600094 29.80799982 0.29200094 0 P 0
L 29.29999982 1.05400094 29.80799982 1.30800094 0 P 0
L 29.29999982 6.0460001 29.80799982 5.7920001 0 P 0
L 29.29999982 6.5540001 29.80799982 6.8080001 0 P 0
L 29.5539922 9.20000446 29.8079922 8.69200446 0 P 0
L 29.5539922 9.20000446 29.8079922 9.70800446 0 P 0
L 29.5539922 16.70000216 29.8079922 16.19200216 0 P 0
L 29.5539922 16.70000216 29.8079922 17.20800216 0 P 0
L 29.5539922 19.70000124 29.8079922 19.19200124 0 P 0
L 29.5539922 19.70000124 29.8079922 20.20800124 0 P 0
L 29.5539922 21.20000078 29.8079922 20.69200078 0 P 0
L 29.5539922 21.20000078 29.8079922 21.70800078 0 P 0
L 29.55399982 0.80000094 29.80799982 0.29200094 0 P 0
L 29.55399982 0.80000094 29.80799982 1.30800094 0 P 0
L 29.55399982 6.3000001 29.80799982 5.7920001 0 P 0
L 29.55399982 6.3000001 29.80799982 6.8080001 0 P 0
L 30.29199174 2.6920063 30.54599174 3.2000063 0 P 0
L 30.29199174 2.6920063 30.79999174 2.9460063 0 P 0
L 30.29199174 3.7080063 30.54599174 3.2000063 0 P 0
L 30.29199174 3.7080063 30.79999174 3.4540063 0 P 0
L 30.29199174 7.19200492 30.54599174 7.70000492 0 P 0
L 30.29199174 7.19200492 30.79999174 7.44600492 0 P 0
L 30.29199174 8.20800492 30.54599174 7.70000492 0 P 0
L 30.29199174 8.20800492 30.79999174 7.95400492 0 P 0
L 30.29199174 8.69200446 30.54599174 9.20000446 0 P 0
L 30.29199174 8.69200446 30.79999174 8.94600446 0 P 0
L 30.29199174 9.70800446 30.54599174 9.20000446 0 P 0
L 30.29199174 9.70800446 30.79999174 9.45400446 0 P 0
L 30.29199174 10.192004 30.54599174 10.700004 0 P 0
L 30.29199174 10.192004 30.79999174 10.446004 0 P 0
L 30.29199174 11.208004 30.54599174 10.700004 0 P 0
L 30.29199174 11.208004 30.79999174 10.954004 0 P 0
L 30.29199174 11.69200354 30.54599174 12.20000354 0 P 0
L 30.29199174 11.69200354 30.79999174 11.94600354 0 P 0
L 30.29199174 12.70800354 30.54599174 12.20000354 0 P 0
L 30.29199174 12.70800354 30.79999174 12.45400354 0 P 0
L 30.29199174 13.19200308 30.54599174 13.70000308 0 P 0
L 30.29199174 13.19200308 30.79999174 13.44600308 0 P 0
L 30.29199174 14.20800308 30.54599174 13.70000308 0 P 0
L 30.29199174 14.20800308 30.79999174 13.95400308 0 P 0
L 30.29199174 16.19200216 30.54599174 16.70000216 0 P 0
L 30.29199174 16.19200216 30.79999174 16.44600216 0 P 0
L 30.29199174 17.20800216 30.54599174 16.70000216 0 P 0
L 30.29199174 17.20800216 30.79999174 16.95400216 0 P 0
L 30.29199174 17.6920017 30.54599174 18.2000017 0 P 0
L 30.29199174 17.6920017 30.79999174 17.9460017 0 P 0
L 30.29199174 18.7080017 30.54599174 18.2000017 0 P 0
L 30.29199174 18.7080017 30.79999174 18.4540017 0 P 0
L 30.29199174 19.19200124 30.54599174 19.70000124 0 P 0
L 30.29199174 19.19200124 30.79999174 19.44600124 0 P 0
L 30.29199174 20.20800124 30.54599174 19.70000124 0 P 0
L 30.29199174 20.20800124 30.79999174 19.95400124 0 P 0
L 30.29199174 20.69200078 30.54599174 21.20000078 0 P 0
L 30.29199174 20.69200078 30.79999174 20.94600078 0 P 0
L 30.29199174 21.70800078 30.54599174 21.20000078 0 P 0
L 30.29199174 21.70800078 30.79999174 21.45400078 0 P 0
L 30.29199936 5.8919999 30.54599936 6.3999999 0 P 0
L 30.29199936 5.8919999 30.79999936 6.1459999 0 P 0
L 30.29199936 6.9079999 30.54599936 6.3999999 0 P 0
L 30.29199936 6.9079999 30.79999936 6.6539999 0 P 0
L 30.79999174 2.9460063 31.30799174 2.6920063 0 P 0
L 30.79999174 3.4540063 31.30799174 3.7080063 0 P 0
L 30.79999174 7.44600492 31.30799174 7.19200492 0 P 0
L 30.79999174 7.95400492 31.30799174 8.20800492 0 P 0
L 30.79999174 8.94600446 31.30799174 8.69200446 0 P 0
L 30.79999174 9.45400446 31.30799174 9.70800446 0 P 0
L 30.79999174 10.446004 31.30799174 10.192004 0 P 0
L 30.79999174 10.954004 31.30799174 11.208004 0 P 0
L 30.79999174 11.94600354 31.30799174 11.69200354 0 P 0
L 30.79999174 12.45400354 31.30799174 12.70800354 0 P 0
L 30.79999174 13.44600308 31.30799174 13.19200308 0 P 0
L 30.79999174 13.95400308 31.30799174 14.20800308 0 P 0
L 30.79999174 16.44600216 31.30799174 16.19200216 0 P 0
L 30.79999174 16.95400216 31.30799174 17.20800216 0 P 0
L 30.79999174 17.9460017 31.30799174 17.6920017 0 P 0
L 30.79999174 18.4540017 31.30799174 18.7080017 0 P 0
L 30.79999174 19.44600124 31.30799174 19.19200124 0 P 0
L 30.79999174 19.95400124 31.30799174 20.20800124 0 P 0
L 30.79999174 20.94600078 31.30799174 20.69200078 0 P 0
L 30.79999174 21.45400078 31.30799174 21.70800078 0 P 0
L 30.79999936 6.1459999 31.30799936 5.8919999 0 P 0
L 30.79999936 6.6539999 31.30799936 6.9079999 0 P 0
L 31.05399174 3.2000063 31.30799174 2.6920063 0 P 0
L 31.05399174 3.2000063 31.30799174 3.7080063 0 P 0
L 31.05399174 7.70000492 31.30799174 7.19200492 0 P 0
L 31.05399174 7.70000492 31.30799174 8.20800492 0 P 0
L 31.05399174 9.20000446 31.30799174 8.69200446 0 P 0
L 31.05399174 9.20000446 31.30799174 9.70800446 0 P 0
L 31.05399174 10.700004 31.30799174 10.192004 0 P 0
L 31.05399174 10.700004 31.30799174 11.208004 0 P 0
L 31.05399174 12.20000354 31.30799174 11.69200354 0 P 0
L 31.05399174 12.20000354 31.30799174 12.70800354 0 P 0
L 31.05399174 13.70000308 31.30799174 13.19200308 0 P 0
L 31.05399174 13.70000308 31.30799174 14.20800308 0 P 0
L 31.05399174 16.70000216 31.30799174 16.19200216 0 P 0
L 31.05399174 16.70000216 31.30799174 17.20800216 0 P 0
L 31.05399174 18.2000017 31.30799174 17.6920017 0 P 0
L 31.05399174 18.2000017 31.30799174 18.7080017 0 P 0
L 31.05399174 19.70000124 31.30799174 19.19200124 0 P 0
L 31.05399174 19.70000124 31.30799174 20.20800124 0 P 0
L 31.05399174 21.20000078 31.30799174 20.69200078 0 P 0
L 31.05399174 21.20000078 31.30799174 21.70800078 0 P 0
L 31.05399936 6.3999999 31.30799936 5.8919999 0 P 0
L 31.05399936 6.3999999 31.30799936 6.9079999 0 P 0
L 31.79199128 2.6920063 32.04599128 3.2000063 0 P 0
L 31.79199128 2.6920063 32.29999128 2.9460063 0 P 0
L 31.79199128 3.7080063 32.04599128 3.2000063 0 P 0
L 31.79199128 3.7080063 32.29999128 3.4540063 0 P 0
L 31.79199128 4.19200584 32.04599128 4.70000584 0 P 0
L 31.79199128 4.19200584 32.29999128 4.44600584 0 P 0
L 31.79199128 5.20800584 32.04599128 4.70000584 0 P 0
L 31.79199128 5.20800584 32.29999128 4.95400584 0 P 0
L 31.79199128 7.19200492 32.04599128 7.70000492 0 P 0
L 31.79199128 7.19200492 32.29999128 7.44600492 0 P 0
L 31.79199128 8.20800492 32.04599128 7.70000492 0 P 0
L 31.79199128 8.20800492 32.29999128 7.95400492 0 P 0
L 31.79199128 8.69200446 32.04599128 9.20000446 0 P 0
L 31.79199128 8.69200446 32.29999128 8.94600446 0 P 0
L 31.79199128 9.70800446 32.04599128 9.20000446 0 P 0
L 31.79199128 9.70800446 32.29999128 9.45400446 0 P 0
L 31.79199128 10.192004 32.04599128 10.700004 0 P 0
L 31.79199128 10.192004 32.29999128 10.446004 0 P 0
L 31.79199128 11.208004 32.04599128 10.700004 0 P 0
L 31.79199128 11.208004 32.29999128 10.954004 0 P 0
L 31.79199128 11.69200354 32.04599128 12.20000354 0 P 0
L 31.79199128 11.69200354 32.29999128 11.94600354 0 P 0
L 31.79199128 12.70800354 32.04599128 12.20000354 0 P 0
L 31.79199128 12.70800354 32.29999128 12.45400354 0 P 0
L 31.79199128 13.19200308 32.04599128 13.70000308 0 P 0
L 31.79199128 13.19200308 32.29999128 13.44600308 0 P 0
L 31.79199128 14.20800308 32.04599128 13.70000308 0 P 0
L 31.79199128 14.20800308 32.29999128 13.95400308 0 P 0
L 31.79199128 16.19200216 32.04599128 16.70000216 0 P 0
L 31.79199128 16.19200216 32.29999128 16.44600216 0 P 0
L 31.79199128 17.20800216 32.04599128 16.70000216 0 P 0
L 31.79199128 17.20800216 32.29999128 16.95400216 0 P 0
L 31.79199128 17.6920017 32.04599128 18.2000017 0 P 0
L 31.79199128 17.6920017 32.29999128 17.9460017 0 P 0
L 31.79199128 18.7080017 32.04599128 18.2000017 0 P 0
L 31.79199128 18.7080017 32.29999128 18.4540017 0 P 0
L 31.79199128 19.19200124 32.04599128 19.70000124 0 P 0
L 31.79199128 19.19200124 32.29999128 19.44600124 0 P 0
L 31.79199128 20.20800124 32.04599128 19.70000124 0 P 0
L 31.79199128 20.20800124 32.29999128 19.95400124 0 P 0
L 31.79199128 20.69200078 32.04599128 21.20000078 0 P 0
L 31.79199128 20.69200078 32.29999128 20.94600078 0 P 0
L 31.79199128 21.70800078 32.04599128 21.20000078 0 P 0
L 31.79199128 21.70800078 32.29999128 21.45400078 0 P 0
L 32.29999128 2.9460063 32.80799128 2.6920063 0 P 0
L 32.29999128 3.4540063 32.80799128 3.7080063 0 P 0
L 32.29999128 4.44600584 32.80799128 4.19200584 0 P 0
L 32.29999128 4.95400584 32.80799128 5.20800584 0 P 0
L 32.29999128 7.44600492 32.80799128 7.19200492 0 P 0
L 32.29999128 7.95400492 32.80799128 8.20800492 0 P 0
L 32.29999128 8.94600446 32.80799128 8.69200446 0 P 0
L 32.29999128 9.45400446 32.80799128 9.70800446 0 P 0
L 32.29999128 10.446004 32.80799128 10.192004 0 P 0
L 32.29999128 10.954004 32.80799128 11.208004 0 P 0
L 32.29999128 11.94600354 32.80799128 11.69200354 0 P 0
L 32.29999128 12.45400354 32.80799128 12.70800354 0 P 0
L 32.29999128 13.44600308 32.80799128 13.19200308 0 P 0
L 32.29999128 13.95400308 32.80799128 14.20800308 0 P 0
L 32.29999128 16.44600216 32.80799128 16.19200216 0 P 0
L 32.29999128 16.95400216 32.80799128 17.20800216 0 P 0
L 32.29999128 17.9460017 32.80799128 17.6920017 0 P 0
L 32.29999128 18.4540017 32.80799128 18.7080017 0 P 0
L 32.29999128 19.44600124 32.80799128 19.19200124 0 P 0
L 32.29999128 19.95400124 32.80799128 20.20800124 0 P 0
L 32.29999128 20.94600078 32.80799128 20.69200078 0 P 0
L 32.29999128 21.45400078 32.80799128 21.70800078 0 P 0
L 32.55399128 3.2000063 32.80799128 2.6920063 0 P 0
L 32.55399128 3.2000063 32.80799128 3.7080063 0 P 0
L 32.55399128 4.70000584 32.80799128 4.19200584 0 P 0
L 32.55399128 4.70000584 32.80799128 5.20800584 0 P 0
L 32.55399128 7.70000492 32.80799128 7.19200492 0 P 0
L 32.55399128 7.70000492 32.80799128 8.20800492 0 P 0
L 32.55399128 9.20000446 32.80799128 8.69200446 0 P 0
L 32.55399128 9.20000446 32.80799128 9.70800446 0 P 0
L 32.55399128 10.700004 32.80799128 10.192004 0 P 0
L 32.55399128 10.700004 32.80799128 11.208004 0 P 0
L 32.55399128 12.20000354 32.80799128 11.69200354 0 P 0
L 32.55399128 12.20000354 32.80799128 12.70800354 0 P 0
L 32.55399128 13.70000308 32.80799128 13.19200308 0 P 0
L 32.55399128 13.70000308 32.80799128 14.20800308 0 P 0
L 32.55399128 16.70000216 32.80799128 16.19200216 0 P 0
L 32.55399128 16.70000216 32.80799128 17.20800216 0 P 0
L 32.55399128 18.2000017 32.80799128 17.6920017 0 P 0
L 32.55399128 18.2000017 32.80799128 18.7080017 0 P 0
L 32.55399128 19.70000124 32.80799128 19.19200124 0 P 0
L 32.55399128 19.70000124 32.80799128 20.20800124 0 P 0
L 32.55399128 21.20000078 32.80799128 20.69200078 0 P 0
L 32.55399128 21.20000078 32.80799128 21.70800078 0 P 0
L 33.29199082 2.6920063 33.54599082 3.2000063 0 P 0
L 33.29199082 2.6920063 33.79999082 2.9460063 0 P 0
L 33.29199082 3.7080063 33.54599082 3.2000063 0 P 0
L 33.29199082 3.7080063 33.79999082 3.4540063 0 P 0
L 33.29199082 4.19200584 33.54599082 4.70000584 0 P 0
L 33.29199082 4.19200584 33.79999082 4.44600584 0 P 0
L 33.29199082 5.20800584 33.54599082 4.70000584 0 P 0
L 33.29199082 5.20800584 33.79999082 4.95400584 0 P 0
L 33.29199082 8.69200446 33.54599082 9.20000446 0 P 0
L 33.29199082 8.69200446 33.79999082 8.94600446 0 P 0
L 33.29199082 9.70800446 33.54599082 9.20000446 0 P 0
L 33.29199082 9.70800446 33.79999082 9.45400446 0 P 0
L 33.29199082 10.192004 33.54599082 10.700004 0 P 0
L 33.29199082 10.192004 33.79999082 10.446004 0 P 0
L 33.29199082 11.208004 33.54599082 10.700004 0 P 0
L 33.29199082 11.208004 33.79999082 10.954004 0 P 0
L 33.29199082 11.69200354 33.54599082 12.20000354 0 P 0
L 33.29199082 11.69200354 33.79999082 11.94600354 0 P 0
L 33.29199082 12.70800354 33.54599082 12.20000354 0 P 0
L 33.29199082 12.70800354 33.79999082 12.45400354 0 P 0
L 33.29199082 13.19200308 33.54599082 13.70000308 0 P 0
L 33.29199082 13.19200308 33.79999082 13.44600308 0 P 0
L 33.29199082 14.20800308 33.54599082 13.70000308 0 P 0
L 33.29199082 14.20800308 33.79999082 13.95400308 0 P 0
L 33.29199082 16.19200216 33.54599082 16.70000216 0 P 0
L 33.29199082 16.19200216 33.79999082 16.44600216 0 P 0
L 33.29199082 17.20800216 33.54599082 16.70000216 0 P 0
L 33.29199082 17.20800216 33.79999082 16.95400216 0 P 0
L 33.29199082 17.6920017 33.54599082 18.2000017 0 P 0
L 33.29199082 17.6920017 33.79999082 17.9460017 0 P 0
L 33.29199082 18.7080017 33.54599082 18.2000017 0 P 0
L 33.29199082 18.7080017 33.79999082 18.4540017 0 P 0
L 33.29199082 19.19200124 33.54599082 19.70000124 0 P 0
L 33.29199082 19.19200124 33.79999082 19.44600124 0 P 0
L 33.29199082 20.20800124 33.54599082 19.70000124 0 P 0
L 33.29199082 20.20800124 33.79999082 19.95400124 0 P 0
L 33.29199082 20.69200078 33.54599082 21.20000078 0 P 0
L 33.29199082 20.69200078 33.79999082 20.94600078 0 P 0
L 33.29199082 21.70800078 33.54599082 21.20000078 0 P 0
L 33.29199082 21.70800078 33.79999082 21.45400078 0 P 0
L 33.79999082 2.9460063 34.30799082 2.6920063 0 P 0
L 33.79999082 3.4540063 34.30799082 3.7080063 0 P 0
L 33.79999082 4.44600584 34.30799082 4.19200584 0 P 0
L 33.79999082 4.95400584 34.30799082 5.20800584 0 P 0
L 33.79999082 8.94600446 34.30799082 8.69200446 0 P 0
L 33.79999082 9.45400446 34.30799082 9.70800446 0 P 0
L 33.79999082 10.446004 34.30799082 10.192004 0 P 0
L 33.79999082 10.954004 34.30799082 11.208004 0 P 0
L 33.79999082 11.94600354 34.30799082 11.69200354 0 P 0
L 33.79999082 12.45400354 34.30799082 12.70800354 0 P 0
L 33.79999082 13.44600308 34.30799082 13.19200308 0 P 0
L 33.79999082 13.95400308 34.30799082 14.20800308 0 P 0
L 33.79999082 16.44600216 34.30799082 16.19200216 0 P 0
L 33.79999082 16.95400216 34.30799082 17.20800216 0 P 0
L 33.79999082 17.9460017 34.30799082 17.6920017 0 P 0
L 33.79999082 18.4540017 34.30799082 18.7080017 0 P 0
L 33.79999082 19.44600124 34.30799082 19.19200124 0 P 0
L 33.79999082 19.95400124 34.30799082 20.20800124 0 P 0
L 33.79999082 20.94600078 34.30799082 20.69200078 0 P 0
L 33.79999082 21.45400078 34.30799082 21.70800078 0 P 0
L 34.05399082 3.2000063 34.30799082 2.6920063 0 P 0
L 34.05399082 3.2000063 34.30799082 3.7080063 0 P 0
L 34.05399082 4.70000584 34.30799082 4.19200584 0 P 0
L 34.05399082 4.70000584 34.30799082 5.20800584 0 P 0
L 34.05399082 9.20000446 34.30799082 8.69200446 0 P 0
L 34.05399082 9.20000446 34.30799082 9.70800446 0 P 0
L 34.05399082 10.700004 34.30799082 10.192004 0 P 0
L 34.05399082 10.700004 34.30799082 11.208004 0 P 0
L 34.05399082 12.20000354 34.30799082 11.69200354 0 P 0
L 34.05399082 12.20000354 34.30799082 12.70800354 0 P 0
L 34.05399082 13.70000308 34.30799082 13.19200308 0 P 0
L 34.05399082 13.70000308 34.30799082 14.20800308 0 P 0
L 34.05399082 16.70000216 34.30799082 16.19200216 0 P 0
L 34.05399082 16.70000216 34.30799082 17.20800216 0 P 0
L 34.05399082 18.2000017 34.30799082 17.6920017 0 P 0
L 34.05399082 18.2000017 34.30799082 18.7080017 0 P 0
L 34.05399082 19.70000124 34.30799082 19.19200124 0 P 0
L 34.05399082 19.70000124 34.30799082 20.20800124 0 P 0
L 34.05399082 21.20000078 34.30799082 20.69200078 0 P 0
L 34.05399082 21.20000078 34.30799082 21.70800078 0 P 0
L 34.79199036 2.6920063 35.04599036 3.2000063 0 P 0
L 34.79199036 2.6920063 35.29999036 2.9460063 0 P 0
L 34.79199036 3.7080063 35.04599036 3.2000063 0 P 0
L 34.79199036 3.7080063 35.29999036 3.4540063 0 P 0
L 34.79199036 4.19200584 35.04599036 4.70000584 0 P 0
L 34.79199036 4.19200584 35.29999036 4.44600584 0 P 0
L 34.79199036 5.20800584 35.04599036 4.70000584 0 P 0
L 34.79199036 5.20800584 35.29999036 4.95400584 0 P 0
L 34.79199036 5.69200538 35.04599036 6.20000538 0 P 0
L 34.79199036 5.69200538 35.29999036 5.94600538 0 P 0
L 34.79199036 6.70800538 35.04599036 6.20000538 0 P 0
L 34.79199036 6.70800538 35.29999036 6.45400538 0 P 0
L 34.79199036 11.69200354 35.04599036 12.20000354 0 P 0
L 34.79199036 11.69200354 35.29999036 11.94600354 0 P 0
L 34.79199036 12.70800354 35.04599036 12.20000354 0 P 0
L 34.79199036 12.70800354 35.29999036 12.45400354 0 P 0
L 34.79199036 13.19200308 35.04599036 13.70000308 0 P 0
L 34.79199036 13.19200308 35.29999036 13.44600308 0 P 0
L 34.79199036 14.20800308 35.04599036 13.70000308 0 P 0
L 34.79199036 14.20800308 35.29999036 13.95400308 0 P 0
L 34.79199036 16.19200216 35.04599036 16.70000216 0 P 0
L 34.79199036 16.19200216 35.29999036 16.44600216 0 P 0
L 34.79199036 17.20800216 35.04599036 16.70000216 0 P 0
L 34.79199036 17.20800216 35.29999036 16.95400216 0 P 0
L 34.79199036 17.6920017 35.04599036 18.2000017 0 P 0
L 34.79199036 17.6920017 35.29999036 17.9460017 0 P 0
L 34.79199036 18.7080017 35.04599036 18.2000017 0 P 0
L 34.79199036 18.7080017 35.29999036 18.4540017 0 P 0
L 34.79199036 19.19200124 35.04599036 19.70000124 0 P 0
L 34.79199036 19.19200124 35.29999036 19.44600124 0 P 0
L 34.79199036 20.20800124 35.04599036 19.70000124 0 P 0
L 34.79199036 20.20800124 35.29999036 19.95400124 0 P 0
L 34.79199036 20.69200078 35.04599036 21.20000078 0 P 0
L 34.79199036 20.69200078 35.29999036 20.94600078 0 P 0
L 34.79199036 21.70800078 35.04599036 21.20000078 0 P 0
L 34.79199036 21.70800078 35.29999036 21.45400078 0 P 0
L 34.79200052 0.29200094 35.04600052 0.80000094 0 P 0
L 34.79200052 0.29200094 35.30000052 0.54600094 0 P 0
L 34.79200052 1.30800094 35.04600052 0.80000094 0 P 0
L 34.79200052 1.30800094 35.30000052 1.05400094 0 P 0
L 34.79200052 1.49200108 35.04600052 2.00000108 0 P 0
L 34.79200052 1.49200108 35.30000052 1.74600108 0 P 0
L 34.79200052 2.50800108 35.04600052 2.00000108 0 P 0
L 34.79200052 2.50800108 35.30000052 2.25400108 0 P 0
L 35.29999036 2.9460063 35.80799036 2.6920063 0 P 0
L 35.29999036 3.4540063 35.80799036 3.7080063 0 P 0
L 35.29999036 4.44600584 35.80799036 4.19200584 0 P 0
L 35.29999036 4.95400584 35.80799036 5.20800584 0 P 0
L 35.29999036 5.94600538 35.80799036 5.69200538 0 P 0
L 35.29999036 6.45400538 35.80799036 6.70800538 0 P 0
L 35.29999036 11.94600354 35.80799036 11.69200354 0 P 0
L 35.29999036 12.45400354 35.80799036 12.70800354 0 P 0
L 35.29999036 13.44600308 35.80799036 13.19200308 0 P 0
L 35.29999036 13.95400308 35.80799036 14.20800308 0 P 0
L 35.29999036 16.44600216 35.80799036 16.19200216 0 P 0
L 35.29999036 16.95400216 35.80799036 17.20800216 0 P 0
L 35.29999036 17.9460017 35.80799036 17.6920017 0 P 0
L 35.29999036 18.4540017 35.80799036 18.7080017 0 P 0
L 35.29999036 19.44600124 35.80799036 19.19200124 0 P 0
L 35.29999036 19.95400124 35.80799036 20.20800124 0 P 0
L 35.29999036 20.94600078 35.80799036 20.69200078 0 P 0
L 35.29999036 21.45400078 35.80799036 21.70800078 0 P 0
L 35.30000052 0.54600094 35.80800052 0.29200094 0 P 0
L 35.30000052 1.05400094 35.80800052 1.30800094 0 P 0
L 35.30000052 1.74600108 35.80800052 1.49200108 0 P 0
L 35.30000052 2.25400108 35.80800052 2.50800108 0 P 0
L 35.4584 9.7282 35.7124 10.2362 0 P 0
L 35.4584 9.7282 35.9664 9.9822 0 P 0
L 35.4584 10.7442 35.7124 10.2362 0 P 0
L 35.4584 10.7442 35.9664 10.4902 0 P 0
L 35.55399036 3.2000063 35.80799036 2.6920063 0 P 0
L 35.55399036 3.2000063 35.80799036 3.7080063 0 P 0
L 35.55399036 4.70000584 35.80799036 4.19200584 0 P 0
L 35.55399036 4.70000584 35.80799036 5.20800584 0 P 0
L 35.55399036 6.20000538 35.80799036 5.69200538 0 P 0
L 35.55399036 6.20000538 35.80799036 6.70800538 0 P 0
L 35.55399036 12.20000354 35.80799036 11.69200354 0 P 0
L 35.55399036 12.20000354 35.80799036 12.70800354 0 P 0
L 35.55399036 13.70000308 35.80799036 13.19200308 0 P 0
L 35.55399036 13.70000308 35.80799036 14.20800308 0 P 0
L 35.55399036 16.70000216 35.80799036 16.19200216 0 P 0
L 35.55399036 16.70000216 35.80799036 17.20800216 0 P 0
L 35.55399036 18.2000017 35.80799036 17.6920017 0 P 0
L 35.55399036 18.2000017 35.80799036 18.7080017 0 P 0
L 35.55399036 19.70000124 35.80799036 19.19200124 0 P 0
L 35.55399036 19.70000124 35.80799036 20.20800124 0 P 0
L 35.55399036 21.20000078 35.80799036 20.69200078 0 P 0
L 35.55399036 21.20000078 35.80799036 21.70800078 0 P 0
L 35.55400052 0.80000094 35.80800052 0.29200094 0 P 0
L 35.55400052 0.80000094 35.80800052 1.30800094 0 P 0
L 35.55400052 2.00000108 35.80800052 1.49200108 0 P 0
L 35.55400052 2.00000108 35.80800052 2.50800108 0 P 0
L 35.9664 9.9822 36.4744 9.7282 0 P 0
L 35.9664 10.4902 36.4744 10.7442 0 P 0
L 35.9760012 5.91199478 35.9760012 6.92799478 0 P 0
L 35.9760012 5.91199478 36.9920012 5.91199478 0 P 0
L 35.9760012 6.92799478 36.9920012 6.92799478 0 P 0
L 36.2204 10.2362 36.4744 9.7282 0 P 0
L 36.2204 10.2362 36.4744 10.7442 0 P 0
L 36.2919899 4.19200584 36.5459899 4.70000584 0 P 0
L 36.2919899 4.19200584 36.7999899 4.44600584 0 P 0
L 36.2919899 5.20800584 36.5459899 4.70000584 0 P 0
L 36.2919899 5.20800584 36.7999899 4.95400584 0 P 0
L 36.2919899 11.69200354 36.5459899 12.20000354 0 P 0
L 36.2919899 11.69200354 36.7999899 11.94600354 0 P 0
L 36.2919899 12.70800354 36.5459899 12.20000354 0 P 0
L 36.2919899 12.70800354 36.7999899 12.45400354 0 P 0
L 36.2919899 16.19200216 36.5459899 16.70000216 0 P 0
L 36.2919899 16.19200216 36.7999899 16.44600216 0 P 0
L 36.2919899 17.20800216 36.5459899 16.70000216 0 P 0
L 36.2919899 17.20800216 36.7999899 16.95400216 0 P 0
L 36.2919899 17.6920017 36.5459899 18.2000017 0 P 0
L 36.2919899 17.6920017 36.7999899 17.9460017 0 P 0
L 36.2919899 18.7080017 36.5459899 18.2000017 0 P 0
L 36.2919899 18.7080017 36.7999899 18.4540017 0 P 0
L 36.2919899 19.19200124 36.5459899 19.70000124 0 P 0
L 36.2919899 19.19200124 36.7999899 19.44600124 0 P 0
L 36.2919899 20.20800124 36.5459899 19.70000124 0 P 0
L 36.2919899 20.20800124 36.7999899 19.95400124 0 P 0
L 36.2919899 20.69200078 36.5459899 21.20000078 0 P 0
L 36.2919899 20.69200078 36.7999899 20.94600078 0 P 0
L 36.2919899 21.70800078 36.5459899 21.20000078 0 P 0
L 36.2919899 21.70800078 36.7999899 21.45400078 0 P 0
L 36.7999899 4.44600584 37.3079899 4.19200584 0 P 0
L 36.7999899 4.95400584 37.3079899 5.20800584 0 P 0
L 36.7999899 11.94600354 37.3079899 11.69200354 0 P 0
L 36.7999899 12.45400354 37.3079899 12.70800354 0 P 0
L 36.7999899 16.44600216 37.3079899 16.19200216 0 P 0
L 36.7999899 16.95400216 37.3079899 17.20800216 0 P 0
L 36.7999899 17.9460017 37.3079899 17.6920017 0 P 0
L 36.7999899 18.4540017 37.3079899 18.7080017 0 P 0
L 36.7999899 19.44600124 37.3079899 19.19200124 0 P 0
L 36.7999899 19.95400124 37.3079899 20.20800124 0 P 0
L 36.7999899 20.94600078 37.3079899 20.69200078 0 P 0
L 36.7999899 21.45400078 37.3079899 21.70800078 0 P 0
L 36.9920012 3.00800008 37.5000012 1.99200008 0 P 0
L 36.9920012 3.00800008 38.0080012 3.00800008 0 P 0
L 36.9920012 5.91199478 36.9920012 6.92799478 0 P 0
L 36.9920012 10.99199478 36.9920012 12.00799478 0 P 0
L 36.9920012 10.99199478 38.0080012 10.99199478 0 P 0
L 36.9920012 12.00799478 38.0080012 12.00799478 0 P 0
L 37.0539899 4.70000584 37.3079899 4.19200584 0 P 0
L 37.0539899 4.70000584 37.3079899 5.20800584 0 P 0
L 37.0539899 12.20000354 37.3079899 11.69200354 0 P 0
L 37.0539899 12.20000354 37.3079899 12.70800354 0 P 0
L 37.0539899 16.70000216 37.3079899 16.19200216 0 P 0
L 37.0539899 16.70000216 37.3079899 17.20800216 0 P 0
L 37.0539899 18.2000017 37.3079899 17.6920017 0 P 0
L 37.0539899 18.2000017 37.3079899 18.7080017 0 P 0
L 37.0539899 19.70000124 37.3079899 19.19200124 0 P 0
L 37.0539899 19.70000124 37.3079899 20.20800124 0 P 0
L 37.0539899 21.20000078 37.3079899 20.69200078 0 P 0
L 37.0539899 21.20000078 37.3079899 21.70800078 0 P 0
L 37.5000012 1.99200008 38.0080012 3.00800008 0 P 0
L 37.79198944 4.19200584 38.04598944 4.70000584 0 P 0
L 37.79198944 4.19200584 38.29998944 4.44600584 0 P 0
L 37.79198944 5.20800584 38.04598944 4.70000584 0 P 0
L 37.79198944 5.20800584 38.29998944 4.95400584 0 P 0
L 37.79198944 14.69200262 38.04598944 15.20000262 0 P 0
L 37.79198944 14.69200262 38.29998944 14.94600262 0 P 0
L 37.79198944 15.70800262 38.04598944 15.20000262 0 P 0
L 37.79198944 15.70800262 38.29998944 15.45400262 0 P 0
L 37.79198944 16.19200216 38.04598944 16.70000216 0 P 0
L 37.79198944 16.19200216 38.29998944 16.44600216 0 P 0
L 37.79198944 17.20800216 38.04598944 16.70000216 0 P 0
L 37.79198944 17.20800216 38.29998944 16.95400216 0 P 0
L 37.79198944 17.6920017 38.04598944 18.2000017 0 P 0
L 37.79198944 17.6920017 38.29998944 17.9460017 0 P 0
L 37.79198944 18.7080017 38.04598944 18.2000017 0 P 0
L 37.79198944 18.7080017 38.29998944 18.4540017 0 P 0
L 37.79198944 19.19200124 38.04598944 19.70000124 0 P 0
L 37.79198944 19.19200124 38.29998944 19.44600124 0 P 0
L 37.79198944 20.20800124 38.04598944 19.70000124 0 P 0
L 37.79198944 20.20800124 38.29998944 19.95400124 0 P 0
L 37.79198944 20.69200078 38.04598944 21.20000078 0 P 0
L 37.79198944 20.69200078 38.29998944 20.94600078 0 P 0
L 37.79198944 21.70800078 38.04598944 21.20000078 0 P 0
L 37.79198944 21.70800078 38.29998944 21.45400078 0 P 0
L 38.0080012 5.91199478 38.0080012 6.92799478 0 P 0
L 38.0080012 5.91199478 39.0240012 5.91199478 0 P 0
L 38.0080012 6.92799478 39.0240012 6.92799478 0 P 0
L 38.0080012 10.99199478 38.0080012 12.00799478 0 P 0
L 38.1762 10.6934 38.4302 11.2014 0 P 0
L 38.1762 10.6934 38.6842 10.9474 0 P 0
L 38.1762 11.7094 38.4302 11.2014 0 P 0
L 38.1762 11.7094 38.6842 11.4554 0 P 0
L 38.29998944 4.44600584 38.80798944 4.19200584 0 P 0
L 38.29998944 4.95400584 38.80798944 5.20800584 0 P 0
L 38.29998944 14.94600262 38.80798944 14.69200262 0 P 0
L 38.29998944 15.45400262 38.80798944 15.70800262 0 P 0
L 38.29998944 16.44600216 38.80798944 16.19200216 0 P 0
L 38.29998944 16.95400216 38.80798944 17.20800216 0 P 0
L 38.29998944 17.9460017 38.80798944 17.6920017 0 P 0
L 38.29998944 18.4540017 38.80798944 18.7080017 0 P 0
L 38.29998944 19.44600124 38.80798944 19.19200124 0 P 0
L 38.29998944 19.95400124 38.80798944 20.20800124 0 P 0
L 38.29998944 20.94600078 38.80798944 20.69200078 0 P 0
L 38.29998944 21.45400078 38.80798944 21.70800078 0 P 0
L 38.55398944 4.70000584 38.80798944 4.19200584 0 P 0
L 38.55398944 4.70000584 38.80798944 5.20800584 0 P 0
L 38.55398944 15.20000262 38.80798944 14.69200262 0 P 0
L 38.55398944 15.20000262 38.80798944 15.70800262 0 P 0
L 38.55398944 16.70000216 38.80798944 16.19200216 0 P 0
L 38.55398944 16.70000216 38.80798944 17.20800216 0 P 0
L 38.55398944 18.2000017 38.80798944 17.6920017 0 P 0
L 38.55398944 18.2000017 38.80798944 18.7080017 0 P 0
L 38.55398944 19.70000124 38.80798944 19.19200124 0 P 0
L 38.55398944 19.70000124 38.80798944 20.20800124 0 P 0
L 38.55398944 21.20000078 38.80798944 20.69200078 0 P 0
L 38.55398944 21.20000078 38.80798944 21.70800078 0 P 0
L 38.6842 10.9474 39.1922 10.6934 0 P 0
L 38.6842 11.4554 39.1922 11.7094 0 P 0
L 38.69200034 13.19200054 38.94600034 13.70000054 0 P 0
L 38.69200034 13.19200054 39.20000034 13.44600054 0 P 0
L 38.69200034 14.20800054 38.94600034 13.70000054 0 P 0
L 38.69200034 14.20800054 39.20000034 13.95400054 0 P 0
L 38.69200034 14.69200008 38.94600034 15.20000008 0 P 0
L 38.69200034 14.69200008 39.20000034 14.94600008 0 P 0
L 38.69200034 15.70800008 38.94600034 15.20000008 0 P 0
L 38.69200034 15.70800008 39.20000034 15.45400008 0 P 0
L 38.69200034 16.19199962 38.94600034 16.69999962 0 P 0
L 38.69200034 16.19199962 39.20000034 16.44599962 0 P 0
L 38.69200034 17.20799962 38.94600034 16.69999962 0 P 0
L 38.69200034 17.20799962 39.20000034 16.95399962 0 P 0
L 38.69200034 17.69199916 38.94600034 18.19999916 0 P 0
L 38.69200034 17.69199916 39.20000034 17.94599916 0 P 0
L 38.69200034 18.70799916 38.94600034 18.19999916 0 P 0
L 38.69200034 18.70799916 39.20000034 18.45399916 0 P 0
L 38.69200034 19.19200124 38.94600034 19.70000124 0 P 0
L 38.69200034 19.19200124 39.20000034 19.44600124 0 P 0
L 38.69200034 20.20800124 38.94600034 19.70000124 0 P 0
L 38.69200034 20.20800124 39.20000034 19.95400124 0 P 0
L 38.69200034 20.69200078 38.94600034 21.20000078 0 P 0
L 38.69200034 20.69200078 39.20000034 20.94600078 0 P 0
L 38.69200034 21.70800078 38.94600034 21.20000078 0 P 0
L 38.69200034 21.70800078 39.20000034 21.45400078 0 P 0
L 38.735 8.4582 38.989 8.9662 0 P 0
L 38.735 8.4582 39.243 8.7122 0 P 0
L 38.735 9.4742 38.989 8.9662 0 P 0
L 38.735 9.4742 39.243 9.2202 0 P 0
L 38.9382 11.2014 39.1922 10.6934 0 P 0
L 38.9382 11.2014 39.1922 11.7094 0 P 0
L 39.0240012 5.91199478 39.0240012 6.92799478 0 P 0
L 39.20000034 13.44600054 39.70800034 13.19200054 0 P 0
L 39.20000034 13.95400054 39.70800034 14.20800054 0 P 0
L 39.20000034 14.94600008 39.70800034 14.69200008 0 P 0
L 39.20000034 15.45400008 39.70800034 15.70800008 0 P 0
L 39.20000034 16.44599962 39.70800034 16.19199962 0 P 0
L 39.20000034 16.95399962 39.70800034 17.20799962 0 P 0
L 39.20000034 17.94599916 39.70800034 17.69199916 0 P 0
L 39.20000034 18.45399916 39.70800034 18.70799916 0 P 0
L 39.20000034 19.44600124 39.70800034 19.19200124 0 P 0
L 39.20000034 19.95400124 39.70800034 20.20800124 0 P 0
L 39.20000034 20.94600078 39.70800034 20.69200078 0 P 0
L 39.20000034 21.45400078 39.70800034 21.70800078 0 P 0
L 39.243 8.7122 39.751 8.4582 0 P 0
L 39.243 9.2202 39.751 9.4742 0 P 0
L 39.45400034 13.70000054 39.70800034 13.19200054 0 P 0
L 39.45400034 13.70000054 39.70800034 14.20800054 0 P 0
L 39.45400034 15.20000008 39.70800034 14.69200008 0 P 0
L 39.45400034 15.20000008 39.70800034 15.70800008 0 P 0
L 39.45400034 16.69999962 39.70800034 16.19199962 0 P 0
L 39.45400034 16.69999962 39.70800034 17.20799962 0 P 0
L 39.45400034 18.19999916 39.70800034 17.69199916 0 P 0
L 39.45400034 18.19999916 39.70800034 18.70799916 0 P 0
L 39.45400034 19.70000124 39.70800034 19.19200124 0 P 0
L 39.45400034 19.70000124 39.70800034 20.20800124 0 P 0
L 39.45400034 21.20000078 39.70800034 20.69200078 0 P 0
L 39.45400034 21.20000078 39.70800034 21.70800078 0 P 0
L 39.497 8.9662 39.751 8.4582 0 P 0
L 39.497 8.9662 39.751 9.4742 0 P 0
