UNITS=MM
#Layer_Color=9474304
#
#Feature symbol names
#
$0 r127

#
#Feature attribute names
#

#
#Layer features
#
L 0.60000134 20.32500126 0.90000074 20.32500126 0 P 0
L 0.60000134 21.25000068 0.90000074 21.25000068 0 P 0
L 0.60000134 22.75000022 0.90000074 22.75000022 0 P 0
L 0.60000134 24.24999976 0.90000074 24.24999976 0 P 0
L 0.60000134 25.7499993 0.90000074 25.7499993 0 P 0
L 0.60000134 27.24999884 0.90000074 27.24999884 0 P 0
L 0.60000134 28.75000092 0.90000074 28.75000092 0 P 0
L 0.60000134 30.25000046 0.90000074 30.25000046 0 P 0
L 0.60000134 31.75 0.90000074 31.75 0 P 0
L 0.60000134 33.24999954 0.90000074 33.24999954 0 P 0
L 0.60000134 34.79999898 0.90000074 34.79999898 0 P 0
L 0.60000134 36.24999862 0.90000074 36.24999862 0 P 0
L 0.60000134 37.7000008 0.90000074 37.7000008 0 P 0
L 0.60000134 39.25000024 0.90000074 39.25000024 0 P 0
L 0.75000104 20.17500156 0.75000104 20.47500096 0 P 0
L 0.75000104 21.10000098 0.75000104 21.40000038 0 P 0
L 0.75000104 22.60000052 0.75000104 22.89999992 0 P 0
L 0.75000104 24.10000006 0.75000104 24.39999946 0 P 0
L 0.75000104 25.5999996 0.75000104 25.899999 0 P 0
L 0.75000104 27.09999914 0.75000104 27.39999854 0 P 0
L 0.75000104 28.60000122 0.75000104 28.90000062 0 P 0
L 0.75000104 30.10000076 0.75000104 30.40000016 0 P 0
L 0.75000104 31.6000003 0.75000104 31.8999997 0 P 0
L 0.75000104 33.09999984 0.75000104 33.39999924 0 P 0
L 0.75000104 34.64999928 0.75000104 34.94999868 0 P 0
L 0.75000104 36.09999892 0.75000104 36.39999832 0 P 0
L 0.75000104 37.5500011 0.75000104 37.8500005 0 P 0
L 0.75000104 39.10000054 0.75000104 39.39999994 0 P 0
L 1.52500076 20.32500126 1.82500016 20.32500126 0 P 0
L 1.56000196 4.21999918 2.65999976 4.21999918 0 P 0
L 1.67500046 20.17500156 1.67500046 20.47500096 0 P 0
L 1.85000138 21.25000068 2.15000078 21.25000068 0 P 0
L 1.85000392 22.75000022 2.15000332 22.75000022 0 P 0
L 1.85000392 24.24999976 2.15000332 24.24999976 0 P 0
L 1.85000392 25.7499993 2.15000332 25.7499993 0 P 0
L 1.85000392 27.24999884 2.15000332 27.24999884 0 P 0
L 1.85000392 28.74999838 2.15000332 28.74999838 0 P 0
L 1.85000392 30.24999792 2.15000332 30.24999792 0 P 0
L 1.85000392 31.74999746 2.15000332 31.74999746 0 P 0
L 1.85000392 33.249997 2.15000332 33.249997 0 P 0
L 1.85000392 34.74999654 2.15000332 34.74999654 0 P 0
L 1.85000392 36.24999608 2.15000332 36.24999608 0 P 0
L 1.85000392 37.74999562 2.15000332 37.74999562 0 P 0
L 1.85000392 39.24999516 2.15000332 39.24999516 0 P 0
L 2.00000108 21.10000098 2.00000108 21.40000038 0 P 0
L 2.00000362 22.60000052 2.00000362 22.89999992 0 P 0
L 2.00000362 24.10000006 2.00000362 24.39999946 0 P 0
L 2.00000362 25.5999996 2.00000362 25.899999 0 P 0
L 2.00000362 27.09999914 2.00000362 27.39999854 0 P 0
L 2.00000362 28.59999868 2.00000362 28.89999808 0 P 0
L 2.00000362 30.09999822 2.00000362 30.39999762 0 P 0
L 2.00000362 31.59999776 2.00000362 31.89999716 0 P 0
L 2.00000362 33.0999973 2.00000362 33.3999967 0 P 0
L 2.00000362 34.59999684 2.00000362 34.89999624 0 P 0
L 2.00000362 36.09999638 2.00000362 36.39999578 0 P 0
L 2.00000362 37.59999592 2.00000362 37.89999532 0 P 0
L 2.00000362 39.09999546 2.00000362 39.39999486 0 P 0
L 2.11000086 3.67000028 2.11000086 4.76999808 0 P 0
L 2.60000242 10.00000032 4.39999882 10.00000032 0 P 0
L 2.9250005 17.62499904 3.2249999 17.62499904 0 P 0
L 3.0750002 17.47499934 3.0750002 17.77499874 0 P 0
L 3.35000346 22.75000022 3.65000286 22.75000022 0 P 0
L 3.35000346 24.24999976 3.65000286 24.24999976 0 P 0
L 3.35000346 25.7499993 3.65000286 25.7499993 0 P 0
L 3.35000346 27.24999884 3.65000286 27.24999884 0 P 0
L 3.35000346 28.74999838 3.65000286 28.74999838 0 P 0
L 3.35000346 30.24999792 3.65000286 30.24999792 0 P 0
L 3.35000346 31.74999746 3.65000286 31.74999746 0 P 0
L 3.35000346 33.249997 3.65000286 33.249997 0 P 0
L 3.35000346 34.74999654 3.65000286 34.74999654 0 P 0
L 3.35000346 36.24999608 3.65000286 36.24999608 0 P 0
L 3.35000346 37.74999562 3.65000286 37.74999562 0 P 0
L 3.35000346 39.24999516 3.65000286 39.24999516 0 P 0
L 3.50000062 9.10000212 3.50000062 10.89999852 0 P 0
L 3.50000316 22.60000052 3.50000316 22.89999992 0 P 0
L 3.50000316 24.10000006 3.50000316 24.39999946 0 P 0
L 3.50000316 25.5999996 3.50000316 25.899999 0 P 0
L 3.50000316 27.09999914 3.50000316 27.39999854 0 P 0
L 3.50000316 28.59999868 3.50000316 28.89999808 0 P 0
L 3.50000316 30.09999822 3.50000316 30.39999762 0 P 0
L 3.50000316 31.59999776 3.50000316 31.89999716 0 P 0
L 3.50000316 33.0999973 3.50000316 33.3999967 0 P 0
L 3.50000316 34.59999684 3.50000316 34.89999624 0 P 0
L 3.50000316 36.09999638 3.50000316 36.39999578 0 P 0
L 3.50000316 37.59999592 3.50000316 37.89999532 0 P 0
L 3.50000316 39.09999546 3.50000316 39.39999486 0 P 0
L 4.10000196 4.21999918 5.19999976 4.21999918 0 P 0
L 4.65000086 3.67000028 4.65000086 4.76999808 0 P 0
L 4.65000086 18.87499908 4.95000026 18.87499908 0 P 0
L 4.80000056 18.72499938 4.80000056 19.02499878 0 P 0
L 4.850003 34.74999654 5.1500024 34.74999654 0 P 0
L 4.850003 36.24999608 5.1500024 36.24999608 0 P 0
L 4.850003 37.74999562 5.1500024 37.74999562 0 P 0
L 4.850003 39.24999516 5.1500024 39.24999516 0 P 0
L 5.0000027 34.59999684 5.0000027 34.89999624 0 P 0
L 5.0000027 36.09999638 5.0000027 36.39999578 0 P 0
L 5.0000027 37.59999592 5.0000027 37.89999532 0 P 0
L 5.0000027 39.09999546 5.0000027 39.39999486 0 P 0
L 5.44999926 18.14999926 5.74999866 18.14999926 0 P 0
L 5.59999896 17.99999956 5.59999896 18.29999896 0 P 0
L 6.2500002 18.87499908 6.5499996 18.87499908 0 P 0
L 6.35000254 36.24999608 6.65000194 36.24999608 0 P 0
L 6.35000254 37.74999562 6.65000194 37.74999562 0 P 0
L 6.35000254 39.24999516 6.65000194 39.24999516 0 P 0
L 6.3999999 18.72499938 6.3999999 19.02499878 0 P 0
L 6.50000224 36.09999638 6.50000224 36.39999578 0 P 0
L 6.50000224 37.59999592 6.50000224 37.89999532 0 P 0
L 6.50000224 39.09999546 6.50000224 39.39999486 0 P 0
L 6.64000196 4.21999918 7.73999976 4.21999918 0 P 0
L 6.92500012 21.45000028 7.22499952 21.45000028 0 P 0
L 7.07499982 21.30000058 7.07499982 21.59999998 0 P 0
L 7.19000086 3.67000028 7.19000086 4.76999808 0 P 0
L 7.32499932 31.7000001 7.62499872 31.7000001 0 P 0
L 7.40000044 37.02500088 7.69999984 37.02500088 0 P 0
L 7.40000044 38.2499997 7.69999984 38.2499997 0 P 0
L 7.40000044 39.25000024 7.69999984 39.25000024 0 P 0
L 7.47499902 31.5500004 7.47499902 31.8499998 0 P 0
L 7.55000014 18.24999906 7.84999954 18.24999906 0 P 0
L 7.55000014 21.45000028 7.84999954 21.45000028 0 P 0
L 7.55000014 36.87500118 7.55000014 37.17500058 0 P 0
L 7.55000014 38.1 7.55000014 38.3999994 0 P 0
L 7.55000014 39.10000054 7.55000014 39.39999994 0 P 0
L 7.69999984 18.09999936 7.69999984 18.39999876 0 P 0
L 7.69999984 21.30000058 7.69999984 21.59999998 0 P 0
L 7.72500106 12.62499888 8.02500046 12.62499888 0 P 0
L 7.85000208 22.75000022 8.15000148 22.75000022 0 P 0
L 7.85000208 24.24999976 8.15000148 24.24999976 0 P 0
L 7.85000208 25.7499993 8.15000148 25.7499993 0 P 0
L 7.85000208 27.24999884 8.15000148 27.24999884 0 P 0
L 7.85000208 28.74999838 8.15000148 28.74999838 0 P 0
L 7.85000208 30.24999792 8.15000148 30.24999792 0 P 0
L 7.87500076 12.47499918 7.87500076 12.77499858 0 P 0
L 7.96250122 10.0100003 8.9575005 10.0100003 0 P 0
L 7.99999924 37.62499968 8.29999864 37.62499968 0 P 0
L 7.99999924 38.85000104 8.29999864 38.85000104 0 P 0
L 8.00000178 22.60000052 8.00000178 22.89999992 0 P 0
L 8.00000178 24.10000006 8.00000178 24.39999946 0 P 0
L 8.00000178 25.5999996 8.00000178 25.899999 0 P 0
L 8.00000178 27.09999914 8.00000178 27.39999854 0 P 0
L 8.00000178 28.59999868 8.00000178 28.89999808 0 P 0
L 8.00000178 30.09999822 8.00000178 30.39999762 0 P 0
L 8.07500036 30.99999896 8.37499976 30.99999896 0 P 0
L 8.14999894 37.47499998 8.14999894 37.77499938 0 P 0
L 8.14999894 38.70000134 8.14999894 39.00000074 0 P 0
L 8.17500016 21.45000028 8.47499956 21.45000028 0 P 0
L 8.22500006 30.84999926 8.22500006 31.14999866 0 P 0
L 8.32499986 21.30000058 8.32499986 21.59999998 0 P 0
L 8.46000086 9.51250066 8.46000086 10.50749994 0 P 0
L 8.85000008 18.87499908 9.14999948 18.87499908 0 P 0
L 8.8750013 12.62499888 9.1750007 12.62499888 0 P 0
L 8.99999978 18.72499938 8.99999978 19.02499878 0 P 0
L 9.025001 12.47499918 9.025001 12.77499858 0 P 0
L 9.18000196 4.21999918 10.27999976 4.21999918 0 P 0
L 9.35000162 22.75000022 9.65000102 22.75000022 0 P 0
L 9.35000162 24.24999976 9.65000102 24.24999976 0 P 0
L 9.35000162 25.7499993 9.65000102 25.7499993 0 P 0
L 9.35000162 27.24999884 9.65000102 27.24999884 0 P 0
L 9.35000162 28.74999838 9.65000102 28.74999838 0 P 0
L 9.50000132 22.60000052 9.50000132 22.89999992 0 P 0
L 9.50000132 24.10000006 9.50000132 24.39999946 0 P 0
L 9.50000132 25.5999996 9.50000132 25.899999 0 P 0
L 9.50000132 27.09999914 9.50000132 27.39999854 0 P 0
L 9.50000132 28.59999868 9.50000132 28.89999808 0 P 0
L 9.5749999 7.87500076 9.8749993 7.87500076 0 P 0
L 9.5749999 33.62500006 9.8749993 33.62500006 0 P 0
L 9.5749999 35.94999922 9.8749993 35.94999922 0 P 0
L 9.65000102 21.25000068 9.95000042 21.25000068 0 P 0
L 9.7249996 7.72500106 9.7249996 8.02500046 0 P 0
L 9.7249996 33.47500036 9.7249996 33.77499976 0 P 0
L 9.7249996 35.79999952 9.7249996 36.09999892 0 P 0
L 9.73000086 3.67000028 9.73000086 4.76999808 0 P 0
L 9.80000072 21.10000098 9.80000072 21.40000038 0 P 0
L 10.10000012 16.45000012 10.39999952 16.45000012 0 P 0
L 10.22500114 33.19999964 10.52500054 33.19999964 0 P 0
L 10.22500114 36.52499934 10.52500054 36.52499934 0 P 0
L 10.24999982 16.30000042 10.24999982 16.59999982 0 P 0
L 10.37500084 33.04999994 10.37500084 33.34999934 0 P 0
L 10.37500084 36.37499964 10.37500084 36.67499904 0 P 0
L 10.44999942 18.87499908 10.74999882 18.87499908 0 P 0
L 10.59999912 18.72499938 10.59999912 19.02499878 0 P 0
L 10.85000116 8.57499936 11.15000056 8.57499936 0 P 0
L 10.85000116 11.62500088 11.15000056 11.62500088 0 P 0
L 10.85000116 33.87499956 11.15000056 33.87499956 0 P 0
L 10.85000116 34.74999654 11.15000056 34.74999654 0 P 0
L 10.85000116 35.94999922 11.15000056 35.94999922 0 P 0
L 11.00000086 8.42499966 11.00000086 8.72499906 0 P 0
L 11.00000086 11.47500118 11.00000086 11.77500058 0 P 0
L 11.00000086 33.72499986 11.00000086 34.02499926 0 P 0
L 11.00000086 34.59999684 11.00000086 34.89999624 0 P 0
L 11.00000086 35.79999952 11.00000086 36.09999892 0 P 0
L 11.25000036 18.9000003 11.54999976 18.9000003 0 P 0
L 11.40000006 18.7500006 11.40000006 19.05 0 P 0
L 11.47500118 33.19999964 11.77500058 33.19999964 0 P 0
L 11.47500118 36.52499934 11.77500058 36.52499934 0 P 0
L 11.62500088 33.04999994 11.62500088 33.34999934 0 P 0
L 11.62500088 36.37499964 11.62500088 36.67499904 0 P 0
L 11.72000196 4.21999918 12.81999976 4.21999918 0 P 0
L 12.0500013 17.35000086 12.3500007 17.35000086 0 P 0
L 12.12499988 8.57499936 12.42499928 8.57499936 0 P 0
L 12.12499988 33.62500006 12.42499928 33.62500006 0 P 0
L 12.12499988 35.94999922 12.42499928 35.94999922 0 P 0
L 12.200001 17.20000116 12.200001 17.50000056 0 P 0
L 12.27000086 3.67000028 12.27000086 4.76999808 0 P 0
L 12.27499958 8.42499966 12.27499958 8.72499906 0 P 0
L 12.27499958 33.47500036 12.27499958 33.77499976 0 P 0
L 12.27499958 35.79999952 12.27499958 36.09999892 0 P 0
L 12.3500007 22.75000022 12.6500001 22.75000022 0 P 0
L 12.3500007 24.24999976 12.6500001 24.24999976 0 P 0
L 12.3500007 25.7499993 12.6500001 25.7499993 0 P 0
L 12.5000004 22.60000052 12.5000004 22.89999992 0 P 0
L 12.5000004 24.10000006 12.5000004 24.39999946 0 P 0
L 12.5000004 25.5999996 12.5000004 25.899999 0 P 0
L 12.72500122 15.05000038 13.02500062 15.05000038 0 P 0
L 12.8499997 17.87180068 13.1499991 17.87180068 0 P 0
L 12.87500092 14.90000068 12.87500092 15.20000008 0 P 0
L 12.9999994 17.72180098 12.9999994 18.02180038 0 P 0
L 12.9999994 27.24999884 13.2999988 27.24999884 0 P 0
L 13.04250122 8.9940003 14.0375005 8.9940003 0 P 0
L 13.04250122 11.0260003 14.0375005 11.0260003 0 P 0
L 13.1499991 27.09999914 13.1499991 27.39999854 0 P 0
L 13.35000124 13.95000004 13.65000064 13.95000004 0 P 0
L 13.50000094 13.80000034 13.50000094 14.09999974 0 P 0
L 13.52499962 21.45000028 13.82499902 21.45000028 0 P 0
L 13.54000086 8.49650066 13.54000086 9.49149994 0 P 0
L 13.54000086 10.52850066 13.54000086 11.52349994 0 P 0
L 13.62499942 37.6500009 13.92499882 37.6500009 0 P 0
L 13.62499942 38.85000104 13.92499882 38.85000104 0 P 0
L 13.67499932 21.30000058 13.67499932 21.59999998 0 P 0
L 13.77499912 37.5000012 13.77499912 37.8000006 0 P 0
L 13.77499912 38.70000134 13.77499912 39.00000074 0 P 0
L 13.78545122 31.25319886 14.08545062 31.25319886 0 P 0
L 13.85000024 22.75000022 14.14999964 22.75000022 0 P 0
L 13.85000024 24.24999976 14.14999964 24.24999976 0 P 0
L 13.85000024 25.7499993 14.14999964 25.7499993 0 P 0
L 13.85000024 27.24999884 14.14999964 27.24999884 0 P 0
L 13.93545092 31.10319916 13.93545092 31.40319856 0 P 0
L 13.99999994 22.60000052 13.99999994 22.89999992 0 P 0
L 13.99999994 24.10000006 13.99999994 24.39999946 0 P 0
L 13.99999994 25.5999996 13.99999994 25.899999 0 P 0
L 13.99999994 27.09999914 13.99999994 27.39999854 0 P 0
L 14.14929606 21.44430052 14.44929546 21.44430052 0 P 0
L 14.14999964 18.62499958 14.44999904 18.62499958 0 P 0
L 14.26000196 4.21999918 15.35999976 4.21999918 0 P 0
L 14.29929576 21.29430082 14.29929576 21.59430022 0 P 0
L 14.29999934 18.47499988 14.29999934 18.77499928 0 P 0
L 14.29999934 37.02500088 14.59999874 37.02500088 0 P 0
L 14.29999934 38.2499997 14.59999874 38.2499997 0 P 0
L 14.29999934 39.25000024 14.59999874 39.25000024 0 P 0
L 14.44999904 36.87500118 14.44999904 37.17500058 0 P 0
L 14.44999904 38.1 14.44999904 38.3999994 0 P 0
L 14.44999904 39.10000054 14.44999904 39.39999994 0 P 0
L 14.77499966 21.45000028 15.07499906 21.45000028 0 P 0
L 14.81000086 3.67000028 14.81000086 4.76999808 0 P 0
L 14.85000078 33.00000004 15.15000018 33.00000004 0 P 0
L 14.92499936 21.30000058 14.92499936 21.59999998 0 P 0
L 15.00000048 32.85000034 15.00000048 33.14999974 0 P 0
L 15.1541734 31.30717386 15.4541728 31.30717386 0 P 0
L 15.3041731 31.15717416 15.3041731 31.45717356 0 P 0
L 15.34999978 24.24999976 15.64999918 24.24999976 0 P 0
L 15.34999978 25.7499993 15.64999918 25.7499993 0 P 0
L 15.34999978 34.74999654 15.64999918 34.74999654 0 P 0
L 15.34999978 36.24999608 15.64999918 36.24999608 0 P 0
L 15.34999978 37.74999562 15.64999918 37.74999562 0 P 0
L 15.34999978 39.24999516 15.64999918 39.24999516 0 P 0
L 15.44999958 22.25000122 15.74999898 22.25000122 0 P 0
L 15.49999948 24.10000006 15.49999948 24.39999946 0 P 0
L 15.49999948 25.5999996 15.49999948 25.899999 0 P 0
L 15.49999948 34.59999684 15.49999948 34.89999624 0 P 0
L 15.49999948 36.09999638 15.49999948 36.39999578 0 P 0
L 15.49999948 37.59999592 15.49999948 37.89999532 0 P 0
L 15.49999948 39.09999546 15.49999948 39.39999486 0 P 0
L 15.59999928 22.10000152 15.59999928 22.40000092 0 P 0
L 16.10000082 31.4500006 16.40000022 31.4500006 0 P 0
L 16.10000082 33.00000004 16.40000022 33.00000004 0 P 0
L 16.25000052 31.3000009 16.25000052 31.6000003 0 P 0
L 16.25000052 32.85000034 16.25000052 33.14999974 0 P 0
L 16.80000196 4.21999918 17.89999976 4.21999918 0 P 0
L 16.84999932 21.25000068 17.14999872 21.25000068 0 P 0
L 16.84999932 22.75000022 17.14999872 22.75000022 0 P 0
L 16.84999932 24.24999976 17.14999872 24.24999976 0 P 0
L 16.84999932 25.7499993 17.14999872 25.7499993 0 P 0
L 16.84999932 27.24999884 17.14999872 27.24999884 0 P 0
L 16.84999932 28.74999838 17.14999872 28.74999838 0 P 0
L 16.84999932 34.74999654 17.14999872 34.74999654 0 P 0
L 16.84999932 36.24999608 17.14999872 36.24999608 0 P 0
L 16.84999932 37.74999562 17.14999872 37.74999562 0 P 0
L 16.84999932 39.24999516 17.14999872 39.24999516 0 P 0
L 16.87500054 32.249999 17.17499994 32.249999 0 P 0
L 16.97500034 20.32500126 17.27499974 20.32500126 0 P 0
L 16.99999902 21.10000098 16.99999902 21.40000038 0 P 0
L 16.99999902 22.60000052 16.99999902 22.89999992 0 P 0
L 16.99999902 24.10000006 16.99999902 24.39999946 0 P 0
L 16.99999902 25.5999996 16.99999902 25.899999 0 P 0
L 16.99999902 27.09999914 16.99999902 27.39999854 0 P 0
L 16.99999902 28.59999868 16.99999902 28.89999808 0 P 0
L 16.99999902 34.59999684 16.99999902 34.89999624 0 P 0
L 16.99999902 36.09999638 16.99999902 36.39999578 0 P 0
L 16.99999902 37.59999592 16.99999902 37.89999532 0 P 0
L 16.99999902 39.09999546 16.99999902 39.39999486 0 P 0
L 17.02500024 32.0999993 17.02500024 32.3999987 0 P 0
L 17.12500004 20.17500156 17.12500004 20.47500096 0 P 0
L 17.35000086 3.67000028 17.35000086 4.76999808 0 P 0
L 17.6000029 10.00000032 19.3999993 10.00000032 0 P 0
L 18.34999886 22.75000022 18.64999826 22.75000022 0 P 0
L 18.34999886 24.24999976 18.64999826 24.24999976 0 P 0
L 18.34999886 25.7499993 18.64999826 25.7499993 0 P 0
L 18.34999886 27.24999884 18.64999826 27.24999884 0 P 0
L 18.34999886 28.74999838 18.64999826 28.74999838 0 P 0
L 18.34999886 30.24999792 18.64999826 30.24999792 0 P 0
L 18.34999886 31.74999746 18.64999826 31.74999746 0 P 0
L 18.34999886 33.249997 18.64999826 33.249997 0 P 0
L 18.34999886 34.74999654 18.64999826 34.74999654 0 P 0
L 18.34999886 36.24999608 18.64999826 36.24999608 0 P 0
L 18.34999886 37.74999562 18.64999826 37.74999562 0 P 0
L 18.34999886 39.24999516 18.64999826 39.24999516 0 P 0
L 18.3500014 20.32500126 18.6500008 20.32500126 0 P 0
L 18.3500014 21.25000068 18.6500008 21.25000068 0 P 0
L 18.49999856 22.60000052 18.49999856 22.89999992 0 P 0
L 18.49999856 24.10000006 18.49999856 24.39999946 0 P 0
L 18.49999856 25.5999996 18.49999856 25.899999 0 P 0
L 18.49999856 27.09999914 18.49999856 27.39999854 0 P 0
L 18.49999856 28.59999868 18.49999856 28.89999808 0 P 0
L 18.49999856 30.09999822 18.49999856 30.39999762 0 P 0
L 18.49999856 31.59999776 18.49999856 31.89999716 0 P 0
L 18.49999856 33.0999973 18.49999856 33.3999967 0 P 0
L 18.49999856 34.59999684 18.49999856 34.89999624 0 P 0
L 18.49999856 36.09999638 18.49999856 36.39999578 0 P 0
L 18.49999856 37.59999592 18.49999856 37.89999532 0 P 0
L 18.49999856 39.09999546 18.49999856 39.39999486 0 P 0
L 18.5000011 9.10000212 18.5000011 10.89999852 0 P 0
L 18.5000011 20.17500156 18.5000011 20.47500096 0 P 0
L 18.5000011 21.10000098 18.5000011 21.40000038 0 P 0
L 18.77499928 18.87499908 19.07499868 18.87499908 0 P 0
L 18.92499898 18.72499938 18.92499898 19.02499878 0 P 0
L 19.34000196 4.21999918 20.43999976 4.21999918 0 P 0
L 19.8499984 22.75000022 20.1499978 22.75000022 0 P 0
L 19.8499984 24.24999976 20.1499978 24.24999976 0 P 0
L 19.8499984 25.7499993 20.1499978 25.7499993 0 P 0
L 19.8499984 27.24999884 20.1499978 27.24999884 0 P 0
L 19.8499984 28.74999838 20.1499978 28.74999838 0 P 0
L 19.8499984 30.24999792 20.1499978 30.24999792 0 P 0
L 19.8499984 31.74999746 20.1499978 31.74999746 0 P 0
L 19.8499984 33.249997 20.1499978 33.249997 0 P 0
L 19.8499984 34.74999654 20.1499978 34.74999654 0 P 0
L 19.8499984 36.24999608 20.1499978 36.24999608 0 P 0
L 19.8499984 37.74999562 20.1499978 37.74999562 0 P 0
L 19.8499984 39.24999516 20.1499978 39.24999516 0 P 0
L 19.85000094 20.32500126 20.15000034 20.32500126 0 P 0
L 19.85000094 21.25000068 20.15000034 21.25000068 0 P 0
L 19.89000086 3.67000028 19.89000086 4.76999808 0 P 0
L 19.9999981 22.60000052 19.9999981 22.89999992 0 P 0
L 19.9999981 24.10000006 19.9999981 24.39999946 0 P 0
L 19.9999981 25.5999996 19.9999981 25.899999 0 P 0
L 19.9999981 27.09999914 19.9999981 27.39999854 0 P 0
L 19.9999981 28.59999868 19.9999981 28.89999808 0 P 0
L 19.9999981 30.09999822 19.9999981 30.39999762 0 P 0
L 19.9999981 31.59999776 19.9999981 31.89999716 0 P 0
L 19.9999981 33.0999973 19.9999981 33.3999967 0 P 0
L 19.9999981 34.59999684 19.9999981 34.89999624 0 P 0
L 19.9999981 36.09999638 19.9999981 36.39999578 0 P 0
L 19.9999981 37.59999592 19.9999981 37.89999532 0 P 0
L 19.9999981 39.09999546 19.9999981 39.39999486 0 P 0
L 20.00000064 20.17500156 20.00000064 20.47500096 0 P 0
L 20.00000064 21.10000098 20.00000064 21.40000038 0 P 0
L 21.10000098 20.32500126 21.40000038 20.32500126 0 P 0
L 21.10000098 21.25000068 21.40000038 21.25000068 0 P 0
L 21.10000098 22.75000022 21.40000038 22.75000022 0 P 0
L 21.10000098 24.24999976 21.40000038 24.24999976 0 P 0
L 21.10000098 25.7499993 21.40000038 25.7499993 0 P 0
L 21.10000098 27.24999884 21.40000038 27.24999884 0 P 0
L 21.10000098 28.75000092 21.40000038 28.75000092 0 P 0
L 21.10000098 30.25000046 21.40000038 30.25000046 0 P 0
L 21.10000098 31.75 21.40000038 31.75 0 P 0
L 21.10000098 33.24999954 21.40000038 33.24999954 0 P 0
L 21.10000098 34.79999898 21.40000038 34.79999898 0 P 0
L 21.10000098 36.24999862 21.40000038 36.24999862 0 P 0
L 21.10000098 37.7000008 21.40000038 37.7000008 0 P 0
L 21.10000098 39.25000024 21.40000038 39.25000024 0 P 0
L 21.25000068 20.17500156 21.25000068 20.47500096 0 P 0
L 21.25000068 21.10000098 21.25000068 21.40000038 0 P 0
L 21.25000068 22.60000052 21.25000068 22.89999992 0 P 0
L 21.25000068 24.10000006 21.25000068 24.39999946 0 P 0
L 21.25000068 25.5999996 21.25000068 25.899999 0 P 0
L 21.25000068 27.09999914 21.25000068 27.39999854 0 P 0
L 21.25000068 28.60000122 21.25000068 28.90000062 0 P 0
L 21.25000068 30.10000076 21.25000068 30.40000016 0 P 0
L 21.25000068 31.6000003 21.25000068 31.8999997 0 P 0
L 21.25000068 33.09999984 21.25000068 33.39999924 0 P 0
L 21.25000068 34.64999928 21.25000068 34.94999868 0 P 0
L 21.25000068 36.09999892 21.25000068 36.39999832 0 P 0
L 21.25000068 37.5500011 21.25000068 37.8500005 0 P 0
L 21.25000068 39.10000054 21.25000068 39.39999994 0 P 0
