UNITS=MM
#Layer_Color=9474304
#
#Feature symbol names
#
$0 r127
$1 r169.33164

#
#Feature attribute names
#

#
#Layer features
#
A 8.96800086 10.0100003 8.96800086 10.0100003 8.46000086 10.0100003 1 P 0 N
A 14.04800086 8.9940003 14.04800086 8.9940003 13.54000086 8.9940003 1 P 0 N
A 14.04800086 11.0260003 14.04800086 11.0260003 13.54000086 11.0260003 1 P 0 N
L 0.24200104 20.85799994 0.75000104 19.84199994 0 P 0
L 0.24200104 20.85799994 1.25800104 20.85799994 0 P 0
L 0.24200104 22.15799988 0.75000104 21.14199988 0 P 0
L 0.24200104 22.15799988 1.25800104 22.15799988 0 P 0
L 0.24200104 23.65799942 0.75000104 22.64199942 0 P 0
L 0.24200104 23.65799942 1.25800104 23.65799942 0 P 0
L 0.24200104 25.15799896 0.75000104 24.14199896 0 P 0
L 0.24200104 25.15799896 1.25800104 25.15799896 0 P 0
L 0.24200104 26.65800104 0.75000104 25.64200104 0 P 0
L 0.24200104 26.65800104 1.25800104 26.65800104 0 P 0
L 0.24200104 28.15800058 0.75000104 27.14200058 0 P 0
L 0.24200104 28.15800058 1.25800104 28.15800058 0 P 0
L 0.24200104 29.65800012 0.75000104 28.64200012 0 P 0
L 0.24200104 29.65800012 1.25800104 29.65800012 0 P 0
L 0.24200104 31.15799966 0.75000104 30.14199966 0 P 0
L 0.24200104 31.15799966 1.25800104 31.15799966 0 P 0
L 0.24200104 32.6579992 0.75000104 31.6419992 0 P 0
L 0.24200104 32.6579992 1.25800104 32.6579992 0 P 0
L 0.24200104 34.15800128 0.75000104 33.14200128 0 P 0
L 0.24200104 34.15800128 1.25800104 34.15800128 0 P 0
L 0.24200104 35.65800082 0.75000104 34.64200082 0 P 0
L 0.24200104 35.65800082 1.25800104 35.65800082 0 P 0
L 0.75000104 19.84199994 1.25800104 20.85799994 0 P 0
L 0.75000104 21.14199988 1.25800104 22.15799988 0 P 0
L 0.75000104 22.64199942 1.25800104 23.65799942 0 P 0
L 0.75000104 24.14199896 1.25800104 25.15799896 0 P 0
L 0.75000104 25.64200104 1.25800104 26.65800104 0 P 0
L 0.75000104 27.14200058 1.25800104 28.15800058 0 P 0
L 0.75000104 28.64200012 1.25800104 29.65800012 0 P 0
L 0.75000104 30.14199966 1.25800104 31.15799966 0 P 0
L 0.75000104 31.6419992 1.25800104 32.6579992 0 P 0
L 0.75000104 33.14200128 1.25800104 34.15800128 0 P 0
L 0.75000104 34.64200082 1.25800104 35.65800082 0 P 0
L 1.49200108 20.85799994 2.00000108 19.84199994 0 P 0
L 1.49200108 20.85799994 2.50800108 20.85799994 0 P 0
L 1.49200362 22.15799988 2.00000362 21.14199988 0 P 0
L 1.49200362 22.15799988 2.50800362 22.15799988 0 P 0
L 1.49200362 23.6580045 2.00000362 22.6420045 0 P 0
L 1.49200362 23.6580045 2.50800362 23.6580045 0 P 0
L 1.49200362 25.15800404 2.00000362 24.14200404 0 P 0
L 1.49200362 25.15800404 2.50800362 25.15800404 0 P 0
L 1.49200362 26.65800358 2.00000362 25.64200358 0 P 0
L 1.49200362 26.65800358 2.50800362 26.65800358 0 P 0
L 1.49200362 28.15800312 2.00000362 27.14200312 0 P 0
L 1.49200362 28.15800312 2.50800362 28.15800312 0 P 0
L 1.49200362 29.65800266 2.00000362 28.64200266 0 P 0
L 1.49200362 29.65800266 2.50800362 29.65800266 0 P 0
L 1.49200362 31.1580022 2.00000362 30.1420022 0 P 0
L 1.49200362 31.1580022 2.50800362 31.1580022 0 P 0
L 1.49200362 32.65800174 2.00000362 31.64200174 0 P 0
L 1.49200362 32.65800174 2.50800362 32.65800174 0 P 0
L 1.49200362 34.15800128 2.00000362 33.14200128 0 P 0
L 1.49200362 34.15800128 2.50800362 34.15800128 0 P 0
L 1.49200362 35.65800082 2.00000362 34.64200082 0 P 0
L 1.49200362 35.65800082 2.50800362 35.65800082 0 P 0
L 1.60200086 3.71199918 1.60200086 4.72799918 0 P 0
L 1.60200086 3.71199918 2.61800086 3.71199918 0 P 0
L 1.60200086 4.72799918 2.61800086 4.72799918 0 P 0
L 2.00000108 19.84199994 2.50800108 20.85799994 0 P 0
L 2.00000362 21.14199988 2.50800362 22.15799988 0 P 0
L 2.00000362 22.6420045 2.50800362 23.6580045 0 P 0
L 2.00000362 24.14200404 2.50800362 25.15800404 0 P 0
L 2.00000362 25.64200358 2.50800362 26.65800358 0 P 0
L 2.00000362 27.14200312 2.50800362 28.15800312 0 P 0
L 2.00000362 28.64200266 2.50800362 29.65800266 0 P 0
L 2.00000362 30.1420022 2.50800362 31.1580022 0 P 0
L 2.00000362 31.64200174 2.50800362 32.65800174 0 P 0
L 2.00000362 33.14200128 2.50800362 34.15800128 0 P 0
L 2.00000362 34.64200082 2.50800362 35.65800082 0 P 0
L 2.5670002 20.0079991 3.0750002 18.9919991 0 P 0
L 2.5670002 20.0079991 3.5830002 20.0079991 0 P 0
L 2.61800086 3.71199918 2.61800086 4.72799918 0 P 0
L 2.99200062 9.49200032 3.24600062 10.00000032 0 P 0
L 2.99200062 9.49200032 3.50000062 9.74600032 0 P 0
L 2.99200062 10.50800032 3.24600062 10.00000032 0 P 0
L 2.99200062 10.50800032 3.50000062 10.25400032 0 P 0
L 2.99200062 20.85799994 3.50000062 19.84199994 0 P 0
L 2.99200062 20.85799994 4.00800062 20.85799994 0 P 0
L 2.99200062 28.70799948 3.50000062 27.69199948 0 P 0
L 2.99200062 28.70799948 4.00800062 28.70799948 0 P 0
L 2.99200316 22.15799988 3.50000316 21.14199988 0 P 0
L 2.99200316 22.15799988 4.00800316 22.15799988 0 P 0
L 2.99200316 23.6580045 3.50000316 22.6420045 0 P 0
L 2.99200316 23.6580045 4.00800316 23.6580045 0 P 0
L 2.99200316 25.15800404 3.50000316 24.14200404 0 P 0
L 2.99200316 25.15800404 4.00800316 25.15800404 0 P 0
L 2.99200316 32.65800174 3.50000316 31.64200174 0 P 0
L 2.99200316 32.65800174 4.00800316 32.65800174 0 P 0
L 2.99200316 34.15800128 3.50000316 33.14200128 0 P 0
L 2.99200316 34.15800128 4.00800316 34.15800128 0 P 0
L 2.99200316 35.65800082 3.50000316 34.64200082 0 P 0
L 2.99200316 35.65800082 4.00800316 35.65800082 0 P 0
L 3.0750002 18.9919991 3.5830002 20.0079991 0 P 0
L 3.50000062 9.74600032 4.00800062 9.49200032 0 P 0
L 3.50000062 10.25400032 4.00800062 10.50800032 0 P 0
L 3.50000062 19.84199994 4.00800062 20.85799994 0 P 0
L 3.50000062 27.69199948 4.00800062 28.70799948 0 P 0
L 3.50000316 21.14199988 4.00800316 22.15799988 0 P 0
L 3.50000316 22.6420045 4.00800316 23.6580045 0 P 0
L 3.50000316 24.14200404 4.00800316 25.15800404 0 P 0
L 3.50000316 31.64200174 4.00800316 32.65800174 0 P 0
L 3.50000316 33.14200128 4.00800316 34.15800128 0 P 0
L 3.50000316 34.64200082 4.00800316 35.65800082 0 P 0
L 3.75400062 10.00000032 4.00800062 9.49200032 0 P 0
L 3.75400062 10.00000032 4.00800062 10.50800032 0 P 0
L 4.14200086 3.71199918 4.14200086 4.72799918 0 P 0
L 4.14200086 3.71199918 5.15800086 3.71199918 0 P 0
L 4.14200086 4.72799918 5.15800086 4.72799918 0 P 0
L 4.49200016 20.85799994 5.00000016 19.84199994 0 P 0
L 4.49200016 20.85799994 5.50800016 20.85799994 0 P 0
L 4.49200016 28.70799948 5.00000016 27.69199948 0 P 0
L 4.49200016 28.70799948 5.50800016 28.70799948 0 P 0
L 4.4920027 22.15799988 5.0000027 21.14199988 0 P 0
L 4.4920027 22.15799988 5.5080027 22.15799988 0 P 0
L 4.4920027 23.6580045 5.0000027 22.6420045 0 P 0
L 4.4920027 23.6580045 5.5080027 23.6580045 0 P 0
L 4.4920027 25.15800404 5.0000027 24.14200404 0 P 0
L 4.4920027 25.15800404 5.5080027 25.15800404 0 P 0
L 4.4920027 32.65800174 5.0000027 31.64200174 0 P 0
L 4.4920027 32.65800174 5.5080027 32.65800174 0 P 0
L 4.4920027 34.15800128 5.0000027 33.14200128 0 P 0
L 4.4920027 34.15800128 5.5080027 34.15800128 0 P 0
L 4.4920027 35.65800082 5.0000027 34.64200082 0 P 0
L 4.4920027 35.65800082 5.5080027 35.65800082 0 P 0
L 5.00000016 19.84199994 5.50800016 20.85799994 0 P 0
L 5.00000016 27.69199948 5.50800016 28.70799948 0 P 0
L 5.0000027 21.14199988 5.5080027 22.15799988 0 P 0
L 5.0000027 22.6420045 5.5080027 23.6580045 0 P 0
L 5.0000027 24.14200404 5.5080027 25.15800404 0 P 0
L 5.0000027 31.64200174 5.5080027 32.65800174 0 P 0
L 5.0000027 33.14200128 5.5080027 34.15800128 0 P 0
L 5.0000027 34.64200082 5.5080027 35.65800082 0 P 0
L 5.09199896 31.38300048 5.59999896 30.36700048 0 P 0
L 5.09199896 31.38300048 6.10799896 31.38300048 0 P 0
L 5.15800086 3.71199918 5.15800086 4.72799918 0 P 0
L 5.31699978 29.95799952 5.82499978 28.94199952 0 P 0
L 5.31699978 29.95799952 6.33299978 29.95799952 0 P 0
L 5.36699968 26.95800044 5.87499968 25.94200044 0 P 0
L 5.36699968 26.95800044 6.38299968 26.95800044 0 P 0
L 5.3920009 34.65800028 5.9000009 33.64200028 0 P 0
L 5.3920009 34.65800028 6.4080009 34.65800028 0 P 0
L 5.3920009 35.65800082 5.9000009 34.64200082 0 P 0
L 5.3920009 35.65800082 6.4080009 35.65800082 0 P 0
L 5.41699958 33.58300116 5.92499958 32.56700116 0 P 0
L 5.41699958 33.58300116 6.43299958 33.58300116 0 P 0
L 5.59999896 30.36700048 6.10799896 31.38300048 0 P 0
L 5.82499978 28.94199952 6.33299978 29.95799952 0 P 0
L 5.86700122 26.2079994 6.37500122 25.1919994 0 P 0
L 5.86700122 26.2079994 6.88300122 26.2079994 0 P 0
L 5.87499968 25.94200044 6.38299968 26.95800044 0 P 0
L 5.9000009 33.64200028 6.4080009 34.65800028 0 P 0
L 5.9000009 34.64200082 6.4080009 35.65800082 0 P 0
L 5.92499958 32.56700116 6.43299958 33.58300116 0 P 0
L 5.9919997 20.85799994 6.4999997 19.84199994 0 P 0
L 5.9919997 20.85799994 7.0079997 20.85799994 0 P 0
L 5.99200224 23.6580045 6.50000224 22.6420045 0 P 0
L 5.99200224 23.6580045 7.00800224 23.6580045 0 P 0
L 6.37500122 25.1919994 6.88300122 26.2079994 0 P 0
L 6.4999997 19.84199994 7.0079997 20.85799994 0 P 0
L 6.50000224 22.6420045 7.00800224 23.6580045 0 P 0
L 6.54200114 21.95800028 7.05000114 20.94200028 0 P 0
L 6.54200114 21.95800028 7.55800114 21.95800028 0 P 0
L 6.68200086 3.71199918 6.68200086 4.72799918 0 P 0
L 6.68200086 3.71199918 7.69800086 3.71199918 0 P 0
L 6.68200086 4.72799918 7.69800086 4.72799918 0 P 0
L 6.91699912 27.78300006 7.42499912 26.76700006 0 P 0
L 6.91699912 27.78300006 7.93299912 27.78300006 0 P 0
L 7.05000114 20.94200028 7.55800114 21.95800028 0 P 0
L 7.19199984 21.95800028 7.69999984 20.94200028 0 P 0
L 7.19199984 21.95800028 8.20799984 21.95800028 0 P 0
L 7.19199984 23.80799912 7.69999984 22.79199912 0 P 0
L 7.19199984 23.80799912 8.20799984 23.80799912 0 P 0
L 7.42499912 26.76700006 7.93299912 27.78300006 0 P 0
L 7.66700016 35.35799888 8.17500016 34.34199888 0 P 0
L 7.66700016 35.35799888 8.68300016 35.35799888 0 P 0
L 7.69800086 3.71199918 7.69800086 4.72799918 0 P 0
L 7.69999984 20.94200028 8.20799984 21.95800028 0 P 0
L 7.69999984 22.79199912 8.20799984 23.80799912 0 P 0
L 7.76699996 28.55799978 8.27499996 27.54199978 0 P 0
L 7.76699996 28.55799978 8.78299996 28.55799978 0 P 0
L 7.84200108 21.95800028 8.35000108 20.94200028 0 P 0
L 7.84200108 21.95800028 8.85800108 21.95800028 0 P 0
L 8.16699916 35.65800082 8.67499916 34.64200082 0 P 0
L 8.16699916 35.65800082 9.18299916 35.65800082 0 P 0
L 8.17500016 34.34199888 8.68300016 35.35799888 0 P 0
L 8.27499996 27.54199978 8.78299996 28.55799978 0 P 0
L 8.35000108 20.94200028 8.85800108 21.95800028 0 P 0
L 8.49199978 19.38299908 8.99999978 18.36699908 0 P 0
L 8.49199978 19.38299908 9.50799978 19.38299908 0 P 0
L 8.67499916 34.64200082 9.18299916 35.65800082 0 P 0
L 8.84199908 29.50800042 9.34999908 28.49200042 0 P 0
L 8.84199908 29.50800042 9.85799908 29.50800042 0 P 0
L 8.99200132 31.1580022 9.50000132 30.1420022 0 P 0
L 8.99200132 31.1580022 10.00800132 31.1580022 0 P 0
L 8.99200132 32.65800174 9.50000132 31.64200174 0 P 0
L 8.99200132 32.65800174 10.00800132 32.65800174 0 P 0
L 8.99200132 34.15800128 9.50000132 33.14200128 0 P 0
L 8.99200132 34.15800128 10.00800132 34.15800128 0 P 0
L 8.99999978 18.36699908 9.50799978 19.38299908 0 P 0
L 9.22200086 3.71199918 9.22200086 4.72799918 0 P 0
L 9.22200086 3.71199918 10.23800086 3.71199918 0 P 0
L 9.22200086 4.72799918 10.23800086 4.72799918 0 P 0
L 9.24200082 9.00800078 9.75000082 7.99200078 0 P 0
L 9.24200082 9.00800078 10.25800082 9.00800078 0 P 0
L 9.29200072 19.38299908 9.80000072 18.36699908 0 P 0
L 9.29200072 19.38299908 10.30800072 19.38299908 0 P 0
L 9.29200072 21.63299966 9.80000072 20.61699966 0 P 0
L 9.29200072 21.63299966 10.30800072 21.63299966 0 P 0
L 9.34999908 28.49200042 9.85799908 29.50800042 0 P 0
L 9.39200052 22.75800122 9.90000052 21.74200122 0 P 0
L 9.39200052 22.75800122 10.40800052 22.75800122 0 P 0
L 9.39200052 24.58299884 9.90000052 23.56699884 0 P 0
L 9.39200052 24.58299884 10.40800052 24.58299884 0 P 0
L 9.50000132 30.1420022 10.00800132 31.1580022 0 P 0
L 9.50000132 31.64200174 10.00800132 32.65800174 0 P 0
L 9.50000132 33.14200128 10.00800132 34.15800128 0 P 0
L 9.516999 35.65800082 10.024999 34.64200082 0 P 0
L 9.516999 35.65800082 10.532999 35.65800082 0 P 0
L 9.75000082 7.99200078 10.25800082 9.00800078 0 P 0
L 9.80000072 18.36699908 10.30800072 19.38299908 0 P 0
L 9.80000072 20.61699966 10.30800072 21.63299966 0 P 0
L 9.90000052 21.74200122 10.40800052 22.75800122 0 P 0
L 9.90000052 23.56699884 10.40800052 24.58299884 0 P 0
L 9.94199942 29.50800042 10.44999942 28.49200042 0 P 0
L 9.94199942 29.50800042 10.95799942 29.50800042 0 P 0
L 10.024999 34.64200082 10.532999 35.65800082 0 P 0
L 10.09199912 19.38299908 10.59999912 18.36699908 0 P 0
L 10.09199912 19.38299908 11.10799912 19.38299908 0 P 0
L 10.23800086 3.71199918 10.23800086 4.72799918 0 P 0
L 10.44999942 28.49200042 10.95799942 29.50800042 0 P 0
L 10.49200086 9.00800078 11.00000086 7.99200078 0 P 0
L 10.49200086 9.00800078 11.50800086 9.00800078 0 P 0
L 10.49200086 31.1580022 11.00000086 30.1420022 0 P 0
L 10.49200086 31.1580022 11.50800086 31.1580022 0 P 0
L 10.49200086 32.65800174 11.00000086 31.64200174 0 P 0
L 10.49200086 32.65800174 11.50800086 32.65800174 0 P 0
L 10.49200086 34.15800128 11.00000086 33.14200128 0 P 0
L 10.49200086 34.15800128 11.50800086 34.15800128 0 P 0
L 10.49200086 35.65800082 11.00000086 34.64200082 0 P 0
L 10.49200086 35.65800082 11.50800086 35.65800082 0 P 0
L 10.59999912 18.36699908 11.10799912 19.38299908 0 P 0
L 10.89200006 19.38299908 11.40000006 18.36699908 0 P 0
L 10.89200006 19.38299908 11.90800006 19.38299908 0 P 0
L 10.89200006 21.63299966 11.40000006 20.61699966 0 P 0
L 10.89200006 21.63299966 11.90800006 21.63299966 0 P 0
L 11.00000086 7.99200078 11.50800086 9.00800078 0 P 0
L 11.00000086 30.1420022 11.50800086 31.1580022 0 P 0
L 11.00000086 31.64200174 11.50800086 32.65800174 0 P 0
L 11.00000086 33.14200128 11.50800086 34.15800128 0 P 0
L 11.00000086 34.64200082 11.50800086 35.65800082 0 P 0
L 11.04199976 23.80799912 11.54999976 22.79199912 0 P 0
L 11.04199976 23.80799912 12.05799976 23.80799912 0 P 0
L 11.04199976 29.50800042 11.54999976 28.49200042 0 P 0
L 11.04199976 29.50800042 12.05799976 29.50800042 0 P 0
L 11.40000006 18.36699908 11.90800006 19.38299908 0 P 0
L 11.40000006 20.61699966 11.90800006 21.63299966 0 P 0
L 11.46700018 35.65800082 11.97500018 34.64200082 0 P 0
L 11.46700018 35.65800082 12.48300018 35.65800082 0 P 0
L 11.54999976 22.79199912 12.05799976 23.80799912 0 P 0
L 11.54999976 28.49200042 12.05799976 29.50800042 0 P 0
L 11.692001 19.38299908 12.200001 18.36699908 0 P 0
L 11.692001 19.38299908 12.708001 19.38299908 0 P 0
L 11.76200086 3.71199918 11.76200086 4.72799918 0 P 0
L 11.76200086 3.71199918 12.77800086 3.71199918 0 P 0
L 11.76200086 4.72799918 12.77800086 4.72799918 0 P 0
L 11.97500018 34.64200082 12.48300018 35.65800082 0 P 0
L 11.9920004 29.65800266 12.5000004 28.64200266 0 P 0
L 11.9920004 29.65800266 13.0080004 29.65800266 0 P 0
L 11.9920004 31.1580022 12.5000004 30.1420022 0 P 0
L 11.9920004 31.1580022 13.0080004 31.1580022 0 P 0
L 11.9920004 32.65800174 12.5000004 31.64200174 0 P 0
L 11.9920004 32.65800174 13.0080004 32.65800174 0 P 0
L 11.9920004 34.15800128 12.5000004 33.14200128 0 P 0
L 11.9920004 34.15800128 13.0080004 34.15800128 0 P 0
L 12.200001 18.36699908 12.708001 19.38299908 0 P 0
L 12.46700072 14.45800004 12.97500072 13.44200004 0 P 0
L 12.46700072 14.45800004 13.48300072 14.45800004 0 P 0
L 12.4919994 19.38299908 12.9999994 18.36699908 0 P 0
L 12.4919994 19.38299908 13.5079994 19.38299908 0 P 0
L 12.4919994 21.63299966 12.9999994 20.61699966 0 P 0
L 12.4919994 21.63299966 13.5079994 21.63299966 0 P 0
L 12.5000004 28.64200266 13.0080004 29.65800266 0 P 0
L 12.5000004 30.1420022 13.0080004 31.1580022 0 P 0
L 12.5000004 31.64200174 13.0080004 32.65800174 0 P 0
L 12.5000004 33.14200128 13.0080004 34.15800128 0 P 0
L 12.51700062 28.75799938 13.02500062 27.74199938 0 P 0
L 12.51700062 28.75799938 13.53300062 28.75799938 0 P 0
L 12.77800086 3.71199918 12.77800086 4.72799918 0 P 0
L 12.81700002 35.65800082 13.32500002 34.64200082 0 P 0
L 12.81700002 35.65800082 13.83300002 35.65800082 0 P 0
L 12.97500072 13.44200004 13.48300072 14.45800004 0 P 0
L 12.9999994 18.36699908 13.5079994 19.38299908 0 P 0
L 12.9999994 20.61699966 13.5079994 21.63299966 0 P 0
L 13.02500062 27.74199938 13.53300062 28.75799938 0 P 0
L 13.16699932 21.95800028 13.67499932 20.94200028 0 P 0
L 13.16699932 21.95800028 14.18299932 21.95800028 0 P 0
L 13.32500002 34.64200082 13.83300002 35.65800082 0 P 0
L 13.49199994 23.6580045 13.99999994 22.6420045 0 P 0
L 13.49199994 23.6580045 14.50799994 23.6580045 0 P 0
L 13.49199994 25.15800404 13.99999994 24.14200404 0 P 0
L 13.49199994 25.15800404 14.50799994 25.15800404 0 P 0
L 13.67499932 20.94200028 14.18299932 21.95800028 0 P 0
L 13.79199934 18.90799876 14.29999934 17.89199876 0 P 0
L 13.79199934 18.90799876 14.80799934 18.90799876 0 P 0
L 13.79199934 21.95800028 14.29999934 20.94200028 0 P 0
L 13.79199934 21.95800028 14.80799934 21.95800028 0 P 0
L 13.99999994 22.6420045 14.50799994 23.6580045 0 P 0
L 13.99999994 24.14200404 14.50799994 25.15800404 0 P 0
L 14.06700006 27.83299996 14.57500006 26.81699996 0 P 0
L 14.06700006 27.83299996 15.08300006 27.83299996 0 P 0
L 14.29999934 17.89199876 14.80799934 18.90799876 0 P 0
L 14.29999934 20.94200028 14.80799934 21.95800028 0 P 0
L 14.30200086 3.71199918 14.30200086 4.72799918 0 P 0
L 14.30200086 3.71199918 15.31800086 3.71199918 0 P 0
L 14.30200086 4.72799918 15.31800086 4.72799918 0 P 0
L 14.41699936 21.95800028 14.92499936 20.94200028 0 P 0
L 14.41699936 21.95800028 15.43299936 21.95800028 0 P 0
L 14.57452508 15.0754715 15.08252508 14.0594715 0 P 0
L 14.57452508 15.0754715 15.59052508 15.0754715 0 P 0
L 14.57500006 26.81699996 15.08300006 27.83299996 0 P 0
L 14.92499936 20.94200028 15.43299936 21.95800028 0 P 0
L 14.99199948 19.38299908 15.49999948 18.36699908 0 P 0
L 14.99199948 19.38299908 16.00799948 19.38299908 0 P 0
L 14.99199948 22.15799988 15.49999948 21.14199988 0 P 0
L 14.99199948 22.15799988 16.00799948 22.15799988 0 P 0
L 14.99199948 23.6580045 15.49999948 22.6420045 0 P 0
L 14.99199948 23.6580045 16.00799948 23.6580045 0 P 0
L 14.99199948 25.15800404 15.49999948 24.14200404 0 P 0
L 14.99199948 25.15800404 16.00799948 25.15800404 0 P 0
L 15.04199938 26.23300062 15.54999938 25.21700062 0 P 0
L 15.04199938 26.23300062 16.05799938 26.23300062 0 P 0
L 15.08252508 14.0594715 15.59052508 15.0754715 0 P 0
L 15.31800086 3.71199918 15.31800086 4.72799918 0 P 0
L 15.39200122 15.70800008 15.90000122 14.69200008 0 P 0
L 15.39200122 15.70800008 16.40800122 15.70800008 0 P 0
L 15.49999948 18.36699908 16.00799948 19.38299908 0 P 0
L 15.49999948 21.14199988 16.00799948 22.15799988 0 P 0
L 15.49999948 22.6420045 16.00799948 23.6580045 0 P 0
L 15.49999948 24.14200404 16.00799948 25.15800404 0 P 0
L 15.54999938 25.21700062 16.05799938 26.23300062 0 P 0
L 15.5669996 35.65800082 16.0749996 34.64200082 0 P 0
L 15.5669996 35.65800082 16.5829996 35.65800082 0 P 0
L 15.59200082 26.98299912 16.10000082 25.96699912 0 P 0
L 15.59200082 26.98299912 16.60800082 26.98299912 0 P 0
L 15.79200042 19.38299908 16.30000042 18.36699908 0 P 0
L 15.79200042 19.38299908 16.80800042 19.38299908 0 P 0
L 15.90000122 14.69200008 16.40800122 15.70800008 0 P 0
L 16.0749996 34.64200082 16.5829996 35.65800082 0 P 0
L 16.10000082 25.96699912 16.60800082 26.98299912 0 P 0
L 16.30000042 18.36699908 16.80800042 19.38299908 0 P 0
L 16.49199902 32.65800174 16.99999902 31.64200174 0 P 0
L 16.49199902 32.65800174 17.50799902 32.65800174 0 P 0
L 16.49199902 34.15800128 16.99999902 33.14200128 0 P 0
L 16.49199902 34.15800128 17.50799902 34.15800128 0 P 0
L 16.49199902 35.65800082 16.99999902 34.64200082 0 P 0
L 16.49199902 35.65800082 17.50799902 35.65800082 0 P 0
L 16.84200086 3.71199918 16.84200086 4.72799918 0 P 0
L 16.84200086 3.71199918 17.85800086 3.71199918 0 P 0
L 16.84200086 4.72799918 17.85800086 4.72799918 0 P 0
L 16.99999902 31.64200174 17.50799902 32.65800174 0 P 0
L 16.99999902 33.14200128 17.50799902 34.15800128 0 P 0
L 16.99999902 34.64200082 17.50799902 35.65800082 0 P 0
L 17.39199976 19.38299908 17.89999976 18.36699908 0 P 0
L 17.39199976 19.38299908 18.40799976 19.38299908 0 P 0
L 17.85800086 3.71199918 17.85800086 4.72799918 0 P 0
L 17.89999976 18.36699908 18.40799976 19.38299908 0 P 0
L 17.99199856 29.65800266 18.49999856 28.64200266 0 P 0
L 17.99199856 29.65800266 19.00799856 29.65800266 0 P 0
L 17.99199856 31.1580022 18.49999856 30.1420022 0 P 0
L 17.99199856 31.1580022 19.00799856 31.1580022 0 P 0
L 17.99199856 32.65800174 18.49999856 31.64200174 0 P 0
L 17.99199856 32.65800174 19.00799856 32.65800174 0 P 0
L 17.99199856 34.15800128 18.49999856 33.14200128 0 P 0
L 17.99199856 34.15800128 19.00799856 34.15800128 0 P 0
L 17.99199856 35.65800082 18.49999856 34.64200082 0 P 0
L 17.99199856 35.65800082 19.00799856 35.65800082 0 P 0
L 17.9920011 9.49200032 18.2460011 10.00000032 0 P 0
L 17.9920011 9.49200032 18.5000011 9.74600032 0 P 0
L 17.9920011 10.50800032 18.2460011 10.00000032 0 P 0
L 17.9920011 10.50800032 18.5000011 10.25400032 0 P 0
L 18.41699898 18.38300108 18.92499898 17.36700108 0 P 0
L 18.41699898 18.38300108 19.43299898 18.38300108 0 P 0
L 18.49999856 28.64200266 19.00799856 29.65800266 0 P 0
L 18.49999856 30.1420022 19.00799856 31.1580022 0 P 0
L 18.49999856 31.64200174 19.00799856 32.65800174 0 P 0
L 18.49999856 33.14200128 19.00799856 34.15800128 0 P 0
L 18.49999856 34.64200082 19.00799856 35.65800082 0 P 0
L 18.5000011 9.74600032 19.0080011 9.49200032 0 P 0
L 18.5000011 10.25400032 19.0080011 10.50800032 0 P 0
L 18.7540011 10.00000032 19.0080011 9.49200032 0 P 0
L 18.7540011 10.00000032 19.0080011 10.50800032 0 P 0
L 18.92499898 17.36700108 19.43299898 18.38300108 0 P 0
L 18.98618504 19.37234124 19.49418504 18.35634124 0 P 0
L 18.98618504 19.37234124 20.00218504 19.37234124 0 P 0
L 19.38200086 3.71199918 19.38200086 4.72799918 0 P 0
L 19.38200086 3.71199918 20.39800086 3.71199918 0 P 0
L 19.38200086 4.72799918 20.39800086 4.72799918 0 P 0
L 19.4919981 23.6580045 19.9999981 22.6420045 0 P 0
L 19.4919981 23.6580045 20.5079981 23.6580045 0 P 0
L 19.4919981 25.15800404 19.9999981 24.14200404 0 P 0
L 19.4919981 25.15800404 20.5079981 25.15800404 0 P 0
L 19.4919981 26.65800358 19.9999981 25.64200358 0 P 0
L 19.4919981 26.65800358 20.5079981 26.65800358 0 P 0
L 19.4919981 28.15800312 19.9999981 27.14200312 0 P 0
L 19.4919981 28.15800312 20.5079981 28.15800312 0 P 0
L 19.4919981 29.65800266 19.9999981 28.64200266 0 P 0
L 19.4919981 29.65800266 20.5079981 29.65800266 0 P 0
L 19.4919981 31.1580022 19.9999981 30.1420022 0 P 0
L 19.4919981 31.1580022 20.5079981 31.1580022 0 P 0
L 19.4919981 32.65800174 19.9999981 31.64200174 0 P 0
L 19.4919981 32.65800174 20.5079981 32.65800174 0 P 0
L 19.4919981 34.15800128 19.9999981 33.14200128 0 P 0
L 19.4919981 34.15800128 20.5079981 34.15800128 0 P 0
L 19.4919981 35.65800082 19.9999981 34.64200082 0 P 0
L 19.4919981 35.65800082 20.5079981 35.65800082 0 P 0
L 19.49418504 18.35634124 20.00218504 19.37234124 0 P 0
L 19.79200004 19.38299908 20.30000004 18.36699908 0 P 0
L 19.79200004 19.38299908 20.80800004 19.38299908 0 P 0
L 19.9999981 22.6420045 20.5079981 23.6580045 0 P 0
L 19.9999981 24.14200404 20.5079981 25.15800404 0 P 0
L 19.9999981 25.64200358 20.5079981 26.65800358 0 P 0
L 19.9999981 27.14200312 20.5079981 28.15800312 0 P 0
L 19.9999981 28.64200266 20.5079981 29.65800266 0 P 0
L 19.9999981 30.1420022 20.5079981 31.1580022 0 P 0
L 19.9999981 31.64200174 20.5079981 32.65800174 0 P 0
L 19.9999981 33.14200128 20.5079981 34.15800128 0 P 0
L 19.9999981 34.64200082 20.5079981 35.65800082 0 P 0
L 20.30000004 18.36699908 20.80800004 19.38299908 0 P 0
L 20.39800086 3.71199918 20.39800086 4.72799918 0 P 0
L 20.59200098 19.38299908 21.10000098 18.36699908 0 P 0
L 20.59200098 19.38299908 21.60800098 19.38299908 0 P 0
L 20.74200068 22.15799988 21.25000068 21.14199988 0 P 0
L 20.74200068 22.15799988 21.75800068 22.15799988 0 P 0
L 20.74200068 23.65799942 21.25000068 22.64199942 0 P 0
L 20.74200068 23.65799942 21.75800068 23.65799942 0 P 0
L 20.74200068 25.15799896 21.25000068 24.14199896 0 P 0
L 20.74200068 25.15799896 21.75800068 25.15799896 0 P 0
L 20.74200068 26.65800104 21.25000068 25.64200104 0 P 0
L 20.74200068 26.65800104 21.75800068 26.65800104 0 P 0
L 20.74200068 28.15800058 21.25000068 27.14200058 0 P 0
L 20.74200068 28.15800058 21.75800068 28.15800058 0 P 0
L 20.74200068 29.65800012 21.25000068 28.64200012 0 P 0
L 20.74200068 29.65800012 21.75800068 29.65800012 0 P 0
L 20.74200068 31.15799966 21.25000068 30.14199966 0 P 0
L 20.74200068 31.15799966 21.75800068 31.15799966 0 P 0
L 20.74200068 32.6579992 21.25000068 31.6419992 0 P 0
L 20.74200068 32.6579992 21.75800068 32.6579992 0 P 0
L 20.74200068 34.15800128 21.25000068 33.14200128 0 P 0
L 20.74200068 34.15800128 21.75800068 34.15800128 0 P 0
L 20.74200068 35.65800082 21.25000068 34.64200082 0 P 0
L 20.74200068 35.65800082 21.75800068 35.65800082 0 P 0
L 21.10000098 18.36699908 21.60800098 19.38299908 0 P 0
L 21.25000068 21.14199988 21.75800068 22.15799988 0 P 0
L 21.25000068 22.64199942 21.75800068 23.65799942 0 P 0
L 21.25000068 24.14199896 21.75800068 25.15799896 0 P 0
L 21.25000068 25.64200104 21.75800068 26.65800104 0 P 0
L 21.25000068 27.14200058 21.75800068 28.15800058 0 P 0
L 21.25000068 28.64200012 21.75800068 29.65800012 0 P 0
L 21.25000068 30.14199966 21.75800068 31.15799966 0 P 0
L 21.25000068 31.6419992 21.75800068 32.6579992 0 P 0
L 21.25000068 33.14200128 21.75800068 34.15800128 0 P 0
L 21.25000068 34.64200082 21.75800068 35.65800082 0 P 0
