UNITS=MM
#Layer_Color=16711935
#
#Feature symbol names
#
$0 r49.9999
$1 r99.9998

#
#Feature attribute names
#

#
#Layer features
#
A 3.38900008 2.50000008 3.38900008 2.50000008 2.50000008 2.50000008 0 P 0 N
A 38.3890012 2.50000008 38.3890012 2.50000008 37.5000012 2.50000008 0 P 0 N
L 5.99999816 8.30000118 5.99999816 10.80000126 0 P 0
L 5.99999816 8.30000118 7.1499984 8.30000118 0 P 0
L 5.99999816 10.80000126 10.00000032 10.80000126 0 P 0
L 7.1499984 8.30000118 8.84982736 8.30008754 0 P 0
L 8.84982736 8.30008754 8.85000008 8.30000118 0 P 0
L 8.85000008 8.30000118 10.00000032 8.30000118 0 P 0
L 9.84000064 0.12999974 9.84000064 2.66999974 1 P 0
L 9.84000064 0.12999974 30.16000064 0.12999974 1 P 0
L 9.84000064 2.66999974 30.16000064 2.66999974 1 P 0
L 10.00000032 8.30000118 10.00000032 10.80000126 0 P 0
L 10.75001406 9.57507864 10.75001406 10.37507958 0 P 0
L 10.75001406 9.57507864 11.35000524 9.57507864 0 P 0
L 10.75001406 10.37507958 11.35000524 10.37507958 0 P 0
L 11.35000524 9.57507864 11.35000524 10.37507958 0 P 0
L 12.49999786 7.05000114 12.49999786 7.64999994 0 P 0
L 12.49999786 7.05000114 13.5999982 7.05000114 0 P 0
L 12.49999786 7.64999994 13.5999982 7.64999994 0 P 0
L 12.49999786 12.27499958 12.49999786 12.87499838 0 P 0
L 12.49999786 12.27499958 13.5999982 12.27499958 0 P 0
L 12.49999786 12.87499838 13.5999982 12.87499838 0 P 0
L 12.49999786 13.65000064 12.49999786 14.24999944 0 P 0
L 12.49999786 13.65000064 13.5999982 13.65000064 0 P 0
L 12.49999786 14.24999944 13.5999982 14.24999944 0 P 0
L 12.49999786 14.70000108 12.49999786 15.29999988 0 P 0
L 12.49999786 14.70000108 13.5999982 14.70000108 0 P 0
L 12.49999786 15.29999988 13.5999982 15.29999988 0 P 0
L 12.69999746 8.32499732 12.69999746 11.62499834 0 P 0
L 12.69999746 8.32499732 14.2999968 8.32499732 0 P 0
L 12.69999746 11.62499834 14.2999968 11.62499834 0 P 0
L 13.5999982 7.05000114 13.5999982 7.64999994 0 P 0
L 13.5999982 12.27499958 13.5999982 12.87499838 0 P 0
L 13.5999982 13.65000064 13.5999982 14.24999944 0 P 0
L 13.5999982 14.70000108 13.5999982 15.29999988 0 P 0
L 14.2999968 8.32499732 14.2999968 11.62499834 0 P 0
L 15.10000282 7.90000198 15.10000282 21.90000192 0 P 0
L 15.10000282 7.90000198 24.900001 7.90000198 0 P 0
L 15.10000282 21.90000192 24.900001 21.90000192 0 P 0
L 15.69999908 6.80000164 15.69999908 7.40000044 0 P 0
L 15.69999908 6.80000164 16.79999942 6.80000164 0 P 0
L 15.69999908 7.40000044 16.79999942 7.40000044 0 P 0
L 16.79999942 6.80000164 16.79999942 7.40000044 0 P 0
L 24.900001 7.90000198 24.900001 21.90000192 0 P 0
L 26.89999954 13.40000114 26.89999954 13.99999994 0 P 0
L 26.89999954 13.40000114 27.99999988 13.40000114 0 P 0
L 26.89999954 13.99999994 27.99999988 13.99999994 0 P 0
L 26.89999954 14.50000148 26.89999954 15.10000028 0 P 0
L 26.89999954 14.50000148 27.99999988 14.50000148 0 P 0
L 26.89999954 15.10000028 27.99999988 15.10000028 0 P 0
L 27.99999988 13.40000114 27.99999988 13.99999994 0 P 0
L 27.99999988 14.50000148 27.99999988 15.10000028 0 P 0
L 28.42499776 9.57007992 28.42499776 10.37008086 0 P 0
L 28.42499776 9.57007992 29.02498894 9.57007992 0 P 0
L 28.42499776 10.37008086 29.02498894 10.37008086 0 P 0
L 28.69999848 13.199999 28.69999848 15.29999988 0 P 0
L 28.69999848 13.199999 30.79999936 13.199999 0 P 0
L 28.69999848 15.29999988 30.79999936 15.29999988 0 P 0
L 29.02498894 9.57007992 29.02498894 10.37008086 0 P 0
L 29.99999842 8.30000118 29.99999842 10.80000126 0 P 0
L 29.99999842 8.30000118 34.00000058 8.30000118 0 P 0
L 29.99999842 10.80000126 31.14999866 10.80000126 0 P 0
L 30.16000064 0.12999974 30.16000064 2.66999974 1 P 0
L 30.79999936 13.199999 30.79999936 15.29999988 0 P 0
L 31.14999866 10.80000126 31.15017138 10.7999149 0 P 0
L 31.15017138 10.7999149 32.85000034 10.80000126 0 P 0
L 31.5000005 14.50000148 31.5000005 15.10000028 0 P 0
L 31.5000005 14.50000148 32.60000084 14.50000148 0 P 0
L 31.5000005 15.10000028 32.60000084 15.10000028 0 P 0
L 32.60000084 14.50000148 32.60000084 15.10000028 0 P 0
L 32.85000034 10.80000126 34.00000058 10.80000126 0 P 0
L 34.00000058 8.30000118 34.00000058 10.80000126 0 P 0
