UNITS=MM
#Layer_Color=32768
#
#Feature symbol names
#
$0 r49.9999
$1 r99.9998

#
#Feature attribute names
#
@0 .nomenclature
@1 .string
@2 .string_angle

#
#Feature attribute text strings
#
&0 U1

#
#Layer features
#
L 5.69999876 8.15000148 5.69999876 10.92500228 0 P 0
L 5.69999876 8.15000148 10.29999972 8.15000148 0 P 0
L 5.69999876 10.92500228 10.29999972 10.92500228 0 P 0
L 7.50000024 9.55000122 8.49999824 9.55000122 0 P 0
L 7.99999924 9.05000222 7.99999924 10.05000022 0 P 0
L 9.49000134 -6.07000056 9.49000134 5.1949985 0 P 0
L 9.49000134 -6.07000056 30.50999994 -6.07000056 0 P 0
L 9.49000134 5.1949985 30.50999994 5.1949985 0 P 0
L 10.29999972 8.15000148 10.29999972 10.92500228 0 P 0
L 10.65000156 9.22499806 10.65000156 10.67500024 0 P 0
L 10.65000156 9.22499806 11.44999996 9.22499806 0 P 0
L 10.65000156 10.67500024 11.44999996 10.67500024 0 P 0
L 10.7749594 9.9749991 11.3749582 9.9749991 0 P 0
L 11.05000076 9.6749997 11.05000076 10.29999972 0 P 0
L 11.44999996 9.22499806 11.44999996 10.67500024 0 P 0
L 16.54998468 12.95000204 16.54998468 22.04999908 0 P 0
L 16.54998468 12.95000204 23.45000136 12.95000204 0 P 0
L 16.54998468 22.05000416 23.45000136 22.05000416 0 P 0
L 19.50000164 1.39999974 20.49999964 1.39999974 0 P 0
L 19.50000164 17.52499924 20.49999964 17.52499924 0 P 0
L 20.00000064 0.90000074 20.00000064 1.89999874 0 P 0
L 20.00000064 17.02500024 20.00000064 18.02499824 0 P 0
L 20.10000044 17.79161288 20.26661428 17.62499904 1 P 0 ;0,1=0,2=0.000000
L 20.10000044 18.624677 20.10000044 17.79161288 1 P 0 ;0,1=0,2=0.000000
L 20.26661428 17.62499904 20.59983942 17.62499904 1 P 0 ;0,1=0,2=0.000000
L 20.57499822 10.92499974 20.57499822 12.7999998 0 P 0
L 20.57499822 10.92499974 24.57500038 10.92499974 0 P 0
L 20.57499822 12.7999998 24.57500038 12.7999998 0 P 0
L 20.59983942 17.62499904 20.76645072 17.79161288 1 P 0 ;0,1=0,2=0.000000
L 20.70000178 9.52500254 20.70000178 10.52500054 0 P 0
L 20.70000178 9.52500254 22.60000052 9.52500254 0 P 0
L 20.70000178 10.52500054 22.60000052 10.52500054 0 P 0
L 20.76645072 17.79161288 20.76645072 18.624677 1 P 0 ;0,1=0,2=0.000000
L 21.0996784 17.62499904 21.43290354 17.62499904 1 P 0 ;0,1=0,2=0.000000
L 21.26629224 17.62499904 21.26629224 18.624677 1 P 0 ;0,1=0,2=0.000000
L 21.26629224 18.624677 21.0996784 18.45806316 1 P 0 ;0,1=0,2=0.000000
L 21.35000048 10.02500154 21.95000182 10.02500154 0 P 0
L 21.43290354 17.62499904 21.26629224 17.62499904 1 P 0 ;0,1=0,2=0.000000
L 21.64999988 9.72500214 21.64999988 10.32500094 0 P 0
L 22.07499776 11.87500038 23.0749983 11.87500038 0 P 0
L 22.5749993 9.52500254 22.5749993 10.52500054 0 P 0
L 22.5749993 9.52500254 24.47499804 9.52500254 0 P 0
L 22.5749993 10.52500054 24.47499804 10.52500054 0 P 0
L 22.5749993 11.37500138 22.5749993 12.37500192 0 P 0
L 22.60000052 9.52500254 22.60000052 10.52500054 0 P 0
L 23.224998 10.02500154 23.82499934 10.02500154 0 P 0
L 23.44998358 12.95000204 23.44998358 22.05000416 0 P 0
L 23.45000136 13.60000074 23.45000136 14.59999874 0 P 0
L 23.45000136 13.60000074 25.3500001 13.60000074 0 P 0
L 23.45000136 14.59999874 25.3500001 14.59999874 0 P 0
L 23.52499994 9.72500214 23.52499994 10.32500094 0 P 0
L 24.10000006 14.09999974 24.7000014 14.09999974 0 P 0
L 24.39999946 13.80000034 24.39999946 14.39999914 0 P 0
L 24.47499804 9.52500254 24.47499804 10.52500054 0 P 0
L 24.57500038 10.92499974 24.57500038 12.7999998 0 P 0
L 25.3500001 13.60000074 25.3500001 14.59999874 0 P 0
L 26.65000004 13.2999988 26.65000004 14.09999974 0 P 0
L 26.65000004 13.2999988 28.25000192 13.2999988 0 P 0
L 26.65000004 14.09999974 28.25000192 14.09999974 0 P 0
L 26.65000004 14.39999914 26.65000004 15.20000008 0 P 0
L 26.65000004 14.39999914 28.25000192 14.39999914 0 P 0
L 26.65000004 15.20000008 28.25000192 15.20000008 0 P 0
L 27.15000158 13.70000054 27.75000038 13.70000054 0 P 0
L 27.15000158 14.80000088 27.75000038 14.80000088 0 P 0
L 27.45000098 13.40000114 27.45000098 13.99999994 0 P 0
L 27.45000098 14.50000148 27.45000098 15.10000028 0 P 0
L 28.24999938 13.0499993 28.24999938 15.44999958 0 P 0
L 28.24999938 13.0499993 31.24999846 13.0499993 0 P 0
L 28.24999938 15.44999958 31.24999846 15.44999958 0 P 0
L 28.25000192 13.2999988 28.25000192 14.09999974 0 P 0
L 28.25000192 14.39999914 28.25000192 15.20000008 0 P 0
L 28.32498526 9.21999934 28.32498526 10.67000152 0 P 0
L 28.32498526 9.21999934 29.12498366 9.21999934 0 P 0
L 28.32498526 10.67000152 29.12498366 10.67000152 0 P 0
L 28.4499431 9.97000038 29.0499419 9.97000038 0 P 0
L 28.72498446 9.67000098 28.72498446 10.295001 0 P 0
L 29.12498366 9.21999934 29.12498366 10.67000152 0 P 0
L 29.24999992 14.24999944 30.24999792 14.24999944 0 P 0
L 29.69999902 8.17500016 29.69999902 10.95000096 0 P 0
L 29.69999902 8.17500016 34.29999998 8.17500016 0 P 0
L 29.69999902 10.95000096 34.29999998 10.95000096 0 P 0
L 29.74999892 13.75000044 29.74999892 14.74999844 0 P 0
L 30.50999994 -6.07000056 30.50999994 5.1949985 0 P 0
L 31.24999846 13.0499993 31.24999846 15.44999958 0 P 0
L 31.24999846 14.40000168 31.24999846 15.20000262 0 P 0
L 31.24999846 14.40000168 32.85000034 14.40000168 0 P 0
L 31.24999846 15.20000262 32.85000034 15.20000262 0 P 0
L 31.5000005 9.55000122 32.4999985 9.55000122 0 P 0
L 31.75 14.80000088 32.3499988 14.80000088 0 P 0
L 31.9999995 9.05000222 31.9999995 10.05000022 0 P 0
L 32.0499994 14.50000148 32.0499994 15.10000028 0 P 0
L 32.85000034 14.40000168 32.85000034 15.20000262 0 P 0
L 34.29999998 8.17500016 34.29999998 10.95000096 0 P 0
