UNITS=MM
#Layer_Color=9474304
#
#Feature symbol names
#
$0 r127

#
#Feature attribute names
#

#
#Layer features
#
L 0.65000124 4.70000584 0.95000064 4.70000584 0 P 0
L 0.65000124 6.20000538 0.95000064 6.20000538 0 P 0
L 0.65000124 7.70000492 0.95000064 7.70000492 0 P 0
L 0.65000124 9.20000446 0.95000064 9.20000446 0 P 0
L 0.65000124 10.700004 0.95000064 10.700004 0 P 0
L 0.65000124 12.20000354 0.95000064 12.20000354 0 P 0
L 0.65000124 16.70000216 0.95000064 16.70000216 0 P 0
L 0.65000124 18.2000017 0.95000064 18.2000017 0 P 0
L 0.65000124 19.70000124 0.95000064 19.70000124 0 P 0
L 0.65000124 21.20000078 0.95000064 21.20000078 0 P 0
L 0.80000094 4.55000614 0.80000094 4.85000554 0 P 0
L 0.80000094 6.05000568 0.80000094 6.35000508 0 P 0
L 0.80000094 7.55000522 0.80000094 7.85000462 0 P 0
L 0.80000094 9.05000476 0.80000094 9.35000416 0 P 0
L 0.80000094 10.5500043 0.80000094 10.8500037 0 P 0
L 0.80000094 12.05000384 0.80000094 12.35000324 0 P 0
L 0.80000094 16.55000246 0.80000094 16.85000186 0 P 0
L 0.80000094 18.050002 0.80000094 18.3500014 0 P 0
L 0.80000094 19.55000154 0.80000094 19.85000094 0 P 0
L 0.80000094 21.05000108 0.80000094 21.35000048 0 P 0
L 1.58650178 9.82000068 2.58150106 9.82000068 0 P 0
L 1.60000188 2.50000008 3.39999828 2.50000008 0 P 0
L 1.7296003 14.6558 2.0295997 14.6558 0 P 0
L 1.8796 14.5058003 1.8796 14.8057997 0 P 0
L 2.08400142 9.32250104 2.08400142 10.31750032 0 P 0
L 2.15000078 4.70000584 2.45000018 4.70000584 0 P 0
L 2.15000078 6.20000538 2.45000018 6.20000538 0 P 0
L 2.15000078 7.70000492 2.45000018 7.70000492 0 P 0
L 2.15000078 16.70000216 2.45000018 16.70000216 0 P 0
L 2.15000078 18.2000017 2.45000018 18.2000017 0 P 0
L 2.15000078 19.70000124 2.45000018 19.70000124 0 P 0
L 2.15000078 21.20000078 2.45000018 21.20000078 0 P 0
L 2.30000048 4.55000614 2.30000048 4.85000554 0 P 0
L 2.30000048 6.05000568 2.30000048 6.35000508 0 P 0
L 2.30000048 7.55000522 2.30000048 7.85000462 0 P 0
L 2.30000048 16.55000246 2.30000048 16.85000186 0 P 0
L 2.30000048 18.050002 2.30000048 18.3500014 0 P 0
L 2.30000048 19.55000154 2.30000048 19.85000094 0 P 0
L 2.30000048 21.05000108 2.30000048 21.35000048 0 P 0
L 2.50000008 1.60000188 2.50000008 3.39999828 0 P 0
L 2.60250178 14.90000068 3.59750106 14.90000068 0 P 0
L 3.10000142 14.40250104 3.10000142 15.39750032 0 P 0
L 3.61850178 9.82000068 4.61350106 9.82000068 0 P 0
L 3.65000032 4.70000584 3.94999972 4.70000584 0 P 0
L 3.65000032 6.20000538 3.94999972 6.20000538 0 P 0
L 3.65000032 7.70000492 3.94999972 7.70000492 0 P 0
L 3.65000032 16.70000216 3.94999972 16.70000216 0 P 0
L 3.65000032 18.2000017 3.94999972 18.2000017 0 P 0
L 3.65000032 19.70000124 3.94999972 19.70000124 0 P 0
L 3.65000032 21.20000078 3.94999972 21.20000078 0 P 0
L 3.80000002 4.55000614 3.80000002 4.85000554 0 P 0
L 3.80000002 6.05000568 3.80000002 6.35000508 0 P 0
L 3.80000002 7.55000522 3.80000002 7.85000462 0 P 0
L 3.80000002 16.55000246 3.80000002 16.85000186 0 P 0
L 3.80000002 18.050002 3.80000002 18.3500014 0 P 0
L 3.80000002 19.55000154 3.80000002 19.85000094 0 P 0
L 3.80000002 21.05000108 3.80000002 21.35000048 0 P 0
L 4.11600142 9.32250104 4.11600142 10.31750032 0 P 0
L 4.62000092 12.36000068 4.92000032 12.36000068 0 P 0
L 4.65000086 13.60000074 4.95000026 13.60000074 0 P 0
L 4.77000062 12.21000098 4.77000062 12.51000038 0 P 0
L 4.80000056 13.45000104 4.80000056 13.75000044 0 P 0
L 5.11234944 2.02224386 5.41234884 2.02224386 0 P 0
L 5.14999986 0.80000094 5.44999926 0.80000094 0 P 0
L 5.14999986 3.2000063 5.44999926 3.2000063 0 P 0
L 5.14999986 4.70000584 5.44999926 4.70000584 0 P 0
L 5.14999986 6.20000538 5.44999926 6.20000538 0 P 0
L 5.14999986 7.70000492 5.44999926 7.70000492 0 P 0
L 5.14999986 9.20000446 5.44999926 9.20000446 0 P 0
L 5.14999986 15.20000262 5.44999926 15.20000262 0 P 0
L 5.14999986 16.70000216 5.44999926 16.70000216 0 P 0
L 5.14999986 18.2000017 5.44999926 18.2000017 0 P 0
L 5.14999986 19.70000124 5.44999926 19.70000124 0 P 0
L 5.14999986 21.20000078 5.44999926 21.20000078 0 P 0
L 5.26234914 1.87224416 5.26234914 2.17224356 0 P 0
L 5.29999956 0.65000124 5.29999956 0.95000064 0 P 0
L 5.29999956 3.0500066 5.29999956 3.350006 0 P 0
L 5.29999956 4.55000614 5.29999956 4.85000554 0 P 0
L 5.29999956 6.05000568 5.29999956 6.35000508 0 P 0
L 5.29999956 7.55000522 5.29999956 7.85000462 0 P 0
L 5.29999956 9.05000476 5.29999956 9.35000416 0 P 0
L 5.29999956 15.05000292 5.29999956 15.35000232 0 P 0
L 5.29999956 16.55000246 5.29999956 16.85000186 0 P 0
L 5.29999956 18.050002 5.29999956 18.3500014 0 P 0
L 5.29999956 19.55000154 5.29999956 19.85000094 0 P 0
L 5.29999956 21.05000108 5.29999956 21.35000048 0 P 0
L 6.61234898 2.02224386 6.91234838 2.02224386 0 P 0
L 6.6499994 0.80000094 6.9499988 0.80000094 0 P 0
L 6.6499994 3.2000063 6.9499988 3.2000063 0 P 0
L 6.6499994 4.70000584 6.9499988 4.70000584 0 P 0
L 6.6499994 6.20000538 6.9499988 6.20000538 0 P 0
L 6.6499994 7.70000492 6.9499988 7.70000492 0 P 0
L 6.6499994 10.700004 6.9499988 10.700004 0 P 0
L 6.6499994 12.20000354 6.9499988 12.20000354 0 P 0
L 6.6499994 16.70000216 6.9499988 16.70000216 0 P 0
L 6.6499994 18.2000017 6.9499988 18.2000017 0 P 0
L 6.6499994 19.70000124 6.9499988 19.70000124 0 P 0
L 6.6499994 21.20000078 6.9499988 21.20000078 0 P 0
L 6.76234868 1.87224416 6.76234868 2.17224356 0 P 0
L 6.7999991 0.65000124 6.7999991 0.95000064 0 P 0
L 6.7999991 3.0500066 6.7999991 3.350006 0 P 0
L 6.7999991 4.55000614 6.7999991 4.85000554 0 P 0
L 6.7999991 6.05000568 6.7999991 6.35000508 0 P 0
L 6.7999991 7.55000522 6.7999991 7.85000462 0 P 0
L 6.7999991 10.5500043 6.7999991 10.8500037 0 P 0
L 6.7999991 12.05000384 6.7999991 12.35000324 0 P 0
L 6.7999991 16.55000246 6.7999991 16.85000186 0 P 0
L 6.7999991 18.050002 6.7999991 18.3500014 0 P 0
L 6.7999991 19.55000154 6.7999991 19.85000094 0 P 0
L 6.7999991 21.05000108 6.7999991 21.35000048 0 P 0
L 8.11235106 2.02224386 8.41235046 2.02224386 0 P 0
L 8.14999894 3.2000063 8.44999834 3.2000063 0 P 0
L 8.14999894 9.20000446 8.44999834 9.20000446 0 P 0
L 8.14999894 12.20000354 8.44999834 12.20000354 0 P 0
L 8.14999894 13.70000308 8.44999834 13.70000308 0 P 0
L 8.14999894 18.2000017 8.44999834 18.2000017 0 P 0
L 8.14999894 19.70000124 8.44999834 19.70000124 0 P 0
L 8.14999894 21.20000078 8.44999834 21.20000078 0 P 0
L 8.15000148 0.80000094 8.45000088 0.80000094 0 P 0
L 8.15000148 16.89999922 8.45000088 16.89999922 0 P 0
L 8.26235076 1.87224416 8.26235076 2.17224356 0 P 0
L 8.29999864 3.0500066 8.29999864 3.350006 0 P 0
L 8.29999864 9.05000476 8.29999864 9.35000416 0 P 0
L 8.29999864 12.05000384 8.29999864 12.35000324 0 P 0
L 8.29999864 13.55000338 8.29999864 13.85000278 0 P 0
L 8.29999864 18.050002 8.29999864 18.3500014 0 P 0
L 8.29999864 19.55000154 8.29999864 19.85000094 0 P 0
L 8.29999864 21.05000108 8.29999864 21.35000048 0 P 0
L 8.30000118 0.65000124 8.30000118 0.95000064 0 P 0
L 8.30000118 16.74999952 8.30000118 17.04999892 0 P 0
L 9.6123506 2.02224386 9.91235 2.02224386 0 P 0
L 9.64999848 4.70000584 9.94999788 4.70000584 0 P 0
L 9.64999848 6.20000538 9.94999788 6.20000538 0 P 0
L 9.64999848 7.70000492 9.94999788 7.70000492 0 P 0
L 9.64999848 9.20000446 9.94999788 9.20000446 0 P 0
L 9.64999848 12.20000354 9.94999788 12.20000354 0 P 0
L 9.64999848 13.70000308 9.94999788 13.70000308 0 P 0
L 9.64999848 18.2000017 9.94999788 18.2000017 0 P 0
L 9.64999848 19.70000124 9.94999788 19.70000124 0 P 0
L 9.64999848 21.20000078 9.94999788 21.20000078 0 P 0
L 9.65000102 0.80000094 9.95000042 0.80000094 0 P 0
L 9.65000102 16.89999922 9.95000042 16.89999922 0 P 0
L 9.7623503 1.87224416 9.7623503 2.17224356 0 P 0
L 9.79999818 4.55000614 9.79999818 4.85000554 0 P 0
L 9.79999818 6.05000568 9.79999818 6.35000508 0 P 0
L 9.79999818 7.55000522 9.79999818 7.85000462 0 P 0
L 9.79999818 9.05000476 9.79999818 9.35000416 0 P 0
L 9.79999818 12.05000384 9.79999818 12.35000324 0 P 0
L 9.79999818 13.55000338 9.79999818 13.85000278 0 P 0
L 9.79999818 18.050002 9.79999818 18.3500014 0 P 0
L 9.79999818 19.55000154 9.79999818 19.85000094 0 P 0
L 9.79999818 21.05000108 9.79999818 21.35000048 0 P 0
L 9.80000072 0.65000124 9.80000072 0.95000064 0 P 0
L 9.80000072 16.74999952 9.80000072 17.04999892 0 P 0
L 10.56000174 4.16999928 11.65999954 4.16999928 0 P 0
L 11.0260003 11.2268 11.3259997 11.2268 0 P 0
L 11.11000064 3.62000038 11.11000064 4.71999818 0 P 0
L 11.14999802 6.20000538 11.44999742 6.20000538 0 P 0
L 11.14999802 7.70000492 11.44999742 7.70000492 0 P 0
L 11.14999802 9.20000446 11.44999742 9.20000446 0 P 0
L 11.14999802 12.20000354 11.44999742 12.20000354 0 P 0
L 11.14999802 13.70000308 11.44999742 13.70000308 0 P 0
L 11.14999802 18.2000017 11.44999742 18.2000017 0 P 0
L 11.14999802 19.70000124 11.44999742 19.70000124 0 P 0
L 11.14999802 21.20000078 11.44999742 21.20000078 0 P 0
L 11.15000056 0.80000094 11.44999996 0.80000094 0 P 0
L 11.15000056 16.89999922 11.44999996 16.89999922 0 P 0
L 11.176 11.0768003 11.176 11.3767997 0 P 0
L 11.29999772 6.05000568 11.29999772 6.35000508 0 P 0
L 11.29999772 7.55000522 11.29999772 7.85000462 0 P 0
L 11.29999772 9.05000476 11.29999772 9.35000416 0 P 0
L 11.29999772 12.05000384 11.29999772 12.35000324 0 P 0
L 11.29999772 13.55000338 11.29999772 13.85000278 0 P 0
L 11.29999772 18.050002 11.29999772 18.3500014 0 P 0
L 11.29999772 19.55000154 11.29999772 19.85000094 0 P 0
L 11.29999772 21.05000108 11.29999772 21.35000048 0 P 0
L 11.30000026 0.65000124 11.30000026 0.95000064 0 P 0
L 11.30000026 16.74999952 11.30000026 17.04999892 0 P 0
L 12.64999756 3.2000063 12.94999696 3.2000063 0 P 0
L 12.64999756 6.20000538 12.94999696 6.20000538 0 P 0
L 12.64999756 7.70000492 12.94999696 7.70000492 0 P 0
L 12.64999756 10.700004 12.94999696 10.700004 0 P 0
L 12.64999756 12.20000354 12.94999696 12.20000354 0 P 0
L 12.64999756 13.70000308 12.94999696 13.70000308 0 P 0
L 12.64999756 18.2000017 12.94999696 18.2000017 0 P 0
L 12.64999756 19.70000124 12.94999696 19.70000124 0 P 0
L 12.64999756 21.20000078 12.94999696 21.20000078 0 P 0
L 12.6500001 0.80000094 12.9499995 0.80000094 0 P 0
L 12.6500001 16.89999922 12.9499995 16.89999922 0 P 0
L 12.79999726 3.0500066 12.79999726 3.350006 0 P 0
L 12.79999726 6.05000568 12.79999726 6.35000508 0 P 0
L 12.79999726 7.55000522 12.79999726 7.85000462 0 P 0
L 12.79999726 10.5500043 12.79999726 10.8500037 0 P 0
L 12.79999726 12.05000384 12.79999726 12.35000324 0 P 0
L 12.79999726 13.55000338 12.79999726 13.85000278 0 P 0
L 12.79999726 18.050002 12.79999726 18.3500014 0 P 0
L 12.79999726 19.55000154 12.79999726 19.85000094 0 P 0
L 12.79999726 21.05000108 12.79999726 21.35000048 0 P 0
L 12.7999998 0.65000124 12.7999998 0.95000064 0 P 0
L 12.7999998 16.74999952 12.7999998 17.04999892 0 P 0
L 13.10000174 4.16999928 14.19999954 4.16999928 0 P 0
L 13.65000064 3.62000038 13.65000064 4.71999818 0 P 0
L 14.1499971 13.70000308 14.4499965 13.70000308 0 P 0
L 14.1499971 18.2000017 14.4499965 18.2000017 0 P 0
L 14.1499971 19.70000124 14.4499965 19.70000124 0 P 0
L 14.1499971 21.20000078 14.4499965 21.20000078 0 P 0
L 14.14999964 0.80000094 14.44999904 0.80000094 0 P 0
L 14.14999964 16.89999922 14.44999904 16.89999922 0 P 0
L 14.2999968 13.55000338 14.2999968 13.85000278 0 P 0
L 14.2999968 18.050002 14.2999968 18.3500014 0 P 0
L 14.2999968 19.55000154 14.2999968 19.85000094 0 P 0
L 14.2999968 21.05000108 14.2999968 21.35000048 0 P 0
L 14.29999934 0.65000124 14.29999934 0.95000064 0 P 0
L 14.29999934 16.74999952 14.29999934 17.04999892 0 P 0
L 14.75000098 7.99999924 15.05000038 7.99999924 0 P 0
L 14.90000068 7.84999954 14.90000068 8.14999894 0 P 0
L 15.44999958 6.6999993 15.74999898 6.6999993 0 P 0
L 15.44999958 19.90000084 15.74999898 19.90000084 0 P 0
L 15.59999928 6.5499996 15.59999928 6.849999 0 P 0
L 15.59999928 19.75000114 15.59999928 20.05000054 0 P 0
L 15.64000174 4.16999928 16.73999954 4.16999928 0 P 0
L 15.65000172 0.80000094 15.95000112 0.80000094 0 P 0
L 15.80000142 0.65000124 15.80000142 0.95000064 0 P 0
L 16.19000064 3.62000038 16.19000064 4.71999818 0 P 0
L 16.94999912 8.80000018 17.24999852 8.80000018 0 P 0
L 17.09999882 8.65000048 17.09999882 8.94999988 0 P 0
L 17.15000126 0.80000094 17.45000066 0.80000094 0 P 0
L 17.30000096 0.65000124 17.30000096 0.95000064 0 P 0
L 18.14999926 11.49999986 18.44999866 11.49999986 0 P 0
L 18.14999926 13.70000054 18.44999866 13.70000054 0 P 0
L 18.14999926 16.30000042 18.44999866 16.30000042 0 P 0
L 18.18000174 4.16999928 19.27999954 4.16999928 0 P 0
L 18.29999896 11.35000016 18.29999896 11.64999956 0 P 0
L 18.29999896 13.55000084 18.29999896 13.85000024 0 P 0
L 18.29999896 16.15000072 18.29999896 16.45000012 0 P 0
L 18.6500008 0.80000094 18.9500002 0.80000094 0 P 0
L 18.73000064 3.62000038 18.73000064 4.71999818 0 P 0
L 18.8000005 0.65000124 18.8000005 0.95000064 0 P 0
L 18.8500004 16.59999982 19.1499998 16.59999982 0 P 0
L 19.0000001 16.45000012 19.0000001 16.74999952 0 P 0
L 20.15000034 0.80000094 20.44999974 0.80000094 0 P 0
L 20.30000004 0.65000124 20.30000004 0.95000064 0 P 0
L 20.72000174 4.16999928 21.81999954 4.16999928 0 P 0
L 20.85000148 16.59999982 21.15000088 16.59999982 0 P 0
L 21.00000118 16.45000012 21.00000118 16.74999952 0 P 0
L 21.27000064 3.62000038 21.27000064 4.71999818 0 P 0
L 21.55000008 11.49999986 21.84999948 11.49999986 0 P 0
L 21.55000008 16.40000022 21.84999948 16.40000022 0 P 0
L 21.6499948 13.70000308 21.9499942 13.70000308 0 P 0
L 21.64999988 0.80000094 21.94999928 0.80000094 0 P 0
L 21.69999978 11.35000016 21.69999978 11.64999956 0 P 0
L 21.69999978 16.25000052 21.69999978 16.54999992 0 P 0
L 21.7999945 13.55000338 21.7999945 13.85000278 0 P 0
L 21.79999958 0.65000124 21.79999958 0.95000064 0 P 0
L 22.75000022 8.80000018 23.04999962 8.80000018 0 P 0
L 22.89999992 8.65000048 22.89999992 8.94999988 0 P 0
L 23.15000196 0.80000094 23.45000136 0.80000094 0 P 0
L 23.26000174 4.16999928 24.35999954 4.16999928 0 P 0
L 23.30000166 0.65000124 23.30000166 0.95000064 0 P 0
L 23.81000064 3.62000038 23.81000064 4.71999818 0 P 0
L 24.64999388 3.2000063 24.94999328 3.2000063 0 P 0
L 24.64999388 19.70000124 24.94999328 19.70000124 0 P 0
L 24.6500015 0.80000094 24.9500009 0.80000094 0 P 0
L 24.79999358 3.0500066 24.79999358 3.350006 0 P 0
L 24.79999358 19.55000154 24.79999358 19.85000094 0 P 0
L 24.8000012 0.65000124 24.8000012 0.95000064 0 P 0
L 25.1500005 21.20000078 25.4499999 21.20000078 0 P 0
L 25.2443234 12.70567436 25.5443228 12.70567436 0 P 0
L 25.3000002 21.05000108 25.3000002 21.35000048 0 P 0
L 25.3943231 12.55567466 25.3943231 12.85567406 0 P 0
L 25.80000174 4.16999928 26.89999954 4.16999928 0 P 0
L 26.14999342 19.70000124 26.44999282 19.70000124 0 P 0
L 26.14999342 21.20000078 26.44999282 21.20000078 0 P 0
L 26.15000104 0.80000094 26.45000044 0.80000094 0 P 0
L 26.29999312 19.55000154 26.29999312 19.85000094 0 P 0
L 26.29999312 21.05000108 26.29999312 21.35000048 0 P 0
L 26.30000074 0.65000124 26.30000074 0.95000064 0 P 0
L 26.35000064 3.62000038 26.35000064 4.71999818 0 P 0
L 26.45000044 10.19999992 26.74999984 10.19999992 0 P 0
L 26.60000014 10.05000022 26.60000014 10.34999962 0 P 0
L 27.61235016 2.02224386 27.91234956 2.02224386 0 P 0
L 27.64999296 16.70000216 27.94999236 16.70000216 0 P 0
L 27.64999296 18.2000017 27.94999236 18.2000017 0 P 0
L 27.64999296 19.70000124 27.94999236 19.70000124 0 P 0
L 27.64999296 21.20000078 27.94999236 21.20000078 0 P 0
L 27.65000058 0.80000094 27.94999998 0.80000094 0 P 0
L 27.76234986 1.87224416 27.76234986 2.17224356 0 P 0
L 27.79999266 16.55000246 27.79999266 16.85000186 0 P 0
L 27.79999266 18.050002 27.79999266 18.3500014 0 P 0
L 27.79999266 19.55000154 27.79999266 19.85000094 0 P 0
L 27.79999266 21.05000108 27.79999266 21.35000048 0 P 0
L 27.80000028 0.65000124 27.80000028 0.95000064 0 P 0
L 28.34000174 4.16999928 29.43999954 4.16999928 0 P 0
L 28.55000132 9.19999938 28.85000072 9.19999938 0 P 0
L 28.55000132 10.69999892 28.85000072 10.69999892 0 P 0
L 28.55000132 12.200001 28.85000072 12.200001 0 P 0
L 28.70000102 9.04999968 28.70000102 9.34999908 0 P 0
L 28.70000102 10.54999922 28.70000102 10.84999862 0 P 0
L 28.70000102 12.0500013 28.70000102 12.3500007 0 P 0
L 28.89000064 3.62000038 28.89000064 4.71999818 0 P 0
L 28.95000052 7.30000064 29.24999992 7.30000064 0 P 0
L 29.10000022 7.15000094 29.10000022 7.45000034 0 P 0
L 29.1123497 2.02224386 29.4123491 2.02224386 0 P 0
L 29.1499925 16.70000216 29.4499919 16.70000216 0 P 0
L 29.1499925 18.2000017 29.4499919 18.2000017 0 P 0
L 29.1499925 19.70000124 29.4499919 19.70000124 0 P 0
L 29.1499925 21.20000078 29.4499919 21.20000078 0 P 0
L 29.15000012 0.80000094 29.44999952 0.80000094 0 P 0
L 29.2623494 1.87224416 29.2623494 2.17224356 0 P 0
L 29.2999922 16.55000246 29.2999922 16.85000186 0 P 0
L 29.2999922 18.050002 29.2999922 18.3500014 0 P 0
L 29.2999922 19.55000154 29.2999922 19.85000094 0 P 0
L 29.2999922 21.05000108 29.2999922 21.35000048 0 P 0
L 29.29999982 0.65000124 29.29999982 0.95000064 0 P 0
L 29.64999912 15.39999968 29.94999852 15.39999968 0 P 0
L 29.79999882 15.24999998 29.79999882 15.54999938 0 P 0
L 30.45000006 6.5999995 30.74999946 6.5999995 0 P 0
L 30.59999976 6.4499998 30.59999976 6.7499992 0 P 0
L 30.61234924 2.02224386 30.91234864 2.02224386 0 P 0
L 30.64999204 3.2000063 30.94999144 3.2000063 0 P 0
L 30.64999204 4.70000584 30.94999144 4.70000584 0 P 0
L 30.64999204 16.70000216 30.94999144 16.70000216 0 P 0
L 30.64999204 18.2000017 30.94999144 18.2000017 0 P 0
L 30.64999204 19.70000124 30.94999144 19.70000124 0 P 0
L 30.64999204 21.20000078 30.94999144 21.20000078 0 P 0
L 30.6500022 0.80000094 30.9500016 0.80000094 0 P 0
L 30.76234894 1.87224416 30.76234894 2.17224356 0 P 0
L 30.79999174 3.0500066 30.79999174 3.350006 0 P 0
L 30.79999174 4.55000614 30.79999174 4.85000554 0 P 0
L 30.79999174 16.55000246 30.79999174 16.85000186 0 P 0
L 30.79999174 18.050002 30.79999174 18.3500014 0 P 0
L 30.79999174 19.55000154 30.79999174 19.85000094 0 P 0
L 30.79999174 21.05000108 30.79999174 21.35000048 0 P 0
L 30.8000019 0.65000124 30.8000019 0.95000064 0 P 0
L 30.84999926 15.00000048 31.14999866 15.00000048 0 P 0
L 30.99999896 14.85000078 30.99999896 15.15000018 0 P 0
L 31.0500014 9.19999938 31.3500008 9.19999938 0 P 0
L 31.2000011 9.04999968 31.2000011 9.34999908 0 P 0
L 31.9499996 15.90000122 32.249999 15.90000122 0 P 0
L 32.0999993 15.75000152 32.0999993 16.05000092 0 P 0
L 32.14999158 3.2000063 32.44999098 3.2000063 0 P 0
L 32.14999158 4.70000584 32.44999098 4.70000584 0 P 0
L 32.14999158 6.20000538 32.44999098 6.20000538 0 P 0
L 32.14999158 7.70000492 32.44999098 7.70000492 0 P 0
L 32.14999158 9.20000446 32.44999098 9.20000446 0 P 0
L 32.14999158 12.20000354 32.44999098 12.20000354 0 P 0
L 32.14999158 18.2000017 32.44999098 18.2000017 0 P 0
L 32.14999158 19.70000124 32.44999098 19.70000124 0 P 0
L 32.14999158 21.20000078 32.44999098 21.20000078 0 P 0
L 32.29999128 3.0500066 32.29999128 3.350006 0 P 0
L 32.29999128 4.55000614 32.29999128 4.85000554 0 P 0
L 32.29999128 6.05000568 32.29999128 6.35000508 0 P 0
L 32.29999128 7.55000522 32.29999128 7.85000462 0 P 0
L 32.29999128 9.05000476 32.29999128 9.35000416 0 P 0
L 32.29999128 12.05000384 32.29999128 12.35000324 0 P 0
L 32.29999128 18.050002 32.29999128 18.3500014 0 P 0
L 32.29999128 19.55000154 32.29999128 19.85000094 0 P 0
L 32.29999128 21.05000108 32.29999128 21.35000048 0 P 0
L 33.64999112 3.2000063 33.94999052 3.2000063 0 P 0
L 33.64999112 4.70000584 33.94999052 4.70000584 0 P 0
L 33.64999112 6.20000538 33.94999052 6.20000538 0 P 0
L 33.64999112 7.70000492 33.94999052 7.70000492 0 P 0
L 33.64999112 9.20000446 33.94999052 9.20000446 0 P 0
L 33.64999112 12.20000354 33.94999052 12.20000354 0 P 0
L 33.64999112 18.2000017 33.94999052 18.2000017 0 P 0
L 33.64999112 19.70000124 33.94999052 19.70000124 0 P 0
L 33.64999112 21.20000078 33.94999052 21.20000078 0 P 0
L 33.79999082 3.0500066 33.79999082 3.350006 0 P 0
L 33.79999082 4.55000614 33.79999082 4.85000554 0 P 0
L 33.79999082 6.05000568 33.79999082 6.35000508 0 P 0
L 33.79999082 7.55000522 33.79999082 7.85000462 0 P 0
L 33.79999082 9.05000476 33.79999082 9.35000416 0 P 0
L 33.79999082 12.05000384 33.79999082 12.35000324 0 P 0
L 33.79999082 18.050002 33.79999082 18.3500014 0 P 0
L 33.79999082 19.55000154 33.79999082 19.85000094 0 P 0
L 33.79999082 21.05000108 33.79999082 21.35000048 0 P 0
L 35.14999066 3.2000063 35.44999006 3.2000063 0 P 0
L 35.14999066 4.70000584 35.44999006 4.70000584 0 P 0
L 35.14999066 6.20000538 35.44999006 6.20000538 0 P 0
L 35.14999066 9.20000446 35.44999006 9.20000446 0 P 0
L 35.14999066 12.20000354 35.44999006 12.20000354 0 P 0
L 35.14999066 18.2000017 35.44999006 18.2000017 0 P 0
L 35.14999066 19.70000124 35.44999006 19.70000124 0 P 0
L 35.14999066 21.20000078 35.44999006 21.20000078 0 P 0
L 35.15000082 0.80000094 35.45000022 0.80000094 0 P 0
L 35.15000082 2.00000108 35.45000022 2.00000108 0 P 0
L 35.29999036 3.0500066 35.29999036 3.350006 0 P 0
L 35.29999036 4.55000614 35.29999036 4.85000554 0 P 0
L 35.29999036 6.05000568 35.29999036 6.35000508 0 P 0
L 35.29999036 9.05000476 35.29999036 9.35000416 0 P 0
L 35.29999036 12.05000384 35.29999036 12.35000324 0 P 0
L 35.29999036 18.050002 35.29999036 18.3500014 0 P 0
L 35.29999036 19.55000154 35.29999036 19.85000094 0 P 0
L 35.29999036 21.05000108 35.29999036 21.35000048 0 P 0
L 35.30000052 0.65000124 35.30000052 0.95000064 0 P 0
L 35.30000052 1.85000138 35.30000052 2.15000078 0 P 0
L 36.600003 2.50000008 38.3999994 2.50000008 0 P 0
L 36.6499902 4.70000584 36.9499896 4.70000584 0 P 0
L 36.6499902 6.20000538 36.9499896 6.20000538 0 P 0
L 36.6499902 9.20000446 36.9499896 9.20000446 0 P 0
L 36.6499902 12.20000354 36.9499896 12.20000354 0 P 0
L 36.6499902 18.2000017 36.9499896 18.2000017 0 P 0
L 36.6499902 19.70000124 36.9499896 19.70000124 0 P 0
L 36.6499902 21.20000078 36.9499896 21.20000078 0 P 0
L 36.7999899 4.55000614 36.7999899 4.85000554 0 P 0
L 36.7999899 6.05000568 36.7999899 6.35000508 0 P 0
L 36.7999899 9.05000476 36.7999899 9.35000416 0 P 0
L 36.7999899 12.05000384 36.7999899 12.35000324 0 P 0
L 36.7999899 18.050002 36.7999899 18.3500014 0 P 0
L 36.7999899 19.55000154 36.7999899 19.85000094 0 P 0
L 36.7999899 21.05000108 36.7999899 21.35000048 0 P 0
L 37.5000012 1.60000188 37.5000012 3.39999828 0 P 0
L 38.14998974 4.70000584 38.44998914 4.70000584 0 P 0
L 38.14998974 6.20000538 38.44998914 6.20000538 0 P 0
L 38.14998974 7.70000492 38.44998914 7.70000492 0 P 0
L 38.14998974 9.20000446 38.44998914 9.20000446 0 P 0
L 38.14998974 10.700004 38.44998914 10.700004 0 P 0
L 38.14998974 12.20000354 38.44998914 12.20000354 0 P 0
L 38.14998974 13.70000308 38.44998914 13.70000308 0 P 0
L 38.14998974 15.20000262 38.44998914 15.20000262 0 P 0
L 38.14998974 16.70000216 38.44998914 16.70000216 0 P 0
L 38.14998974 18.2000017 38.44998914 18.2000017 0 P 0
L 38.14998974 19.70000124 38.44998914 19.70000124 0 P 0
L 38.14998974 21.20000078 38.44998914 21.20000078 0 P 0
L 38.29998944 4.55000614 38.29998944 4.85000554 0 P 0
L 38.29998944 6.05000568 38.29998944 6.35000508 0 P 0
L 38.29998944 7.55000522 38.29998944 7.85000462 0 P 0
L 38.29998944 9.05000476 38.29998944 9.35000416 0 P 0
L 38.29998944 10.5500043 38.29998944 10.8500037 0 P 0
L 38.29998944 12.05000384 38.29998944 12.35000324 0 P 0
L 38.29998944 13.55000338 38.29998944 13.85000278 0 P 0
L 38.29998944 15.05000292 38.29998944 15.35000232 0 P 0
L 38.29998944 16.55000246 38.29998944 16.85000186 0 P 0
L 38.29998944 18.050002 38.29998944 18.3500014 0 P 0
L 38.29998944 19.55000154 38.29998944 19.85000094 0 P 0
L 38.29998944 21.05000108 38.29998944 21.35000048 0 P 0
