UNITS=MM
#Layer_Color=32768
#
#Feature symbol names
#
$0 r49.9999
$1 r99.9998

#
#Feature attribute names
#
@0 .nomenclature
@1 .string
@2 .string_angle

#
#Feature attribute text strings
#
&0 U1

#
#Layer features
#
L 6.92500012 7.1999983 6.92500012 11.79999926 0 P 0
L 6.92500012 7.1999983 9.70000092 7.1999983 0 P 0
L 6.92500012 11.79999926 9.70000092 11.79999926 0 P 0
L 7.80000218 9.49999878 8.80000018 9.49999878 0 P 0
L 8.30000118 8.99999978 8.30000118 9.99999778 0 P 0
L 9.49000134 -6.07000056 9.49000134 5.1949985 0 P 0
L 9.49000134 -6.07000056 30.50999994 -6.07000056 0 P 0
L 9.49000134 5.1949985 30.50999994 5.1949985 0 P 0
L 9.70000092 7.1999983 9.70000092 11.79999926 0 P 0
L 10.00000032 10.09999758 10.00000032 11.54999976 0 P 0
L 10.00000032 10.09999758 10.79999872 10.09999758 0 P 0
L 10.00000032 11.54999976 10.79999872 11.54999976 0 P 0
L 10.07504208 10.79999872 10.67504088 10.79999872 0 P 0
L 10.39999952 10.4749981 10.39999952 11.09999812 0 P 0
L 10.79999872 10.09999758 10.79999872 11.54999976 0 P 0
L 14.80000088 6.6999993 14.80000088 22.09999898 0 P 0
L 14.80000088 6.6999993 25.2000004 6.6999993 0 P 0
L 14.80000088 22.09999898 25.2000004 22.09999898 0 P 0
L 18.90032034 14.50000148 19.73338446 14.50000148 1 P 0 ;0,1=0,2=90.000000
L 18.90032034 15.66629328 19.06693418 15.49967944 1 P 0 ;0,1=0,2=90.000000
L 19.50000164 1.39999974 20.49999964 1.39999974 0 P 0
L 19.50000164 14.39999914 20.49999964 14.39999914 0 P 0
L 19.73338446 14.50000148 19.8999983 14.66661532 1 P 0 ;0,1=0,2=90.000000
L 19.73338446 15.16645176 18.90032034 15.16645176 1 P 0 ;0,1=0,2=90.000000
L 19.8999983 14.66661532 19.8999983 14.99984046 1 P 0 ;0,1=0,2=90.000000
L 19.8999983 14.99984046 19.73338446 15.16645176 1 P 0 ;0,1=0,2=90.000000
L 19.8999983 15.49967944 19.8999983 15.83290458 1 P 0 ;0,1=0,2=90.000000
L 19.8999983 15.66629328 18.90032034 15.66629328 1 P 0 ;0,1=0,2=90.000000
L 19.8999983 15.83290458 19.8999983 15.66629328 1 P 0 ;0,1=0,2=90.000000
L 20.00000064 0.90000074 20.00000064 1.89999874 0 P 0
L 20.00000064 13.8999976 20.00000064 14.89999814 0 P 0
L 25.2000004 6.6999993 25.2000004 22.09999898 0 P 0
L 25.3165991 17.11860432 25.3165991 18.31860446 0 P 0
L 25.3165991 17.11860432 27.51659978 17.11860432 0 P 0
L 25.3165991 18.31860446 27.51659978 18.31860446 0 P 0
L 25.32659908 15.91860164 25.32659908 17.11860178 0 P 0
L 25.32659908 15.91860164 27.52659976 15.91860164 0 P 0
L 25.32659908 17.11860178 27.52659976 17.11860178 0 P 0
L 26.05000124 8.20000138 26.05000124 12.20000354 0 P 0
L 26.05000124 8.20000138 27.9250013 8.20000138 0 P 0
L 26.05000124 12.20000354 27.9250013 12.20000354 0 P 0
L 26.1165975 17.71860312 26.71659884 17.71860312 1 P 0
L 26.12660002 16.51860298 26.72660136 16.51860298 1 P 0
L 26.40000562 6.80000164 26.40000562 8.00000178 0 P 0
L 26.40000562 6.80000164 28.60000376 6.80000164 0 P 0
L 26.40000562 8.00000178 28.60000376 8.00000178 0 P 0
L 26.40000562 12.4000006 26.40000562 13.60000074 0 P 0
L 26.40000562 12.4000006 28.60000376 12.4000006 0 P 0
L 26.40000562 13.60000074 28.60000376 13.60000074 0 P 0
L 26.41659944 17.41860372 26.41659944 18.01860506 1 P 0
L 26.42659942 16.21860104 26.42659942 16.81860238 1 P 0
L 26.50000288 10.20000246 27.50000342 10.20000246 0 P 0
L 27.00000188 9.70000346 27.00000188 10.700004 0 P 0
L 27.22500524 7.40000298 27.77500414 7.40000298 1 P 0
L 27.22500524 13.00000194 27.77500414 13.00000194 1 P 0
L 27.50000342 7.12500226 27.50000342 7.67500116 1 P 0
L 27.50000342 12.72500122 27.50000342 13.27500012 1 P 0
L 27.51659978 17.11860432 27.51659978 18.31860446 0 P 0
L 27.52659976 15.91860164 27.52659976 17.11860178 0 P 0
L 27.9250013 8.20000138 27.9250013 12.20000354 0 P 0
L 28.60000376 6.80000164 28.60000376 8.00000178 0 P 0
L 28.60000376 12.4000006 28.60000376 13.60000074 0 P 0
L 30.50999994 -6.07000056 30.50999994 5.1949985 0 P 0
L 31.39999816 14.59999874 31.39999816 15.39999968 0 P 0
L 31.39999816 14.59999874 33.00000004 14.59999874 0 P 0
L 31.39999816 15.39999968 33.00000004 15.39999968 0 P 0
L 31.8999997 15.00000048 32.4999985 15.00000048 0 P 0
L 32.1999991 14.70000108 32.1999991 15.29999988 0 P 0
L 33.00000004 14.59999874 33.00000004 15.39999968 0 P 0
L 33.19999964 14.29999934 33.19999964 16.69999962 0 P 0
L 33.19999964 14.29999934 36.19999872 14.29999934 0 P 0
L 33.19999964 16.69999962 36.19999872 16.69999962 0 P 0
L 33.79999844 10.00000032 33.79999844 11.4500025 0 P 0
L 33.79999844 10.00000032 34.59999684 10.00000032 0 P 0
L 33.79999844 11.4500025 34.59999684 11.4500025 0 P 0
L 33.8750402 10.70000146 34.475039 10.70000146 0 P 0
L 34.19999764 10.37500084 34.19999764 11.00000086 0 P 0
L 34.20000018 15.49999948 35.19999818 15.49999948 0 P 0
L 34.59999684 10.00000032 34.59999684 11.4500025 0 P 0
L 34.69999918 15.00000048 34.69999918 15.99999848 0 P 0
L 34.92500254 7.09999596 34.92500254 11.69999692 0 P 0
L 34.92500254 7.09999596 37.70000334 7.09999596 0 P 0
L 34.92500254 11.69999692 37.70000334 11.69999692 0 P 0
L 35.8000046 9.39999644 36.8000026 9.39999644 0 P 0
L 36.19999872 14.29999934 36.19999872 16.69999962 0 P 0
L 36.3000036 8.89999744 36.3000036 9.89999544 0 P 0
L 36.39999832 15.70000162 36.39999832 16.50000256 0 P 0
L 36.39999832 15.70000162 38.0000002 15.70000162 0 P 0
L 36.39999832 16.50000256 38.0000002 16.50000256 0 P 0
L 36.4000034 14.69999854 36.4000034 15.49999948 0 P 0
L 36.4000034 14.69999854 38.00000528 14.69999854 0 P 0
L 36.4000034 15.49999948 38.00000528 15.49999948 0 P 0
L 36.89999986 16.10000082 37.49999866 16.10000082 0 P 0
L 36.90000494 15.09999774 37.50000374 15.09999774 0 P 0
L 37.19999926 15.80000142 37.19999926 16.40000022 0 P 0
L 37.20000434 14.79999834 37.20000434 15.39999714 0 P 0
L 37.70000334 7.09999596 37.70000334 11.69999692 0 P 0
L 38.0000002 15.70000162 38.0000002 16.50000256 0 P 0
L 38.00000528 14.69999854 38.00000528 15.49999948 0 P 0
