UNITS=MM
#Layer_Color=0
#
#Feature symbol names
#
$0 r49.9999

#
#Feature attribute names
#

#
#Layer features
#
L 6.29900442 34.9999808 6.89900322 34.9999808 0 P 0
L 6.29997978 30.60000992 6.89997858 30.60000992 0 P 0
L 6.30001026 26.20002126 6.90000906 26.20002126 0 P 0
L 6.30001026 27.29999366 6.90000906 27.29999366 0 P 0
L 6.30001026 28.40001686 6.90000906 28.40001686 0 P 0
L 6.30001026 29.49998926 6.90000906 29.49998926 0 P 0
L 6.30001026 31.69998486 6.90000906 31.69998486 0 P 0
L 6.30001026 32.80000806 6.90000906 32.80000806 0 P 0
L 6.30001026 33.89998046 6.90000906 33.89998046 0 P 0
L 6.30001026 36.10002686 6.90000906 36.10002686 0 P 0
L 6.30001026 37.59999846 6.90000906 37.59999846 0 P 0
L 6.30001026 39.10002086 6.90000906 39.10002086 0 P 0
L 6.37403602 34.7749876 6.37403602 35.2250248 0 P 0
L 6.37403602 34.7749876 6.82402242 34.7749876 0 P 0
L 6.37403602 35.2250248 6.82402242 35.2250248 0 P 0
L 6.37499106 25.97502806 6.37499106 26.42501446 0 P 0
L 6.37499106 25.97502806 6.82497746 25.97502806 0 P 0
L 6.37499106 26.42501446 6.82497746 26.42501446 0 P 0
L 6.37499106 27.07500046 6.37499106 27.52498686 0 P 0
L 6.37499106 27.07500046 6.82497746 27.07500046 0 P 0
L 6.37499106 27.52498686 6.82497746 27.52498686 0 P 0
L 6.37499106 28.17502366 6.37499106 28.62501006 0 P 0
L 6.37499106 28.17502366 6.82497746 28.17502366 0 P 0
L 6.37499106 28.62501006 6.82497746 28.62501006 0 P 0
L 6.37499106 29.27499606 6.37499106 29.72498246 0 P 0
L 6.37499106 29.27499606 6.82497746 29.27499606 0 P 0
L 6.37499106 29.72498246 6.82497746 29.72498246 0 P 0
L 6.37499106 31.47499166 6.37499106 31.92502886 0 P 0
L 6.37499106 31.47499166 6.82497746 31.47499166 0 P 0
L 6.37499106 31.92502886 6.82497746 31.92502886 0 P 0
L 6.37499106 32.57501486 6.37499106 33.02500126 0 P 0
L 6.37499106 32.57501486 6.82497746 32.57501486 0 P 0
L 6.37499106 33.02500126 6.82497746 33.02500126 0 P 0
L 6.37499106 33.67498726 6.37499106 34.12502446 0 P 0
L 6.37499106 33.67498726 6.82497746 33.67498726 0 P 0
L 6.37499106 34.12502446 6.82497746 34.12502446 0 P 0
L 6.37499106 35.87498286 6.37499106 36.32502006 0 P 0
L 6.37499106 35.87498286 6.82497746 35.87498286 0 P 0
L 6.37499106 36.32502006 6.82497746 36.32502006 0 P 0
L 6.37499106 37.37500526 6.37499106 37.82499166 0 P 0
L 6.37499106 37.37500526 6.82497746 37.37500526 0 P 0
L 6.37499106 37.82499166 6.82497746 37.82499166 0 P 0
L 6.37499106 38.87502766 6.37499106 39.32501406 0 P 0
L 6.37499106 38.87502766 6.82497746 38.87502766 0 P 0
L 6.37499106 39.32501406 6.82497746 39.32501406 0 P 0
L 6.37501138 30.37501672 6.37501138 30.82500312 0 P 0
L 6.37501138 30.37501672 6.82499778 30.37501672 0 P 0
L 6.37501138 30.82500312 6.82499778 30.82500312 0 P 0
L 6.59902922 34.7000068 6.59902922 35.3000056 0 P 0
L 6.59998426 25.89999646 6.59998426 26.49999526 0 P 0
L 6.59998426 27.00001966 6.59998426 27.60001846 0 P 0
L 6.59998426 28.09999206 6.59998426 28.69999086 0 P 0
L 6.59998426 29.20001526 6.59998426 29.80001406 0 P 0
L 6.59998426 31.40001086 6.59998426 32.00000966 0 P 0
L 6.59998426 32.49998326 6.59998426 33.09998206 0 P 0
L 6.59998426 33.60000646 6.59998426 34.20000526 0 P 0
L 6.59998426 35.80000206 6.59998426 36.40000086 0 P 0
L 6.59998426 37.30002446 6.59998426 37.90002326 0 P 0
L 6.59998426 38.79999606 6.59998426 39.39999486 0 P 0
L 6.60000458 30.29998512 6.60000458 30.89998392 0 P 0
L 6.82402242 34.7749876 6.82402242 35.2250248 0 P 0
L 6.82497746 25.97502806 6.82497746 26.42501446 0 P 0
L 6.82497746 27.07500046 6.82497746 27.52498686 0 P 0
L 6.82497746 28.17502366 6.82497746 28.62501006 0 P 0
L 6.82497746 29.27499606 6.82497746 29.72498246 0 P 0
L 6.82497746 31.47499166 6.82497746 31.92502886 0 P 0
L 6.82497746 32.57501486 6.82497746 33.02500126 0 P 0
L 6.82497746 33.67498726 6.82497746 34.12502446 0 P 0
L 6.82497746 35.87498286 6.82497746 36.32502006 0 P 0
L 6.82497746 37.37500526 6.82497746 37.82499166 0 P 0
L 6.82497746 38.87502766 6.82497746 39.32501406 0 P 0
L 6.82499778 30.37501672 6.82499778 30.82500312 0 P 0
L 7.39998012 30.59999722 7.99997892 30.59999722 0 P 0
L 7.39998266 26.20002126 7.99998146 26.20002126 0 P 0
L 7.39998266 27.29999366 7.99998146 27.29999366 0 P 0
L 7.39998266 28.40001686 7.99998146 28.40001686 0 P 0
L 7.39998266 31.69998486 7.99998146 31.69998486 0 P 0
L 7.39998266 32.80000806 7.99998146 32.80000806 0 P 0
L 7.39998266 35.00000366 7.99998146 35.00000366 0 P 0
L 7.39998266 36.10002686 7.99998146 36.10002686 0 P 0
L 7.39998266 39.10002086 7.99998146 39.10002086 0 P 0
L 7.40000806 29.49999688 8.00000686 29.49999688 0 P 0
L 7.40002076 33.89998046 8.00001956 33.89998046 0 P 0
L 7.47498886 29.27500368 7.47498886 29.72499008 0 P 0
L 7.47498886 29.27500368 7.92497526 29.27500368 0 P 0
L 7.47498886 29.72499008 7.92497526 29.72499008 0 P 0
L 7.47500156 33.67498726 7.47500156 34.12497366 0 P 0
L 7.47500156 33.67498726 7.92498796 33.67498726 0 P 0
L 7.47500156 34.12497366 7.92498796 34.12497366 0 P 0
L 7.47501172 30.37500402 7.47501172 30.82499042 0 P 0
L 7.47501172 30.37500402 7.92499812 30.37500402 0 P 0
L 7.47501172 30.82499042 7.92499812 30.82499042 0 P 0
L 7.47501426 25.97502806 7.47501426 26.42501446 0 P 0
L 7.47501426 25.97502806 7.92500066 25.97502806 0 P 0
L 7.47501426 26.42501446 7.92500066 26.42501446 0 P 0
L 7.47501426 27.07500046 7.47501426 27.52498686 0 P 0
L 7.47501426 27.07500046 7.92500066 27.07500046 0 P 0
L 7.47501426 27.52498686 7.92500066 27.52498686 0 P 0
L 7.47501426 28.17502366 7.47501426 28.62501006 0 P 0
L 7.47501426 28.17502366 7.92500066 28.17502366 0 P 0
L 7.47501426 28.62501006 7.92500066 28.62501006 0 P 0
L 7.47501426 31.47499166 7.47501426 31.92502886 0 P 0
L 7.47501426 31.47499166 7.92500066 31.47499166 0 P 0
L 7.47501426 31.92502886 7.92500066 31.92502886 0 P 0
L 7.47501426 32.57501486 7.47501426 33.02500126 0 P 0
L 7.47501426 32.57501486 7.92500066 32.57501486 0 P 0
L 7.47501426 33.02500126 7.92500066 33.02500126 0 P 0
L 7.47501426 34.77501046 7.47501426 35.22499686 0 P 0
L 7.47501426 34.77501046 7.92500066 34.77501046 0 P 0
L 7.47501426 35.22499686 7.92500066 35.22499686 0 P 0
L 7.47501426 35.87498286 7.47501426 36.32502006 0 P 0
L 7.47501426 35.87498286 7.92500066 35.87498286 0 P 0
L 7.47501426 36.32502006 7.92500066 36.32502006 0 P 0
L 7.47501426 38.87502766 7.47501426 39.32501406 0 P 0
L 7.47501426 38.87502766 7.92500066 38.87502766 0 P 0
L 7.47501426 39.32501406 7.92500066 39.32501406 0 P 0
L 7.69998206 29.19997208 7.69998206 29.79997088 0 P 0
L 7.69999476 33.60000646 7.69999476 34.20000526 0 P 0
L 7.70000492 30.30002322 7.70000492 30.90002202 0 P 0
L 7.70000746 25.89999646 7.70000746 26.49999526 0 P 0
L 7.70000746 27.00001966 7.70000746 27.60001846 0 P 0
L 7.70000746 28.09999206 7.70000746 28.69999086 0 P 0
L 7.70000746 31.40001086 7.70000746 32.00000966 0 P 0
L 7.70000746 32.49998326 7.70000746 33.09998206 0 P 0
L 7.70000746 34.70002966 7.70000746 35.30002846 0 P 0
L 7.70000746 35.80000206 7.70000746 36.40000086 0 P 0
L 7.70000746 38.79999606 7.70000746 39.39999486 0 P 0
L 7.92497526 29.27500368 7.92497526 29.72499008 0 P 0
L 7.92498796 33.67498726 7.92498796 34.12497366 0 P 0
L 7.92499812 30.37500402 7.92499812 30.82499042 0 P 0
L 7.92500066 25.97502806 7.92500066 26.42501446 0 P 0
L 7.92500066 27.07500046 7.92500066 27.52498686 0 P 0
L 7.92500066 28.17502366 7.92500066 28.62501006 0 P 0
L 7.92500066 31.47499166 7.92500066 31.92502886 0 P 0
L 7.92500066 32.57501486 7.92500066 33.02500126 0 P 0
L 7.92500066 34.77501046 7.92500066 35.22499686 0 P 0
L 7.92500066 35.87498286 7.92500066 36.32502006 0 P 0
L 7.92500066 38.87502766 7.92500066 39.32501406 0 P 0
L 8.50000586 26.20002126 9.10000466 26.20002126 0 P 0
L 8.50000586 27.29999366 9.10000466 27.29999366 0 P 0
L 8.50000586 29.49998926 9.10000466 29.49998926 0 P 0
L 8.50000586 30.60001246 9.10000466 30.60001246 0 P 0
L 8.50000586 31.69998486 9.10000466 31.69998486 0 P 0
L 8.50000586 32.80000806 9.10000466 32.80000806 0 P 0
L 8.50000586 33.89998046 9.10000466 33.89998046 0 P 0
L 8.50000586 35.00000366 9.10000466 35.00000366 0 P 0
L 8.50000586 36.10002686 9.10000466 36.10002686 0 P 0
L 8.57498666 25.97502806 8.57498666 26.42501446 0 P 0
L 8.57498666 25.97502806 9.02502386 25.97502806 0 P 0
L 8.57498666 26.42501446 9.02502386 26.42501446 0 P 0
L 8.57498666 27.07500046 8.57498666 27.52498686 0 P 0
L 8.57498666 27.07500046 9.02502386 27.07500046 0 P 0
L 8.57498666 27.52498686 9.02502386 27.52498686 0 P 0
L 8.57498666 29.27499606 8.57498666 29.72498246 0 P 0
L 8.57498666 29.27499606 9.02502386 29.27499606 0 P 0
L 8.57498666 29.72498246 9.02502386 29.72498246 0 P 0
L 8.57498666 30.37501926 8.57498666 30.82500566 0 P 0
L 8.57498666 30.37501926 9.02502386 30.37501926 0 P 0
L 8.57498666 30.82500566 9.02502386 30.82500566 0 P 0
L 8.57498666 31.47499166 8.57498666 31.92502886 0 P 0
L 8.57498666 31.47499166 9.02502386 31.47499166 0 P 0
L 8.57498666 31.92502886 9.02502386 31.92502886 0 P 0
L 8.57498666 32.57501486 8.57498666 33.02500126 0 P 0
L 8.57498666 32.57501486 9.02502386 32.57501486 0 P 0
L 8.57498666 33.02500126 9.02502386 33.02500126 0 P 0
L 8.57498666 33.67498726 8.57498666 34.12502446 0 P 0
L 8.57498666 33.67498726 9.02502386 33.67498726 0 P 0
L 8.57498666 34.12502446 9.02502386 34.12502446 0 P 0
L 8.57498666 34.77501046 8.57498666 35.22499686 0 P 0
L 8.57498666 34.77501046 9.02502386 34.77501046 0 P 0
L 8.57498666 35.22499686 9.02502386 35.22499686 0 P 0
L 8.57498666 35.87498286 8.57498666 36.32502006 0 P 0
L 8.57498666 35.87498286 9.02502386 35.87498286 0 P 0
L 8.57498666 36.32502006 9.02502386 36.32502006 0 P 0
L 8.79997986 25.89999646 8.79997986 26.49999526 0 P 0
L 8.79997986 27.00001966 8.79997986 27.60001846 0 P 0
L 8.79997986 29.20001526 8.79997986 29.80001406 0 P 0
L 8.79997986 30.29998766 8.79997986 30.89998646 0 P 0
L 8.79997986 31.40001086 8.79997986 32.00000966 0 P 0
L 8.79997986 32.49998326 8.79997986 33.09998206 0 P 0
L 8.79997986 33.60000646 8.79997986 34.20000526 0 P 0
L 8.79997986 34.70002966 8.79997986 35.30002846 0 P 0
L 8.79997986 35.80000206 8.79997986 36.40000086 0 P 0
L 9.02502386 25.97502806 9.02502386 26.42501446 0 P 0
L 9.02502386 27.07500046 9.02502386 27.52498686 0 P 0
L 9.02502386 29.27499606 9.02502386 29.72498246 0 P 0
L 9.02502386 30.37501926 9.02502386 30.82500566 0 P 0
L 9.02502386 31.47499166 9.02502386 31.92502886 0 P 0
L 9.02502386 32.57501486 9.02502386 33.02500126 0 P 0
L 9.02502386 33.67498726 9.02502386 34.12502446 0 P 0
L 9.02502386 34.77501046 9.02502386 35.22499686 0 P 0
L 9.02502386 35.87498286 9.02502386 36.32502006 0 P 0
L 9.59997826 26.20002126 10.19997706 26.20002126 0 P 0
L 9.59997826 27.29999366 10.19997706 27.29999366 0 P 0
L 9.59997826 28.40001686 10.19997706 28.40001686 0 P 0
L 9.67500986 25.97502806 9.67500986 26.42501446 0 P 0
L 9.67500986 25.97502806 10.12499626 25.97502806 0 P 0
L 9.67500986 26.42501446 10.12499626 26.42501446 0 P 0
L 9.67500986 27.07500046 9.67500986 27.52498686 0 P 0
L 9.67500986 27.07500046 10.12499626 27.07500046 0 P 0
L 9.67500986 27.52498686 10.12499626 27.52498686 0 P 0
L 9.67500986 28.17502366 9.67500986 28.62501006 0 P 0
L 9.67500986 28.17502366 10.12499626 28.17502366 0 P 0
L 9.67500986 28.62501006 10.12499626 28.62501006 0 P 0
L 9.90000306 25.89999646 9.90000306 26.49999526 0 P 0
L 9.90000306 27.00001966 9.90000306 27.60001846 0 P 0
L 9.90000306 28.09999206 9.90000306 28.69999086 0 P 0
L 10.12499626 25.97502806 10.12499626 26.42501446 0 P 0
L 10.12499626 27.07500046 10.12499626 27.52498686 0 P 0
L 10.12499626 28.17502366 10.12499626 28.62501006 0 P 0
L 10.15002796 30.59999976 10.75002676 30.59999976 0 P 0
L 10.15002796 31.7000001 10.75002676 31.7000001 0 P 0
L 10.15002796 32.79999536 10.75002676 32.79999536 0 P 0
L 10.15002796 35.00000112 10.75002676 35.00000112 0 P 0
L 10.22500876 30.37500656 10.22500876 30.82499296 0 P 0
L 10.22500876 30.37500656 10.67504596 30.37500656 0 P 0
L 10.22500876 30.82499296 10.67504596 30.82499296 0 P 0
L 10.22500876 31.4750069 10.22500876 31.9249933 0 P 0
L 10.22500876 31.4750069 10.67504596 31.4750069 0 P 0
L 10.22500876 31.9249933 10.67504596 31.9249933 0 P 0
L 10.22500876 32.57500216 10.22500876 33.02498856 0 P 0
L 10.22500876 32.57500216 10.67504596 32.57500216 0 P 0
L 10.22500876 33.02498856 10.67504596 33.02498856 0 P 0
L 10.22500876 34.77500792 10.22500876 35.22499432 0 P 0
L 10.22500876 34.77500792 10.67504596 34.77500792 0 P 0
L 10.22500876 35.22499432 10.67504596 35.22499432 0 P 0
L 10.45000196 30.29997496 10.45000196 30.89997376 0 P 0
L 10.45000196 31.3999753 10.45000196 31.9999741 0 P 0
L 10.45000196 32.49997056 10.45000196 33.09996936 0 P 0
L 10.45000196 34.69997632 10.45000196 35.29997512 0 P 0
L 10.67504596 30.37500656 10.67504596 30.82499296 0 P 0
L 10.67504596 31.4750069 10.67504596 31.9249933 0 P 0
L 10.67504596 32.57500216 10.67504596 33.02498856 0 P 0
L 10.67504596 34.77500792 10.67504596 35.22499432 0 P 0
L 10.70000146 26.20002126 11.30000026 26.20002126 0 P 0
L 10.70000146 27.29999366 11.30000026 27.29999366 0 P 0
L 10.70000146 28.40001686 11.30000026 28.40001686 0 P 0
L 10.70000146 36.10002686 11.30000026 36.10002686 0 P 0
L 10.77498226 25.97502806 10.77498226 26.42501446 0 P 0
L 10.77498226 25.97502806 11.22501946 25.97502806 0 P 0
L 10.77498226 26.42501446 11.22501946 26.42501446 0 P 0
L 10.77498226 27.07500046 10.77498226 27.52498686 0 P 0
L 10.77498226 27.07500046 11.22501946 27.07500046 0 P 0
L 10.77498226 27.52498686 11.22501946 27.52498686 0 P 0
L 10.77498226 28.17502366 10.77498226 28.62501006 0 P 0
L 10.77498226 28.17502366 11.22501946 28.17502366 0 P 0
L 10.77498226 28.62501006 11.22501946 28.62501006 0 P 0
L 10.77498226 35.87498286 10.77498226 36.32502006 0 P 0
L 10.77498226 35.87498286 11.22501946 35.87498286 0 P 0
L 10.77498226 36.32502006 11.22501946 36.32502006 0 P 0
L 10.99997546 25.89999646 10.99997546 26.49999526 0 P 0
L 10.99997546 27.00001966 10.99997546 27.60001846 0 P 0
L 10.99997546 28.09999206 10.99997546 28.69999086 0 P 0
L 10.99997546 35.80000206 10.99997546 36.40000086 0 P 0
L 11.22501946 25.97502806 11.22501946 26.42501446 0 P 0
L 11.22501946 27.07500046 11.22501946 27.52498686 0 P 0
L 11.22501946 28.17502366 11.22501946 28.62501006 0 P 0
L 11.22501946 35.87498286 11.22501946 36.32502006 0 P 0
L 11.25002576 30.59999976 11.85002456 30.59999976 0 P 0
L 11.25002576 31.7000001 11.85002456 31.7000001 0 P 0
L 11.25002576 32.79999536 11.85002456 32.79999536 0 P 0
L 11.25002576 35.00000112 11.85002456 35.00000112 0 P 0
L 11.32500656 30.37500656 11.32500656 30.82499296 0 P 0
L 11.32500656 30.37500656 11.77504376 30.37500656 0 P 0
L 11.32500656 30.82499296 11.77504376 30.82499296 0 P 0
L 11.32500656 31.4750069 11.32500656 31.9249933 0 P 0
L 11.32500656 31.4750069 11.77504376 31.4750069 0 P 0
L 11.32500656 31.9249933 11.77504376 31.9249933 0 P 0
L 11.32500656 32.57500216 11.32500656 33.02498856 0 P 0
L 11.32500656 32.57500216 11.77504376 32.57500216 0 P 0
L 11.32500656 33.02498856 11.77504376 33.02498856 0 P 0
L 11.32500656 34.77500792 11.32500656 35.22499432 0 P 0
L 11.32500656 34.77500792 11.77504376 34.77500792 0 P 0
L 11.32500656 35.22499432 11.77504376 35.22499432 0 P 0
L 11.54999976 30.29997496 11.54999976 30.89997376 0 P 0
L 11.54999976 31.3999753 11.54999976 31.9999741 0 P 0
L 11.54999976 32.49997056 11.54999976 33.09996936 0 P 0
L 11.54999976 34.69997632 11.54999976 35.29997512 0 P 0
L 11.77504376 30.37500656 11.77504376 30.82499296 0 P 0
L 11.77504376 31.4750069 11.77504376 31.9249933 0 P 0
L 11.77504376 32.57500216 11.77504376 33.02498856 0 P 0
L 11.77504376 34.77500792 11.77504376 35.22499432 0 P 0
L 11.79997386 26.20002126 12.39997266 26.20002126 0 P 0
L 11.79997386 27.29999366 12.39997266 27.29999366 0 P 0
L 11.79997386 28.40001686 12.39997266 28.40001686 0 P 0
L 11.87500546 25.97502806 11.87500546 26.42501446 0 P 0
L 11.87500546 25.97502806 12.32499186 25.97502806 0 P 0
L 11.87500546 26.42501446 12.32499186 26.42501446 0 P 0
L 11.87500546 27.07500046 11.87500546 27.52498686 0 P 0
L 11.87500546 27.07500046 12.32499186 27.07500046 0 P 0
L 11.87500546 27.52498686 12.32499186 27.52498686 0 P 0
L 11.87500546 28.17502366 11.87500546 28.62501006 0 P 0
L 11.87500546 28.17502366 12.32499186 28.17502366 0 P 0
L 11.87500546 28.62501006 12.32499186 28.62501006 0 P 0
L 12.09999866 25.89999646 12.09999866 26.49999526 0 P 0
L 12.09999866 27.00001966 12.09999866 27.60001846 0 P 0
L 12.09999866 28.09999206 12.09999866 28.69999086 0 P 0
L 12.32499186 25.97502806 12.32499186 26.42501446 0 P 0
L 12.32499186 27.07500046 12.32499186 27.52498686 0 P 0
L 12.32499186 28.17502366 12.32499186 28.62501006 0 P 0
L 12.89999706 26.20002126 13.49999586 26.20002126 0 P 0
L 12.89999706 27.29999366 13.49999586 27.29999366 0 P 0
L 12.89999706 29.49998926 13.49999586 29.49998926 0 P 0
L 12.89999706 30.60001246 13.49999586 30.60001246 0 P 0
L 12.89999706 31.69998486 13.49999586 31.69998486 0 P 0
L 12.89999706 33.89998046 13.49999586 33.89998046 0 P 0
L 12.89999706 35.00000366 13.49999586 35.00000366 0 P 0
L 12.89999706 36.10002686 13.49999586 36.10002686 0 P 0
L 12.90001992 32.80001314 13.50001872 32.80001314 0 P 0
L 12.97497786 25.97502806 12.97497786 26.42501446 0 P 0
L 12.97497786 25.97502806 13.42501506 25.97502806 0 P 0
L 12.97497786 26.42501446 13.42501506 26.42501446 0 P 0
L 12.97497786 27.07500046 12.97497786 27.52498686 0 P 0
L 12.97497786 27.07500046 13.42501506 27.07500046 0 P 0
L 12.97497786 27.52498686 13.42501506 27.52498686 0 P 0
L 12.97497786 29.27499606 12.97497786 29.72498246 0 P 0
L 12.97497786 29.27499606 13.42501506 29.27499606 0 P 0
L 12.97497786 29.72498246 13.42501506 29.72498246 0 P 0
L 12.97497786 30.37501926 12.97497786 30.82500566 0 P 0
L 12.97497786 30.37501926 13.42501506 30.37501926 0 P 0
L 12.97497786 30.82500566 13.42501506 30.82500566 0 P 0
L 12.97497786 31.47499166 12.97497786 31.92502886 0 P 0
L 12.97497786 31.47499166 13.42501506 31.47499166 0 P 0
L 12.97497786 31.92502886 13.42501506 31.92502886 0 P 0
L 12.97497786 33.67498726 12.97497786 34.12502446 0 P 0
L 12.97497786 33.67498726 13.42501506 33.67498726 0 P 0
L 12.97497786 34.12502446 13.42501506 34.12502446 0 P 0
L 12.97497786 34.77501046 12.97497786 35.22499686 0 P 0
L 12.97497786 34.77501046 13.42501506 34.77501046 0 P 0
L 12.97497786 35.22499686 13.42501506 35.22499686 0 P 0
L 12.97497786 35.87498286 12.97497786 36.32502006 0 P 0
L 12.97497786 35.87498286 13.42501506 35.87498286 0 P 0
L 12.97497786 36.32502006 13.42501506 36.32502006 0 P 0
L 12.97500072 32.57501994 12.97500072 33.02500634 0 P 0
L 12.97500072 32.57501994 13.42498712 32.57501994 0 P 0
L 12.97500072 33.02500634 13.42498712 33.02500634 0 P 0
L 13.19999392 32.49998834 13.19999392 33.09998714 0 P 0
L 13.20002186 25.89999646 13.20002186 26.49999526 0 P 0
L 13.20002186 27.00001966 13.20002186 27.60001846 0 P 0
L 13.20002186 29.20001526 13.20002186 29.80001406 0 P 0
L 13.20002186 30.29998766 13.20002186 30.89998646 0 P 0
L 13.20002186 31.40001086 13.20002186 32.00000966 0 P 0
L 13.20002186 33.60000646 13.20002186 34.20000526 0 P 0
L 13.20002186 34.70002966 13.20002186 35.30002846 0 P 0
L 13.20002186 35.80000206 13.20002186 36.40000086 0 P 0
L 13.42498712 32.57501994 13.42498712 33.02500634 0 P 0
L 13.42501506 25.97502806 13.42501506 26.42501446 0 P 0
L 13.42501506 27.07500046 13.42501506 27.52498686 0 P 0
L 13.42501506 29.27499606 13.42501506 29.72498246 0 P 0
L 13.42501506 30.37501926 13.42501506 30.82500566 0 P 0
L 13.42501506 31.47499166 13.42501506 31.92502886 0 P 0
L 13.42501506 33.67498726 13.42501506 34.12502446 0 P 0
L 13.42501506 34.77501046 13.42501506 35.22499686 0 P 0
L 13.42501506 35.87498286 13.42501506 36.32502006 0 P 0
L 13.99996946 32.80000806 14.59996826 32.80000806 0 P 0
L 14.00002026 26.20002126 14.60001906 26.20002126 0 P 0
L 14.00002026 27.29999366 14.60001906 27.29999366 0 P 0
L 14.00002026 28.40001686 14.60001906 28.40001686 0 P 0
L 14.00002026 29.49998926 14.60001906 29.49998926 0 P 0
L 14.00002026 30.60001246 14.60001906 30.60001246 0 P 0
L 14.00002026 31.69998486 14.60001906 31.69998486 0 P 0
L 14.00002026 33.89998046 14.60001906 33.89998046 0 P 0
L 14.00002026 35.00000366 14.60001906 35.00000366 0 P 0
L 14.00002026 36.10002686 14.60001906 36.10002686 0 P 0
L 14.00002026 39.10002086 14.60001906 39.10002086 0 P 0
L 14.07495026 32.57501486 14.07495026 33.02500126 0 P 0
L 14.07495026 32.57501486 14.52498746 32.57501486 0 P 0
L 14.07495026 33.02500126 14.52498746 33.02500126 0 P 0
L 14.07500106 25.97502806 14.07500106 26.42501446 0 P 0
L 14.07500106 25.97502806 14.52498746 25.97502806 0 P 0
L 14.07500106 26.42501446 14.52498746 26.42501446 0 P 0
L 14.07500106 27.07500046 14.07500106 27.52498686 0 P 0
L 14.07500106 27.07500046 14.52498746 27.07500046 0 P 0
L 14.07500106 27.52498686 14.52498746 27.52498686 0 P 0
L 14.07500106 28.17502366 14.07500106 28.62501006 0 P 0
L 14.07500106 28.17502366 14.52498746 28.17502366 0 P 0
L 14.07500106 28.62501006 14.52498746 28.62501006 0 P 0
L 14.07500106 29.27499606 14.07500106 29.72498246 0 P 0
L 14.07500106 29.27499606 14.52498746 29.27499606 0 P 0
L 14.07500106 29.72498246 14.52498746 29.72498246 0 P 0
L 14.07500106 30.37501926 14.07500106 30.82500566 0 P 0
L 14.07500106 30.37501926 14.52498746 30.37501926 0 P 0
L 14.07500106 30.82500566 14.52498746 30.82500566 0 P 0
L 14.07500106 31.47499166 14.07500106 31.92502886 0 P 0
L 14.07500106 31.47499166 14.52498746 31.47499166 0 P 0
L 14.07500106 31.92502886 14.52498746 31.92502886 0 P 0
L 14.07500106 33.67498726 14.07500106 34.12502446 0 P 0
L 14.07500106 33.67498726 14.52498746 33.67498726 0 P 0
L 14.07500106 34.12502446 14.52498746 34.12502446 0 P 0
L 14.07500106 34.77501046 14.07500106 35.22499686 0 P 0
L 14.07500106 34.77501046 14.52498746 34.77501046 0 P 0
L 14.07500106 35.22499686 14.52498746 35.22499686 0 P 0
L 14.07500106 35.87498286 14.07500106 36.32502006 0 P 0
L 14.07500106 35.87498286 14.52498746 35.87498286 0 P 0
L 14.07500106 36.32502006 14.52498746 36.32502006 0 P 0
L 14.07500106 38.87502766 14.07500106 39.32501406 0 P 0
L 14.07500106 38.87502766 14.52498746 38.87502766 0 P 0
L 14.07500106 39.32501406 14.52498746 39.32501406 0 P 0
L 14.29999426 25.89999646 14.29999426 26.49999526 0 P 0
L 14.29999426 27.00001966 14.29999426 27.60001846 0 P 0
L 14.29999426 28.09999206 14.29999426 28.69999086 0 P 0
L 14.29999426 29.20001526 14.29999426 29.80001406 0 P 0
L 14.29999426 30.29998766 14.29999426 30.89998646 0 P 0
L 14.29999426 31.40001086 14.29999426 32.00000966 0 P 0
L 14.29999426 32.49998326 14.29999426 33.09998206 0 P 0
L 14.29999426 33.60000646 14.29999426 34.20000526 0 P 0
L 14.29999426 34.70002966 14.29999426 35.30002846 0 P 0
L 14.29999426 35.80000206 14.29999426 36.40000086 0 P 0
L 14.29999426 38.79999606 14.29999426 39.39999486 0 P 0
L 14.52498746 25.97502806 14.52498746 26.42501446 0 P 0
L 14.52498746 27.07500046 14.52498746 27.52498686 0 P 0
L 14.52498746 28.17502366 14.52498746 28.62501006 0 P 0
L 14.52498746 29.27499606 14.52498746 29.72498246 0 P 0
L 14.52498746 30.37501926 14.52498746 30.82500566 0 P 0
L 14.52498746 31.47499166 14.52498746 31.92502886 0 P 0
L 14.52498746 32.57501486 14.52498746 33.02500126 0 P 0
L 14.52498746 33.67498726 14.52498746 34.12502446 0 P 0
L 14.52498746 34.77501046 14.52498746 35.22499686 0 P 0
L 14.52498746 35.87498286 14.52498746 36.32502006 0 P 0
L 14.52498746 38.87502766 14.52498746 39.32501406 0 P 0
L 15.09999266 26.20002126 15.69999146 26.20002126 0 P 0
L 15.09999266 27.29999366 15.69999146 27.29999366 0 P 0
L 15.09999266 28.40001686 15.69999146 28.40001686 0 P 0
L 15.09999266 29.49998926 15.69999146 29.49998926 0 P 0
L 15.09999266 30.60001246 15.69999146 30.60001246 0 P 0
L 15.09999266 31.69998486 15.69999146 31.69998486 0 P 0
L 15.09999266 32.80000806 15.69999146 32.80000806 0 P 0
L 15.09999266 33.89998046 15.69999146 33.89998046 0 P 0
L 15.09999266 35.00000366 15.69999146 35.00000366 0 P 0
L 15.09999266 36.10002686 15.69999146 36.10002686 0 P 0
L 15.09999266 37.59999846 15.69999146 37.59999846 0 P 0
L 15.09999266 39.10002086 15.69999146 39.10002086 0 P 0
L 15.17497346 25.97502806 15.17497346 26.42501446 0 P 0
L 15.17497346 25.97502806 15.62501066 25.97502806 0 P 0
L 15.17497346 26.42501446 15.62501066 26.42501446 0 P 0
L 15.17497346 27.07500046 15.17497346 27.52498686 0 P 0
L 15.17497346 27.07500046 15.62501066 27.07500046 0 P 0
L 15.17497346 27.52498686 15.62501066 27.52498686 0 P 0
L 15.17497346 28.17502366 15.17497346 28.62501006 0 P 0
L 15.17497346 28.17502366 15.62501066 28.17502366 0 P 0
L 15.17497346 28.62501006 15.62501066 28.62501006 0 P 0
L 15.17497346 29.27499606 15.17497346 29.72498246 0 P 0
L 15.17497346 29.27499606 15.62501066 29.27499606 0 P 0
L 15.17497346 29.72498246 15.62501066 29.72498246 0 P 0
L 15.17497346 30.37501926 15.17497346 30.82500566 0 P 0
L 15.17497346 30.37501926 15.62501066 30.37501926 0 P 0
L 15.17497346 30.82500566 15.62501066 30.82500566 0 P 0
L 15.17497346 31.47499166 15.17497346 31.92502886 0 P 0
L 15.17497346 31.47499166 15.62501066 31.47499166 0 P 0
L 15.17497346 31.92502886 15.62501066 31.92502886 0 P 0
L 15.17497346 32.57501486 15.17497346 33.02500126 0 P 0
L 15.17497346 32.57501486 15.62501066 32.57501486 0 P 0
L 15.17497346 33.02500126 15.62501066 33.02500126 0 P 0
L 15.17497346 33.67498726 15.17497346 34.12502446 0 P 0
L 15.17497346 33.67498726 15.62501066 33.67498726 0 P 0
L 15.17497346 34.12502446 15.62501066 34.12502446 0 P 0
L 15.17497346 34.77501046 15.17497346 35.22499686 0 P 0
L 15.17497346 34.77501046 15.62501066 34.77501046 0 P 0
L 15.17497346 35.22499686 15.62501066 35.22499686 0 P 0
L 15.17497346 35.87498286 15.17497346 36.32502006 0 P 0
L 15.17497346 35.87498286 15.62501066 35.87498286 0 P 0
L 15.17497346 36.32502006 15.62501066 36.32502006 0 P 0
L 15.17497346 37.37500526 15.17497346 37.82499166 0 P 0
L 15.17497346 37.37500526 15.62501066 37.37500526 0 P 0
L 15.17497346 37.82499166 15.62501066 37.82499166 0 P 0
L 15.17497346 38.87502766 15.17497346 39.32501406 0 P 0
L 15.17497346 38.87502766 15.62501066 38.87502766 0 P 0
L 15.17497346 39.32501406 15.62501066 39.32501406 0 P 0
L 15.40001746 25.89999646 15.40001746 26.49999526 0 P 0
L 15.40001746 27.00001966 15.40001746 27.60001846 0 P 0
L 15.40001746 28.09999206 15.40001746 28.69999086 0 P 0
L 15.40001746 29.20001526 15.40001746 29.80001406 0 P 0
L 15.40001746 30.29998766 15.40001746 30.89998646 0 P 0
L 15.40001746 31.40001086 15.40001746 32.00000966 0 P 0
L 15.40001746 32.49998326 15.40001746 33.09998206 0 P 0
L 15.40001746 33.60000646 15.40001746 34.20000526 0 P 0
L 15.40001746 34.70002966 15.40001746 35.30002846 0 P 0
L 15.40001746 35.80000206 15.40001746 36.40000086 0 P 0
L 15.40001746 37.30002446 15.40001746 37.90002326 0 P 0
L 15.40001746 38.79999606 15.40001746 39.39999486 0 P 0
L 15.62501066 25.97502806 15.62501066 26.42501446 0 P 0
L 15.62501066 27.07500046 15.62501066 27.52498686 0 P 0
L 15.62501066 28.17502366 15.62501066 28.62501006 0 P 0
L 15.62501066 29.27499606 15.62501066 29.72498246 0 P 0
L 15.62501066 30.37501926 15.62501066 30.82500566 0 P 0
L 15.62501066 31.47499166 15.62501066 31.92502886 0 P 0
L 15.62501066 32.57501486 15.62501066 33.02500126 0 P 0
L 15.62501066 33.67498726 15.62501066 34.12502446 0 P 0
L 15.62501066 34.77501046 15.62501066 35.22499686 0 P 0
L 15.62501066 35.87498286 15.62501066 36.32502006 0 P 0
L 15.62501066 37.37500526 15.62501066 37.82499166 0 P 0
L 15.62501066 38.87502766 15.62501066 39.32501406 0 P 0
