UNITS=MM
#Layer_Color=16711935
#
#Feature symbol names
#
$0 r49.9999
$1 r99.9998

#
#Feature attribute names
#

#
#Layer features
#
A 4.38900062 10.00000032 4.38900062 10.00000032 3.50000062 10.00000032 0 P 0 N
A 19.3890011 10.00000032 19.3890011 10.00000032 18.5000011 10.00000032 0 P 0 N
L 0.3499993 17.89999722 0.3499993 19.6999987 1 P 0
L 0.3499993 17.89999722 1.44999964 17.89999722 1 P 0
L 0.3499993 19.6999987 1.44999964 19.6999987 1 P 0
L 0.84000086 0.17999964 0.84000086 2.71999964 1 P 0
L 0.84000086 0.17999964 21.16000086 0.17999964 1 P 0
L 0.84000086 2.71999964 21.16000086 2.71999964 1 P 0
L 1.44999964 17.89999722 1.44999964 19.6999987 1 P 0
L 1.49999954 13.75000044 1.49999954 16.25000052 0 P 0
L 1.49999954 13.75000044 5.5000017 13.75000044 0 P 0
L 1.49999954 16.25000052 2.64999978 16.25000052 0 P 0
L 1.80008022 16.69999454 1.80008022 17.29998572 0 P 0
L 1.80008022 16.69999454 2.60008116 16.69999454 0 P 0
L 1.80008022 17.29998572 2.60008116 17.29998572 0 P 0
L 1.90000128 18.550001 1.90000128 19.65000134 0 P 0
L 1.90000128 18.550001 2.50000008 18.550001 0 P 0
L 1.90000128 19.65000134 2.50000008 19.65000134 0 P 0
L 2.50000008 18.550001 2.50000008 19.65000134 0 P 0
L 2.60008116 16.69999454 2.60008116 17.29998572 0 P 0
L 2.64999978 16.25000052 2.6501725 16.24991416 0 P 0
L 2.6501725 16.24991416 4.35000146 16.25000052 0 P 0
L 2.90000182 18.550001 2.90000182 19.65000134 0 P 0
L 2.90000182 18.550001 3.50000062 18.550001 0 P 0
L 2.90000182 19.65000134 3.50000062 19.65000134 0 P 0
L 3.14999624 31.45600008 3.14999624 32.00599898 1 P 0
L 3.14999624 31.45600008 4.19999668 31.45600008 1 P 0
L 3.14999624 32.00599898 4.19999668 32.00599898 1 P 0
L 3.14999624 36.85599944 3.14999624 37.40599834 1 P 0
L 3.14999624 36.85599944 4.19999668 36.85599944 1 P 0
L 3.14999624 37.40599834 4.19999668 37.40599834 1 P 0
L 3.32499716 32.7809987 3.32499716 36.08099972 0 P 0
L 3.32499716 32.7809987 4.9249965 32.7809987 0 P 0
L 3.32499716 36.08099972 4.9249965 36.08099972 0 P 0
L 3.50000062 18.550001 3.50000062 19.65000134 0 P 0
L 3.89999982 18.54999846 3.89999982 19.6499988 0 P 0
L 3.89999982 18.54999846 4.49999862 18.54999846 0 P 0
L 3.89999982 19.6499988 4.49999862 19.6499988 0 P 0
L 4.19999668 31.45600008 4.19999668 32.00599898 1 P 0
L 4.19999668 36.85599944 4.19999668 37.40599834 1 P 0
L 4.35000146 16.25000052 5.5000017 16.25000052 0 P 0
L 4.49999862 18.54999846 4.49999862 19.6499988 0 P 0
L 4.9249965 32.7809987 4.9249965 36.08099972 0 P 0
L 5.29999956 18.550001 5.29999956 19.65000134 0 P 0
L 5.29999956 18.550001 5.89999836 18.550001 0 P 0
L 5.29999956 19.65000134 5.89999836 19.65000134 0 P 0
L 5.5000017 13.75000044 5.5000017 16.25000052 0 P 0
L 5.89999836 18.550001 5.89999836 19.65000134 0 P 0
L 6.3000001 18.550001 6.3000001 19.65000134 0 P 0
L 6.3000001 18.550001 6.8999989 18.550001 0 P 0
L 6.3000001 19.65000134 6.8999989 19.65000134 0 P 0
L 6.75000174 31.54599736 6.75000174 38.04599706 0 P 0
L 6.75000174 31.54599736 13.25000144 31.54599736 0 P 0
L 6.75000174 38.04599706 13.25000144 38.04599706 0 P 0
L 6.8999989 18.550001 6.8999989 19.65000134 0 P 0
L 7.30000064 18.550001 7.30000064 19.65000134 0 P 0
L 7.30000064 18.550001 7.89999944 18.550001 0 P 0
L 7.30000064 19.65000134 7.89999944 19.65000134 0 P 0
L 7.89999944 18.550001 7.89999944 19.65000134 0 P 0
L 8.30000372 18.550001 8.30000372 19.65000134 0 P 0
L 8.30000372 18.550001 8.90000252 18.550001 0 P 0
L 8.30000372 19.65000134 8.90000252 19.65000134 0 P 0
L 8.90000252 18.550001 8.90000252 19.65000134 0 P 0
L 9.30000172 18.550001 9.30000172 19.65000134 0 P 0
L 9.30000172 18.550001 9.90000052 18.550001 0 P 0
L 9.30000172 19.65000134 9.90000052 19.65000134 0 P 0
L 9.33859956 13.52959956 9.33859956 15.62960044 0 P 0
L 9.33859956 13.52959956 11.43860044 13.52959956 0 P 0
L 9.33859956 15.62960044 11.43860044 15.62960044 0 P 0
L 9.90000052 18.550001 9.90000052 19.65000134 0 P 0
L 10.30000226 18.550001 10.30000226 19.65000134 0 P 0
L 10.30000226 18.550001 10.90000106 18.550001 0 P 0
L 10.30000226 19.65000134 10.90000106 19.65000134 0 P 0
L 10.90000106 18.550001 10.90000106 19.65000134 0 P 0
L 11.43860044 13.52959956 11.43860044 15.62960044 0 P 0
L 12.0000014 18.550001 12.0000014 19.65000134 0 P 0
L 12.0000014 18.550001 12.6000002 18.550001 0 P 0
L 12.0000014 19.65000134 12.6000002 19.65000134 0 P 0
L 12.6000002 18.550001 12.6000002 19.65000134 0 P 0
L 13.02500062 18.550001 13.02500062 19.65000134 0 P 0
L 13.02500062 18.550001 13.62499942 18.550001 0 P 0
L 13.02500062 19.65000134 13.62499942 19.65000134 0 P 0
L 13.25000144 31.54599736 13.25000144 38.04599706 0 P 0
L 13.62499942 18.550001 13.62499942 19.65000134 0 P 0
L 14.04999984 18.550001 14.04999984 19.65000134 0 P 0
L 14.04999984 18.550001 14.64999864 18.550001 0 P 0
L 14.04999984 19.65000134 14.64999864 19.65000134 0 P 0
L 14.64999864 18.550001 14.64999864 19.65000134 0 P 0
L 16.00000102 18.54999846 16.00000102 19.6499988 0 P 0
L 16.00000102 18.54999846 16.59999982 18.54999846 0 P 0
L 16.00000102 19.6499988 16.59999982 19.6499988 0 P 0
L 16.50000002 13.75000044 16.50000002 16.25000052 0 P 0
L 16.50000002 13.75000044 20.50000218 13.75000044 0 P 0
L 16.50000002 16.25000052 17.65000026 16.25000052 0 P 0
L 16.59999982 18.54999846 16.59999982 19.6499988 0 P 0
L 16.8000807 16.69999454 16.8000807 17.29998572 0 P 0
L 16.8000807 16.69999454 17.60008164 16.69999454 0 P 0
L 16.8000807 17.29998572 17.60008164 17.29998572 0 P 0
L 16.99999902 18.54999592 16.99999902 19.64999626 0 P 0
L 16.99999902 18.54999592 17.59999782 18.54999592 0 P 0
L 16.99999902 19.64999626 17.59999782 19.64999626 0 P 0
L 17.59999782 18.54999592 17.59999782 19.64999626 0 P 0
L 17.60008164 16.69999454 17.60008164 17.29998572 0 P 0
L 17.65000026 16.25000052 17.65017298 16.24991416 0 P 0
L 17.65017298 16.24991416 19.35000194 16.25000052 0 P 0
L 19.05 17.9000023 19.05 19.70000378 1 P 0
L 19.05 17.9000023 20.15000034 17.9000023 1 P 0
L 19.05 19.70000378 20.15000034 19.70000378 1 P 0
L 19.35000194 16.25000052 20.50000218 16.25000052 0 P 0
L 20.15000034 17.9000023 20.15000034 19.70000378 1 P 0
L 20.50000218 13.75000044 20.50000218 16.25000052 0 P 0
L 21.16000086 0.17999964 21.16000086 2.71999964 1 P 0
