UNITS=MM
#Layer_Color=9474304
#
#Feature symbol names
#
$0 r127

#
#Feature attribute names
#

#
#Layer features
#
L 0.5104003 17.3228 0.8103997 17.3228 0 P 0
L 0.60000134 39.15000044 0.90000074 39.15000044 0 P 0
L 0.6604 17.1728003 0.6604 17.4727997 0 P 0
L 0.75000104 39.00000074 0.75000104 39.30000014 0 P 0
L 1.56000196 4.21999918 2.65999976 4.21999918 0 P 0
L 2.11000086 3.67000028 2.11000086 4.76999808 0 P 0
L 2.37499906 33.07500116 2.67499846 33.07500116 0 P 0
L 2.37499906 35.67500104 2.67499846 35.67500104 0 P 0
L 2.4750014 22.50000072 2.7750008 22.50000072 0 P 0
L 2.52499876 32.92500146 2.52499876 33.22500086 0 P 0
L 2.52499876 35.52500134 2.52499876 35.82500074 0 P 0
L 2.60000242 10.00000032 4.39999882 10.00000032 0 P 0
L 2.6250011 22.35000102 2.6250011 22.65000042 0 P 0
L 3.05000152 17.89999976 3.35000092 17.89999976 0 P 0
L 3.20000122 17.75000006 3.20000122 18.04999946 0 P 0
L 3.45000072 22.6500055 3.75000012 22.6500055 0 P 0
L 3.45000072 24.15000504 3.75000012 24.15000504 0 P 0
L 3.45000072 25.65000458 3.75000012 25.65000458 0 P 0
L 3.45000072 27.15000412 3.75000012 27.15000412 0 P 0
L 3.45000072 28.65000366 3.75000012 28.65000366 0 P 0
L 3.45000072 30.1500032 3.75000012 30.1500032 0 P 0
L 3.45000072 34.65000182 3.75000012 34.65000182 0 P 0
L 3.50000062 9.10000212 3.50000062 10.89999852 0 P 0
L 3.60000042 22.5000058 3.60000042 22.8000052 0 P 0
L 3.60000042 24.00000534 3.60000042 24.30000474 0 P 0
L 3.60000042 25.50000488 3.60000042 25.80000428 0 P 0
L 3.60000042 27.00000442 3.60000042 27.30000382 0 P 0
L 3.60000042 28.50000396 3.60000042 28.80000336 0 P 0
L 3.60000042 30.0000035 3.60000042 30.3000029 0 P 0
L 3.60000042 34.50000212 3.60000042 34.80000152 0 P 0
L 3.8632003 20.3454 4.1631997 20.3454 0 P 0
L 4.0132 20.1954003 4.0132 20.4953997 0 P 0
L 4.10000196 4.21999918 5.19999976 4.21999918 0 P 0
L 4.65000086 3.67000028 4.65000086 4.76999808 0 P 0
L 4.8792003 17.2212 5.1791997 17.2212 0 P 0
L 4.95000026 22.6500055 5.24999966 22.6500055 0 P 0
L 4.95000026 24.15000504 5.24999966 24.15000504 0 P 0
L 4.95000026 25.65000458 5.24999966 25.65000458 0 P 0
L 4.95000026 27.15000412 5.24999966 27.15000412 0 P 0
L 4.95000026 28.65000366 5.24999966 28.65000366 0 P 0
L 4.95000026 30.1500032 5.24999966 30.1500032 0 P 0
L 4.95000026 31.65000274 5.24999966 31.65000274 0 P 0
L 5.0292 17.0712003 5.0292 17.3711997 0 P 0
L 5.09999996 22.5000058 5.09999996 22.8000052 0 P 0
L 5.09999996 24.00000534 5.09999996 24.30000474 0 P 0
L 5.09999996 25.50000488 5.09999996 25.80000428 0 P 0
L 5.09999996 27.00000442 5.09999996 27.30000382 0 P 0
L 5.09999996 28.50000396 5.09999996 28.80000336 0 P 0
L 5.09999996 30.0000035 5.09999996 30.3000029 0 P 0
L 5.09999996 31.50000304 5.09999996 31.80000244 0 P 0
L 5.37500068 32.92499892 5.67500008 32.92499892 0 P 0
L 5.44999926 20.30000004 5.74999866 20.30000004 0 P 0
L 5.52500038 32.77499922 5.52500038 33.07499862 0 P 0
L 5.59999896 20.15000034 5.59999896 20.44999974 0 P 0
L 5.62500018 35.94999922 5.92499958 35.94999922 0 P 0
L 5.77499988 35.79999952 5.77499988 36.09999892 0 P 0
L 6.3000001 39.27499892 6.5999995 39.27499892 0 P 0
L 6.4499998 20.30000004 6.7499992 20.30000004 0 P 0
L 6.4499998 39.12499922 6.4499998 39.42499862 0 P 0
L 6.5999995 20.15000034 6.5999995 20.44999974 0 P 0
L 6.64000196 4.21999918 7.73999976 4.21999918 0 P 0
L 6.72500052 6.62500072 7.02499992 6.62500072 0 P 0
L 6.87500022 6.47500102 6.87500022 6.77500042 0 P 0
L 7.05000114 39.27499892 7.35000054 39.27499892 0 P 0
L 7.19000086 3.67000028 7.19000086 4.76999808 0 P 0
L 7.20000084 39.12499922 7.20000084 39.42499862 0 P 0
L 7.45000034 20.30000004 7.74999974 20.30000004 0 P 0
L 7.60000004 20.15000034 7.60000004 20.44999974 0 P 0
L 7.6478003 33.1216 7.9477997 33.1216 0 P 0
L 7.64999994 36.54600006 7.94999934 36.54600006 0 P 0
L 7.7978 32.9716003 7.7978 33.2715997 0 P 0
L 7.79999964 36.39600036 7.79999964 36.69599976 0 P 0
L 7.79999964 39.27499892 8.09999904 39.27499892 0 P 0
L 7.8256003 38.5318 8.1255997 38.5318 0 P 0
L 7.94999934 24.15000504 8.24999874 24.15000504 0 P 0
L 7.94999934 25.65000458 8.24999874 25.65000458 0 P 0
L 7.94999934 27.15000412 8.24999874 27.15000412 0 P 0
L 7.94999934 28.65000366 8.24999874 28.65000366 0 P 0
L 7.94999934 30.1500032 8.24999874 30.1500032 0 P 0
L 7.94999934 39.12499922 7.94999934 39.42499862 0 P 0
L 7.9756 38.3818003 7.9756 38.6817997 0 P 0
L 8.06749974 9.96500166 9.06249902 9.96500166 0 P 0
L 8.09999904 24.00000534 8.09999904 24.30000474 0 P 0
L 8.09999904 25.50000488 8.09999904 25.80000428 0 P 0
L 8.09999904 27.00000442 8.09999904 27.30000382 0 P 0
L 8.09999904 28.50000396 8.09999904 28.80000336 0 P 0
L 8.09999904 30.0000035 8.09999904 30.3000029 0 P 0
L 8.3082003 33.5534 8.6081997 33.5534 0 P 0
L 8.31000116 35.7559991 8.61000056 35.7559991 0 P 0
L 8.3400011 34.79599848 8.6400005 34.79599848 0 P 0
L 8.4582 33.4034003 8.4582 33.7033997 0 P 0
L 8.46000086 35.6059994 8.46000086 35.9059988 0 P 0
L 8.4900008 34.64599878 8.4900008 34.94599818 0 P 0
L 8.5114003 38.5572 8.8113997 38.5572 0 P 0
L 8.56499938 9.46750202 8.56499938 10.4625013 0 P 0
L 8.6614 38.4072003 8.6614 38.7071997 0 P 0
L 8.70000038 39.27499892 8.99999978 39.27499892 0 P 0
L 8.85000008 39.12499922 8.85000008 39.42499862 0 P 0
L 8.9499821 33.1459332 9.2499815 33.1459332 0 P 0
L 9.0999818 32.9959335 9.0999818 33.2959329 0 P 0
L 9.14999948 33.87292946 9.44999888 33.87292946 0 P 0
L 9.14999948 34.81599844 9.44999888 34.81599844 0 P 0
L 9.18000196 4.21999918 10.27999976 4.21999918 0 P 0
L 9.2480003 38.5572 9.5479997 38.5572 0 P 0
L 9.29999918 33.72292976 9.29999918 34.02292916 0 P 0
L 9.29999918 34.66599874 9.29999918 34.96599814 0 P 0
L 9.398 38.4072003 9.398 38.7071997 0 P 0
L 9.41999894 35.94599872 9.71999834 35.94599872 0 P 0
L 9.44999888 22.6500055 9.74999828 22.6500055 0 P 0
L 9.44999888 24.15000504 9.74999828 24.15000504 0 P 0
L 9.44999888 25.65000458 9.74999828 25.65000458 0 P 0
L 9.44999888 39.27499892 9.74999828 39.27499892 0 P 0
L 9.50000132 16.17780102 9.80000072 16.17780102 0 P 0
L 9.56999864 35.79599902 9.56999864 36.09599842 0 P 0
L 9.59999858 22.5000058 9.59999858 22.8000052 0 P 0
L 9.59999858 24.00000534 9.59999858 24.30000474 0 P 0
L 9.59999858 25.50000488 9.59999858 25.80000428 0 P 0
L 9.59999858 39.12499922 9.59999858 39.42499862 0 P 0
L 9.60000112 6.87500022 9.90000052 6.87500022 0 P 0
L 9.65000102 16.02780132 9.65000102 16.32780072 0 P 0
L 9.73000086 3.67000028 9.73000086 4.76999808 0 P 0
L 9.75000082 6.72500052 9.75000082 7.02499992 0 P 0
L 9.97000038 36.43599774 10.26999978 36.43599774 0 P 0
L 10.0749989 35.79599902 10.3749983 35.79599902 0 P 0
L 10.0862003 38.5572 10.3861997 38.5572 0 P 0
L 10.10000012 34.79599848 10.39999952 34.79599848 0 P 0
L 10.12000008 36.28599804 10.12000008 36.58599744 0 P 0
L 10.19999992 39.27499892 10.49999932 39.27499892 0 P 0
L 10.2249986 35.64599932 10.2249986 35.94599872 0 P 0
L 10.2362 38.4072003 10.2362 38.7071997 0 P 0
L 10.24999982 34.64599878 10.24999982 34.94599818 0 P 0
L 10.34999962 39.12499922 10.34999962 39.42499862 0 P 0
L 10.6450003 33.1216 10.9449997 33.1216 0 P 0
L 10.67500024 36.37099914 10.97499964 36.37099914 0 P 0
L 10.69999892 37.02100038 10.99999832 37.02100038 0 P 0
L 10.795 32.9716003 10.795 33.2715997 0 P 0
L 10.7974003 38.5572 11.0973997 38.5572 0 P 0
L 10.82499994 36.22099944 10.82499994 36.52099884 0 P 0
L 10.84999862 36.87100068 10.84999862 37.17100008 0 P 0
L 10.9474 38.4072003 10.9474 38.7071997 0 P 0
L 10.9498003 8.52179906 11.2497997 8.52179906 0 P 0
L 10.94999842 22.6500055 11.24999782 22.6500055 0 P 0
L 10.94999842 24.15000504 11.24999782 24.15000504 0 P 0
L 10.95000096 39.27499892 11.25000036 39.27499892 0 P 0
L 11.0998 8.37179936 11.0998 8.67179876 0 P 0
L 11.09999812 22.5000058 11.09999812 22.8000052 0 P 0
L 11.09999812 24.00000534 11.09999812 24.30000474 0 P 0
L 11.10000066 39.12499922 11.10000066 39.42499862 0 P 0
L 11.72000196 4.21999918 12.81999976 4.21999918 0 P 0
L 11.9500015 33.44600118 12.2500009 33.44600118 0 P 0
L 12.1000012 33.29600148 12.1000012 33.59600088 0 P 0
L 12.2452003 8.4074 12.5451997 8.4074 0 P 0
L 12.27000086 3.67000028 12.27000086 4.76999808 0 P 0
L 12.3952 8.2574003 12.3952 8.5573997 0 P 0
L 12.44999796 27.15000412 12.74999736 27.15000412 0 P 0
L 12.44999796 28.65000366 12.74999736 28.65000366 0 P 0
L 12.44999796 30.1500032 12.74999736 30.1500032 0 P 0
L 12.4500005 34.6250006 12.7499999 34.6250006 0 P 0
L 12.59999766 27.00000442 12.59999766 27.30000382 0 P 0
L 12.59999766 28.50000396 12.59999766 28.80000336 0 P 0
L 12.59999766 30.0000035 12.59999766 30.3000029 0 P 0
L 12.6000002 34.4750009 12.6000002 34.7750003 0 P 0
L 12.6500001 15.6750004 12.9499995 15.6750004 0 P 0
L 12.7999998 15.5250007 12.7999998 15.8250001 0 P 0
L 13.14749974 8.94900166 14.14249902 8.94900166 0 P 0
L 13.14749974 10.98100166 14.14249902 10.98100166 0 P 0
L 13.20000154 34.6250006 13.50000094 34.6250006 0 P 0
L 13.35000124 34.4750009 13.35000124 34.7750003 0 P 0
L 13.64499938 8.45150202 13.64499938 9.4465013 0 P 0
L 13.64499938 10.48350202 13.64499938 11.4785013 0 P 0
L 13.85000024 16.87500054 14.14999964 16.87500054 0 P 0
L 13.9499975 25.65000458 14.2499969 25.65000458 0 P 0
L 13.9499975 27.15000412 14.2499969 27.15000412 0 P 0
L 13.9499975 28.65000366 14.2499969 28.65000366 0 P 0
L 13.9499975 30.1500032 14.2499969 30.1500032 0 P 0
L 13.9499975 31.65000274 14.2499969 31.65000274 0 P 0
L 13.9499975 33.15000228 14.2499969 33.15000228 0 P 0
L 13.95000004 34.6250006 14.24999944 34.6250006 0 P 0
L 13.99999994 16.72500084 13.99999994 17.02500024 0 P 0
L 14.0999972 25.50000488 14.0999972 25.80000428 0 P 0
L 14.0999972 27.00000442 14.0999972 27.30000382 0 P 0
L 14.0999972 28.50000396 14.0999972 28.80000336 0 P 0
L 14.0999972 30.0000035 14.0999972 30.3000029 0 P 0
L 14.0999972 31.50000304 14.0999972 31.80000244 0 P 0
L 14.0999972 33.00000258 14.0999972 33.30000198 0 P 0
L 14.09999974 34.4750009 14.09999974 34.7750003 0 P 0
L 14.26000196 4.21999918 15.35999976 4.21999918 0 P 0
L 14.70000108 34.6250006 15.00000048 34.6250006 0 P 0
L 14.81000086 3.67000028 14.81000086 4.76999808 0 P 0
L 14.85000078 34.4750009 14.85000078 34.7750003 0 P 0
L 15.44999704 24.15000504 15.74999644 24.15000504 0 P 0
L 15.44999704 25.65000458 15.74999644 25.65000458 0 P 0
L 15.44999704 27.15000412 15.74999644 27.15000412 0 P 0
L 15.44999704 28.65000366 15.74999644 28.65000366 0 P 0
L 15.44999704 30.1500032 15.74999644 30.1500032 0 P 0
L 15.44999704 31.65000274 15.74999644 31.65000274 0 P 0
L 15.44999704 33.15000228 15.74999644 33.15000228 0 P 0
L 15.44999958 34.6250006 15.74999898 34.6250006 0 P 0
L 15.59999674 24.00000534 15.59999674 24.30000474 0 P 0
L 15.59999674 25.50000488 15.59999674 25.80000428 0 P 0
L 15.59999674 27.00000442 15.59999674 27.30000382 0 P 0
L 15.59999674 28.50000396 15.59999674 28.80000336 0 P 0
L 15.59999674 30.0000035 15.59999674 30.3000029 0 P 0
L 15.59999674 31.50000304 15.59999674 31.80000244 0 P 0
L 15.59999674 33.00000258 15.59999674 33.30000198 0 P 0
L 15.59999928 34.4750009 15.59999928 34.7750003 0 P 0
L 16.15000072 20.30000004 16.45000012 20.30000004 0 P 0
L 16.20000062 34.6250006 16.50000002 34.6250006 0 P 0
L 16.30000042 20.15000034 16.30000042 20.44999974 0 P 0
L 16.35000032 34.4750009 16.35000032 34.7750003 0 P 0
L 16.80000196 4.21999918 17.89999976 4.21999918 0 P 0
L 16.9188003 17.6784 17.2187997 17.6784 0 P 0
L 16.94999658 22.6500055 17.24999598 22.6500055 0 P 0
L 16.94999658 24.15000504 17.24999598 24.15000504 0 P 0
L 16.94999658 25.65000458 17.24999598 25.65000458 0 P 0
L 16.94999658 27.15000412 17.24999598 27.15000412 0 P 0
L 16.94999658 28.65000366 17.24999598 28.65000366 0 P 0
L 16.94999658 30.1500032 17.24999598 30.1500032 0 P 0
L 16.94999658 31.65000274 17.24999598 31.65000274 0 P 0
L 16.94999658 33.15000228 17.24999598 33.15000228 0 P 0
L 16.94999658 34.65000182 17.24999598 34.65000182 0 P 0
L 16.94999658 36.15000136 17.24999598 36.15000136 0 P 0
L 16.94999658 37.6500009 17.24999598 37.6500009 0 P 0
L 16.94999658 39.15000044 17.24999598 39.15000044 0 P 0
L 16.94999912 35.40000032 17.24999852 35.40000032 0 P 0
L 16.94999912 36.89999986 17.24999852 36.89999986 0 P 0
L 16.94999912 38.3999994 17.24999852 38.3999994 0 P 0
L 17.0688 17.5284003 17.0688 17.8283997 0 P 0
L 17.09999628 22.5000058 17.09999628 22.8000052 0 P 0
L 17.09999628 24.00000534 17.09999628 24.30000474 0 P 0
L 17.09999628 25.50000488 17.09999628 25.80000428 0 P 0
L 17.09999628 27.00000442 17.09999628 27.30000382 0 P 0
L 17.09999628 28.50000396 17.09999628 28.80000336 0 P 0
L 17.09999628 30.0000035 17.09999628 30.3000029 0 P 0
L 17.09999628 31.50000304 17.09999628 31.80000244 0 P 0
L 17.09999628 33.00000258 17.09999628 33.30000198 0 P 0
L 17.09999628 34.50000212 17.09999628 34.80000152 0 P 0
L 17.09999628 36.00000166 17.09999628 36.30000106 0 P 0
L 17.09999628 37.5000012 17.09999628 37.8000006 0 P 0
L 17.09999628 39.00000074 17.09999628 39.30000014 0 P 0
L 17.09999882 35.25000062 17.09999882 35.55000002 0 P 0
L 17.09999882 36.75000016 17.09999882 37.04999956 0 P 0
L 17.09999882 38.2499997 17.09999882 38.5499991 0 P 0
L 17.14999872 20.2999975 17.44999812 20.2999975 0 P 0
L 17.29999842 20.1499978 17.29999842 20.4499972 0 P 0
L 17.35000086 3.67000028 17.35000086 4.76999808 0 P 0
L 17.6000029 10.00000032 19.3999993 10.00000032 0 P 0
L 18.14999926 20.54999954 18.44999866 20.54999954 0 P 0
L 18.29999896 20.39999984 18.29999896 20.69999924 0 P 0
L 18.44999612 22.6500055 18.74999552 22.6500055 0 P 0
L 18.44999612 24.15000504 18.74999552 24.15000504 0 P 0
L 18.44999612 25.65000458 18.74999552 25.65000458 0 P 0
L 18.44999612 27.15000412 18.74999552 27.15000412 0 P 0
L 18.44999612 28.65000366 18.74999552 28.65000366 0 P 0
L 18.44999612 30.1500032 18.74999552 30.1500032 0 P 0
L 18.44999612 31.65000274 18.74999552 31.65000274 0 P 0
L 18.44999612 33.15000228 18.74999552 33.15000228 0 P 0
L 18.44999612 34.65000182 18.74999552 34.65000182 0 P 0
L 18.44999612 36.15000136 18.74999552 36.15000136 0 P 0
L 18.44999612 37.6500009 18.74999552 37.6500009 0 P 0
L 18.44999612 39.15000044 18.74999552 39.15000044 0 P 0
L 18.5000011 9.10000212 18.5000011 10.89999852 0 P 0
L 18.59999582 22.5000058 18.59999582 22.8000052 0 P 0
L 18.59999582 24.00000534 18.59999582 24.30000474 0 P 0
L 18.59999582 25.50000488 18.59999582 25.80000428 0 P 0
L 18.59999582 27.00000442 18.59999582 27.30000382 0 P 0
L 18.59999582 28.50000396 18.59999582 28.80000336 0 P 0
L 18.59999582 30.0000035 18.59999582 30.3000029 0 P 0
L 18.59999582 31.50000304 18.59999582 31.80000244 0 P 0
L 18.59999582 33.00000258 18.59999582 33.30000198 0 P 0
L 18.59999582 34.50000212 18.59999582 34.80000152 0 P 0
L 18.59999582 36.00000166 18.59999582 36.30000106 0 P 0
L 18.59999582 37.5000012 18.59999582 37.8000006 0 P 0
L 18.59999582 39.00000074 18.59999582 39.30000014 0 P 0
L 19.34000196 4.21999918 20.43999976 4.21999918 0 P 0
L 19.89000086 3.67000028 19.89000086 4.76999808 0 P 0
L 19.94999566 22.6500055 20.24999506 22.6500055 0 P 0
L 19.94999566 24.15000504 20.24999506 24.15000504 0 P 0
L 19.94999566 25.65000458 20.24999506 25.65000458 0 P 0
L 19.94999566 27.15000412 20.24999506 27.15000412 0 P 0
L 19.94999566 28.65000366 20.24999506 28.65000366 0 P 0
L 19.94999566 30.1500032 20.24999506 30.1500032 0 P 0
L 19.94999566 31.65000274 20.24999506 31.65000274 0 P 0
L 19.94999566 33.15000228 20.24999506 33.15000228 0 P 0
L 19.94999566 34.65000182 20.24999506 34.65000182 0 P 0
L 19.94999566 36.15000136 20.24999506 36.15000136 0 P 0
L 19.94999566 37.6500009 20.24999506 37.6500009 0 P 0
L 19.94999566 39.15000044 20.24999506 39.15000044 0 P 0
L 20.09999536 22.5000058 20.09999536 22.8000052 0 P 0
L 20.09999536 24.00000534 20.09999536 24.30000474 0 P 0
L 20.09999536 25.50000488 20.09999536 25.80000428 0 P 0
L 20.09999536 27.00000442 20.09999536 27.30000382 0 P 0
L 20.09999536 28.50000396 20.09999536 28.80000336 0 P 0
L 20.09999536 30.0000035 20.09999536 30.3000029 0 P 0
L 20.09999536 31.50000304 20.09999536 31.80000244 0 P 0
L 20.09999536 33.00000258 20.09999536 33.30000198 0 P 0
L 20.09999536 34.50000212 20.09999536 34.80000152 0 P 0
L 20.09999536 36.00000166 20.09999536 36.30000106 0 P 0
L 20.09999536 37.5000012 20.09999536 37.8000006 0 P 0
L 20.09999536 39.00000074 20.09999536 39.30000014 0 P 0
L 21.00000118 34.64999928 21.30000058 34.64999928 0 P 0
L 21.15000088 20.39999984 21.45000028 20.39999984 0 P 0
L 21.15000088 21.15000088 21.45000028 21.15000088 0 P 0
L 21.15000088 22.65000042 21.45000028 22.65000042 0 P 0
L 21.15000088 24.14999996 21.45000028 24.14999996 0 P 0
L 21.15000088 25.6499995 21.45000028 25.6499995 0 P 0
L 21.15000088 27.14999904 21.45000028 27.14999904 0 P 0
L 21.15000088 28.65000112 21.45000028 28.65000112 0 P 0
L 21.15000088 30.15000066 21.45000028 30.15000066 0 P 0
L 21.15000088 31.6500002 21.45000028 31.6500002 0 P 0
L 21.15000088 33.14999974 21.45000028 33.14999974 0 P 0
L 21.15000088 34.49999958 21.15000088 34.79999898 0 P 0
L 21.15000088 36.14999882 21.45000028 36.14999882 0 P 0
L 21.15000088 37.6500009 21.45000028 37.6500009 0 P 0
L 21.15000088 39.15000044 21.45000028 39.15000044 0 P 0
L 21.30000058 20.25000014 21.30000058 20.54999954 0 P 0
L 21.30000058 21.00000118 21.30000058 21.30000058 0 P 0
L 21.30000058 22.50000072 21.30000058 22.80000012 0 P 0
L 21.30000058 24.00000026 21.30000058 24.29999966 0 P 0
L 21.30000058 25.4999998 21.30000058 25.7999992 0 P 0
L 21.30000058 26.99999934 21.30000058 27.29999874 0 P 0
L 21.30000058 28.50000142 21.30000058 28.80000082 0 P 0
L 21.30000058 30.00000096 21.30000058 30.30000036 0 P 0
L 21.30000058 31.5000005 21.30000058 31.7999999 0 P 0
L 21.30000058 33.00000004 21.30000058 33.29999944 0 P 0
L 21.30000058 35.99999912 21.30000058 36.29999852 0 P 0
L 21.30000058 37.5000012 21.30000058 37.8000006 0 P 0
L 21.30000058 39.00000074 21.30000058 39.30000014 0 P 0
