UNITS=MM
#Layer_Color=9474304
#
#Feature symbol names
#
$0 r127

#
#Feature attribute names
#

#
#Layer features
#
L 0.60000134 9.19999938 0.90000074 9.19999938 0 P 0
L 0.60000134 10.69999892 0.90000074 10.69999892 0 P 0
L 0.60184284 4.6998255 0.90184224 4.6998255 0 P 0
L 0.60184284 6.19982504 0.90184224 6.19982504 0 P 0
L 0.60184284 7.69982458 0.90184224 7.69982458 0 P 0
L 0.60184284 12.19982574 0.90184224 12.19982574 0 P 0
L 0.60184284 13.69982528 0.90184224 13.69982528 0 P 0
L 0.60184284 15.19982482 0.90184224 15.19982482 0 P 0
L 0.60184284 16.69982436 0.90184224 16.69982436 0 P 0
L 0.60184284 18.1998239 0.90184224 18.1998239 0 P 0
L 0.60184284 19.69982598 0.90184224 19.69982598 0 P 0
L 0.60184284 21.19982552 0.90184224 21.19982552 0 P 0
L 0.75000104 9.04999968 0.75000104 9.34999908 0 P 0
L 0.75000104 10.54999922 0.75000104 10.84999862 0 P 0
L 0.75184254 4.5498258 0.75184254 4.8498252 0 P 0
L 0.75184254 6.04982534 0.75184254 6.34982474 0 P 0
L 0.75184254 7.54982488 0.75184254 7.84982428 0 P 0
L 0.75184254 12.04982604 0.75184254 12.34982544 0 P 0
L 0.75184254 13.54982558 0.75184254 13.84982498 0 P 0
L 0.75184254 15.04982512 0.75184254 15.34982452 0 P 0
L 0.75184254 16.54982466 0.75184254 16.84982406 0 P 0
L 0.75184254 18.0498242 0.75184254 18.3498236 0 P 0
L 0.75184254 19.54982628 0.75184254 19.84982568 0 P 0
L 0.75184254 21.04982582 0.75184254 21.34982522 0 P 0
L 1.60000188 2.50000008 3.39999828 2.50000008 0 P 0
L 1.85000646 4.70000076 2.15000586 4.70000076 0 P 0
L 1.85000646 6.2000003 2.15000586 6.2000003 0 P 0
L 1.85000646 7.69999984 2.15000586 7.69999984 0 P 0
L 1.85000646 9.19999938 2.15000586 9.19999938 0 P 0
L 1.85000646 10.69999892 2.15000586 10.69999892 0 P 0
L 1.85000646 12.19999846 2.15000586 12.19999846 0 P 0
L 1.85000646 13.699998 2.15000586 13.699998 0 P 0
L 1.85000646 15.19999754 2.15000586 15.19999754 0 P 0
L 1.85000646 16.69999708 2.15000586 16.69999708 0 P 0
L 1.85000646 18.19999662 2.15000586 18.19999662 0 P 0
L 1.85000646 19.69999616 2.15000586 19.69999616 0 P 0
L 1.85000646 21.1999957 2.15000586 21.1999957 0 P 0
L 2.00000616 4.55000106 2.00000616 4.85000046 0 P 0
L 2.00000616 6.0500006 2.00000616 6.35 0 P 0
L 2.00000616 7.55000014 2.00000616 7.84999954 0 P 0
L 2.00000616 9.04999968 2.00000616 9.34999908 0 P 0
L 2.00000616 10.54999922 2.00000616 10.84999862 0 P 0
L 2.00000616 12.04999876 2.00000616 12.34999816 0 P 0
L 2.00000616 13.5499983 2.00000616 13.8499977 0 P 0
L 2.00000616 15.04999784 2.00000616 15.34999724 0 P 0
L 2.00000616 16.54999738 2.00000616 16.84999678 0 P 0
L 2.00000616 18.04999692 2.00000616 18.34999632 0 P 0
L 2.00000616 19.54999646 2.00000616 19.84999586 0 P 0
L 2.00000616 21.049996 2.00000616 21.3499954 0 P 0
L 2.50000008 1.60000188 2.50000008 3.39999828 0 P 0
L 3.350006 4.70000076 3.6500054 4.70000076 0 P 0
L 3.350006 6.2000003 3.6500054 6.2000003 0 P 0
L 3.350006 7.69999984 3.6500054 7.69999984 0 P 0
L 3.350006 9.19999938 3.6500054 9.19999938 0 P 0
L 3.350006 10.69999892 3.6500054 10.69999892 0 P 0
L 3.350006 12.19999846 3.6500054 12.19999846 0 P 0
L 3.350006 13.699998 3.6500054 13.699998 0 P 0
L 3.350006 15.19999754 3.6500054 15.19999754 0 P 0
L 3.350006 16.69999708 3.6500054 16.69999708 0 P 0
L 3.350006 18.19999662 3.6500054 18.19999662 0 P 0
L 3.350006 19.69999616 3.6500054 19.69999616 0 P 0
L 3.350006 21.1999957 3.6500054 21.1999957 0 P 0
L 3.5000057 4.55000106 3.5000057 4.85000046 0 P 0
L 3.5000057 6.0500006 3.5000057 6.35 0 P 0
L 3.5000057 7.55000014 3.5000057 7.84999954 0 P 0
L 3.5000057 9.04999968 3.5000057 9.34999908 0 P 0
L 3.5000057 10.54999922 3.5000057 10.84999862 0 P 0
L 3.5000057 12.04999876 3.5000057 12.34999816 0 P 0
L 3.5000057 13.5499983 3.5000057 13.8499977 0 P 0
L 3.5000057 15.04999784 3.5000057 15.34999724 0 P 0
L 3.5000057 16.54999738 3.5000057 16.84999678 0 P 0
L 3.5000057 18.04999692 3.5000057 18.34999632 0 P 0
L 3.5000057 19.54999646 3.5000057 19.84999586 0 P 0
L 3.5000057 21.049996 3.5000057 21.3499954 0 P 0
L 4.85000046 0.77499972 5.14999986 0.77499972 0 P 0
L 4.85000046 1.79999894 5.14999986 1.79999894 0 P 0
L 4.85000554 3.20000122 5.15000494 3.20000122 0 P 0
L 4.85000554 4.70000076 5.15000494 4.70000076 0 P 0
L 4.85000554 6.2000003 5.15000494 6.2000003 0 P 0
L 4.85000554 7.69999984 5.15000494 7.69999984 0 P 0
L 4.85000554 9.19999938 5.15000494 9.19999938 0 P 0
L 4.85000554 10.69999892 5.15000494 10.69999892 0 P 0
L 4.85000554 12.19999846 5.15000494 12.19999846 0 P 0
L 4.85000554 13.699998 5.15000494 13.699998 0 P 0
L 4.85000554 15.19999754 5.15000494 15.19999754 0 P 0
L 4.85000554 16.69999708 5.15000494 16.69999708 0 P 0
L 4.85000554 18.19999662 5.15000494 18.19999662 0 P 0
L 4.85000554 19.69999616 5.15000494 19.69999616 0 P 0
L 4.85000554 21.1999957 5.15000494 21.1999957 0 P 0
L 5.00000016 0.62500002 5.00000016 0.92499942 0 P 0
L 5.00000016 1.64999924 5.00000016 1.94999864 0 P 0
L 5.00000524 3.05000152 5.00000524 3.35000092 0 P 0
L 5.00000524 4.55000106 5.00000524 4.85000046 0 P 0
L 5.00000524 6.0500006 5.00000524 6.35 0 P 0
L 5.00000524 7.55000014 5.00000524 7.84999954 0 P 0
L 5.00000524 9.04999968 5.00000524 9.34999908 0 P 0
L 5.00000524 10.54999922 5.00000524 10.84999862 0 P 0
L 5.00000524 12.04999876 5.00000524 12.34999816 0 P 0
L 5.00000524 13.5499983 5.00000524 13.8499977 0 P 0
L 5.00000524 15.04999784 5.00000524 15.34999724 0 P 0
L 5.00000524 16.54999738 5.00000524 16.84999678 0 P 0
L 5.00000524 18.04999692 5.00000524 18.34999632 0 P 0
L 5.00000524 19.54999646 5.00000524 19.84999586 0 P 0
L 5.00000524 21.049996 5.00000524 21.3499954 0 P 0
L 6.32500132 1.79999894 6.62500072 1.79999894 0 P 0
L 6.35 0.77499972 6.6499994 0.77499972 0 P 0
L 6.35000508 3.20000122 6.65000448 3.20000122 0 P 0
L 6.35000508 4.70000076 6.65000448 4.70000076 0 P 0
L 6.35000508 6.2000003 6.65000448 6.2000003 0 P 0
L 6.35000508 7.69999984 6.65000448 7.69999984 0 P 0
L 6.35000508 12.19999846 6.65000448 12.19999846 0 P 0
L 6.35000508 13.699998 6.65000448 13.699998 0 P 0
L 6.35000508 15.19999754 6.65000448 15.19999754 0 P 0
L 6.35000508 16.69999708 6.65000448 16.69999708 0 P 0
L 6.35000508 18.19999662 6.65000448 18.19999662 0 P 0
L 6.35000508 19.69999616 6.65000448 19.69999616 0 P 0
L 6.35000508 21.1999957 6.65000448 21.1999957 0 P 0
L 6.47500102 1.64999924 6.47500102 1.94999864 0 P 0
L 6.4999997 0.62500002 6.4999997 0.92499942 0 P 0
L 6.50000478 3.05000152 6.50000478 3.35000092 0 P 0
L 6.50000478 4.55000106 6.50000478 4.85000046 0 P 0
L 6.50000478 6.0500006 6.50000478 6.35 0 P 0
L 6.50000478 7.55000014 6.50000478 7.84999954 0 P 0
L 6.50000478 12.04999876 6.50000478 12.34999816 0 P 0
L 6.50000478 13.5499983 6.50000478 13.8499977 0 P 0
L 6.50000478 15.04999784 6.50000478 15.34999724 0 P 0
L 6.50000478 16.54999738 6.50000478 16.84999678 0 P 0
L 6.50000478 18.04999692 6.50000478 18.34999632 0 P 0
L 6.50000478 19.54999646 6.50000478 19.84999586 0 P 0
L 6.50000478 21.049996 6.50000478 21.3499954 0 P 0
L 7.22499952 16.84999932 7.52499892 16.84999932 0 P 0
L 7.37499922 16.69999962 7.37499922 16.99999902 0 P 0
L 7.79999964 1.79999894 8.09999904 1.79999894 0 P 0
L 7.84999954 0.77499972 8.14999894 0.77499972 0 P 0
L 7.85000462 3.20000122 8.15000402 3.20000122 0 P 0
L 7.85000462 4.70000076 8.15000402 4.70000076 0 P 0
L 7.85000462 6.2000003 8.15000402 6.2000003 0 P 0
L 7.85000462 7.69999984 8.15000402 7.69999984 0 P 0
L 7.85000462 9.19999938 8.15000402 9.19999938 0 P 0
L 7.85000462 10.69999892 8.15000402 10.69999892 0 P 0
L 7.85000462 12.19999846 8.15000402 12.19999846 0 P 0
L 7.85000462 13.699998 8.15000402 13.699998 0 P 0
L 7.85000462 15.19999754 8.15000402 15.19999754 0 P 0
L 7.85000462 18.19999662 8.15000402 18.19999662 0 P 0
L 7.85000462 19.69999616 8.15000402 19.69999616 0 P 0
L 7.85000462 21.1999957 8.15000402 21.1999957 0 P 0
L 7.94999934 1.64999924 7.94999934 1.94999864 0 P 0
L 7.99999924 0.62500002 7.99999924 0.92499942 0 P 0
L 8.00000432 3.05000152 8.00000432 3.35000092 0 P 0
L 8.00000432 4.55000106 8.00000432 4.85000046 0 P 0
L 8.00000432 6.0500006 8.00000432 6.35 0 P 0
L 8.00000432 7.55000014 8.00000432 7.84999954 0 P 0
L 8.00000432 9.04999968 8.00000432 9.34999908 0 P 0
L 8.00000432 10.54999922 8.00000432 10.84999862 0 P 0
L 8.00000432 12.04999876 8.00000432 12.34999816 0 P 0
L 8.00000432 13.5499983 8.00000432 13.8499977 0 P 0
L 8.00000432 15.04999784 8.00000432 15.34999724 0 P 0
L 8.00000432 18.04999692 8.00000432 18.34999632 0 P 0
L 8.00000432 19.54999646 8.00000432 19.84999586 0 P 0
L 8.00000432 21.049996 8.00000432 21.3499954 0 P 0
L 9.34999908 0.77499972 9.64999848 0.77499972 0 P 0
L 9.35000416 3.20000122 9.65000356 3.20000122 0 P 0
L 9.35000416 4.70000076 9.65000356 4.70000076 0 P 0
L 9.35000416 6.2000003 9.65000356 6.2000003 0 P 0
L 9.35000416 7.69999984 9.65000356 7.69999984 0 P 0
L 9.35000416 12.19999846 9.65000356 12.19999846 0 P 0
L 9.35000416 13.699998 9.65000356 13.699998 0 P 0
L 9.35000416 15.19999754 9.65000356 15.19999754 0 P 0
L 9.35000416 19.69999616 9.65000356 19.69999616 0 P 0
L 9.35000416 21.1999957 9.65000356 21.1999957 0 P 0
L 9.3750003 1.79999894 9.6749997 1.79999894 0 P 0
L 9.49999878 0.62500002 9.49999878 0.92499942 0 P 0
L 9.50000386 3.05000152 9.50000386 3.35000092 0 P 0
L 9.50000386 4.55000106 9.50000386 4.85000046 0 P 0
L 9.50000386 6.0500006 9.50000386 6.35 0 P 0
L 9.50000386 7.55000014 9.50000386 7.84999954 0 P 0
L 9.50000386 12.04999876 9.50000386 12.34999816 0 P 0
L 9.50000386 13.5499983 9.50000386 13.8499977 0 P 0
L 9.50000386 15.04999784 9.50000386 15.34999724 0 P 0
L 9.50000386 19.54999646 9.50000386 19.84999586 0 P 0
L 9.50000386 21.049996 9.50000386 21.3499954 0 P 0
L 9.525 1.64999924 9.525 1.94999864 0 P 0
L 9.85000062 19.0000001 10.15000002 19.0000001 0 P 0
L 10.00000032 18.8500004 10.00000032 19.1499998 0 P 0
L 10.56000174 4.16999928 11.65999954 4.16999928 0 P 0
L 10.85000116 0.77499972 11.15000056 0.77499972 0 P 0
L 10.85000116 1.79999894 11.15000056 1.79999894 0 P 0
L 10.8500037 6.2000003 11.1500031 6.2000003 0 P 0
L 10.8500037 7.69999984 11.1500031 7.69999984 0 P 0
L 10.8500037 12.19999846 11.1500031 12.19999846 0 P 0
L 10.8500037 13.699998 11.1500031 13.699998 0 P 0
L 10.8500037 15.19999754 11.1500031 15.19999754 0 P 0
L 10.8500037 19.69999616 11.1500031 19.69999616 0 P 0
L 10.8500037 21.1999957 11.1500031 21.1999957 0 P 0
L 11.00000086 0.62500002 11.00000086 0.92499942 0 P 0
L 11.00000086 1.64999924 11.00000086 1.94999864 0 P 0
L 11.0000034 6.0500006 11.0000034 6.35 0 P 0
L 11.0000034 7.55000014 11.0000034 7.84999954 0 P 0
L 11.0000034 12.04999876 11.0000034 12.34999816 0 P 0
L 11.0000034 13.5499983 11.0000034 13.8499977 0 P 0
L 11.0000034 15.04999784 11.0000034 15.34999724 0 P 0
L 11.0000034 19.54999646 11.0000034 19.84999586 0 P 0
L 11.0000034 21.049996 11.0000034 21.3499954 0 P 0
L 11.11000064 3.62000038 11.11000064 4.71999818 0 P 0
L 12.3500007 0.77499972 12.6500001 0.77499972 0 P 0
L 12.3500007 1.79999894 12.6500001 1.79999894 0 P 0
L 12.35000324 3.20000122 12.65000264 3.20000122 0 P 0
L 12.35000324 4.70000076 12.65000264 4.70000076 0 P 0
L 12.35000324 6.2000003 12.65000264 6.2000003 0 P 0
L 12.35000324 7.69999984 12.65000264 7.69999984 0 P 0
L 12.35000324 9.19999938 12.65000264 9.19999938 0 P 0
L 12.35000324 12.19999846 12.65000264 12.19999846 0 P 0
L 12.35000324 13.699998 12.65000264 13.699998 0 P 0
L 12.35000324 15.19999754 12.65000264 15.19999754 0 P 0
L 12.35000324 19.69999616 12.65000264 19.69999616 0 P 0
L 12.35000324 21.1999957 12.65000264 21.1999957 0 P 0
L 12.5000004 0.62500002 12.5000004 0.92499942 0 P 0
L 12.5000004 1.64999924 12.5000004 1.94999864 0 P 0
L 12.50000294 3.05000152 12.50000294 3.35000092 0 P 0
L 12.50000294 4.55000106 12.50000294 4.85000046 0 P 0
L 12.50000294 6.0500006 12.50000294 6.35 0 P 0
L 12.50000294 7.55000014 12.50000294 7.84999954 0 P 0
L 12.50000294 9.04999968 12.50000294 9.34999908 0 P 0
L 12.50000294 12.04999876 12.50000294 12.34999816 0 P 0
L 12.50000294 13.5499983 12.50000294 13.8499977 0 P 0
L 12.50000294 15.04999784 12.50000294 15.34999724 0 P 0
L 12.50000294 19.54999646 12.50000294 19.84999586 0 P 0
L 12.50000294 21.049996 12.50000294 21.3499954 0 P 0
L 13.10000174 4.16999928 14.19999954 4.16999928 0 P 0
L 13.30000134 15.8250001 13.60000074 15.8250001 0 P 0
L 13.30000134 18.62499958 13.60000074 18.62499958 0 P 0
L 13.45000104 15.6750004 13.45000104 15.9749998 0 P 0
L 13.45000104 18.47499988 13.45000104 18.77499928 0 P 0
L 13.65000064 3.62000038 13.65000064 4.71999818 0 P 0
L 13.85000024 0.77499972 14.14999964 0.77499972 0 P 0
L 13.85000024 1.79999894 14.14999964 1.79999894 0 P 0
L 13.85000278 6.2000003 14.15000218 6.2000003 0 P 0
L 13.85000278 7.69999984 14.15000218 7.69999984 0 P 0
L 13.85000278 9.19999938 14.15000218 9.19999938 0 P 0
L 13.85000278 10.69999892 14.15000218 10.69999892 0 P 0
L 13.85000278 13.699998 14.15000218 13.699998 0 P 0
L 13.85000278 15.19999754 14.15000218 15.19999754 0 P 0
L 13.85000278 19.69999616 14.15000218 19.69999616 0 P 0
L 13.85000278 21.1999957 14.15000218 21.1999957 0 P 0
L 13.99999994 0.62500002 13.99999994 0.92499942 0 P 0
L 13.99999994 1.64999924 13.99999994 1.94999864 0 P 0
L 14.00000248 6.0500006 14.00000248 6.35 0 P 0
L 14.00000248 7.55000014 14.00000248 7.84999954 0 P 0
L 14.00000248 9.04999968 14.00000248 9.34999908 0 P 0
L 14.00000248 10.54999922 14.00000248 10.84999862 0 P 0
L 14.00000248 13.5499983 14.00000248 13.8499977 0 P 0
L 14.00000248 15.04999784 14.00000248 15.34999724 0 P 0
L 14.00000248 19.54999646 14.00000248 19.84999586 0 P 0
L 14.00000248 21.049996 14.00000248 21.3499954 0 P 0
L 14.34999924 17.50000056 14.64999864 17.50000056 0 P 0
L 14.49999894 17.35000086 14.49999894 17.65000026 0 P 0
L 14.85000078 19.0000001 15.15000018 19.0000001 0 P 0
L 15.00000048 18.8500004 15.00000048 19.1499998 0 P 0
L 15.34999978 0.77499972 15.64999918 0.77499972 0 P 0
L 15.34999978 1.79999894 15.64999918 1.79999894 0 P 0
L 15.35000232 7.69999984 15.65000172 7.69999984 0 P 0
L 15.35000232 9.19999938 15.65000172 9.19999938 0 P 0
L 15.35000232 10.69999892 15.65000172 10.69999892 0 P 0
L 15.35000232 12.19999846 15.65000172 12.19999846 0 P 0
L 15.35000232 15.19999754 15.65000172 15.19999754 0 P 0
L 15.35000232 19.69999616 15.65000172 19.69999616 0 P 0
L 15.37636752 18.09667196 15.67636692 18.09667196 0 P 0
L 15.49496774 16.32800138 15.79496714 16.32800138 0 P 0
L 15.49999948 0.62500002 15.49999948 0.92499942 0 P 0
L 15.49999948 1.64999924 15.49999948 1.94999864 0 P 0
L 15.50000202 7.55000014 15.50000202 7.84999954 0 P 0
L 15.50000202 9.04999968 15.50000202 9.34999908 0 P 0
L 15.50000202 10.54999922 15.50000202 10.84999862 0 P 0
L 15.50000202 12.04999876 15.50000202 12.34999816 0 P 0
L 15.50000202 15.04999784 15.50000202 15.34999724 0 P 0
L 15.50000202 19.54999646 15.50000202 19.84999586 0 P 0
L 15.52636722 17.94667226 15.52636722 18.24667166 0 P 0
L 15.64000174 4.16999928 16.73999954 4.16999928 0 P 0
L 15.64496744 16.17800168 15.64496744 16.47800108 0 P 0
L 15.95000112 12.6500001 16.25000052 12.6500001 0 P 0
L 16.0249997 20.05000054 16.3249991 20.05000054 0 P 0
L 16.0249997 21.25000068 16.3249991 21.25000068 0 P 0
L 16.10000082 12.5000004 16.10000082 12.7999998 0 P 0
L 16.1749994 19.90000084 16.1749994 20.20000024 0 P 0
L 16.1749994 21.10000098 16.1749994 21.40000038 0 P 0
L 16.19000064 3.62000038 16.19000064 4.71999818 0 P 0
L 16.64999972 19.4499992 16.94999912 19.4499992 0 P 0
L 16.64999972 20.64999934 16.94999912 20.64999934 0 P 0
L 16.79999942 19.2999995 16.79999942 19.5999989 0 P 0
L 16.79999942 20.49999964 16.79999942 20.79999904 0 P 0
L 16.84999932 0.77499972 17.14999872 0.77499972 0 P 0
L 16.84999932 1.79999894 17.14999872 1.79999894 0 P 0
L 16.85000186 3.20000122 17.15000126 3.20000122 0 P 0
L 16.85000186 6.2000003 17.15000126 6.2000003 0 P 0
L 16.85000186 7.69999984 17.15000126 7.69999984 0 P 0
L 16.85000186 9.19999938 17.15000126 9.19999938 0 P 0
L 16.85000186 10.69999892 17.15000126 10.69999892 0 P 0
L 16.99999902 0.62500002 16.99999902 0.92499942 0 P 0
L 16.99999902 1.64999924 16.99999902 1.94999864 0 P 0
L 17.00000156 3.05000152 17.00000156 3.35000092 0 P 0
L 17.00000156 6.0500006 17.00000156 6.35 0 P 0
L 17.00000156 7.55000014 17.00000156 7.84999954 0 P 0
L 17.00000156 9.04999968 17.00000156 9.34999908 0 P 0
L 17.00000156 10.54999922 17.00000156 10.84999862 0 P 0
L 18.18000174 4.16999928 19.27999954 4.16999928 0 P 0
L 18.3500014 2.05000098 18.6500008 2.05000098 0 P 0
L 18.3500014 7.69999984 18.6500008 7.69999984 0 P 0
L 18.3500014 9.19999938 18.6500008 9.19999938 0 P 0
L 18.3500014 10.69999892 18.6500008 10.69999892 0 P 0
L 18.3500014 11.49999986 18.6500008 11.49999986 0 P 0
L 18.5000011 1.90000128 18.5000011 2.20000068 0 P 0
L 18.5000011 7.55000014 18.5000011 7.84999954 0 P 0
L 18.5000011 9.04999968 18.5000011 9.34999908 0 P 0
L 18.5000011 10.54999922 18.5000011 10.84999862 0 P 0
L 18.5000011 11.35000016 18.5000011 11.64999956 0 P 0
L 18.73000064 3.62000038 18.73000064 4.71999818 0 P 0
L 18.77499928 18.34999886 19.07499868 18.34999886 0 P 0
L 18.92499898 18.19999916 18.92499898 18.49999856 0 P 0
L 19.0000001 11.99999886 19.2999995 11.99999886 0 P 0
L 19.07500122 14.08709908 19.37500062 14.08709908 0 P 0
L 19.1499998 11.84999916 19.1499998 12.14999856 0 P 0
L 19.22500092 13.93709938 19.22500092 14.23709878 0 P 0
L 19.42500052 17.55000046 19.72499992 17.55000046 0 P 0
L 19.57500022 17.40000076 19.57500022 17.70000016 0 P 0
L 19.60000144 11.25000036 19.90000084 11.25000036 0 P 0
L 19.65000134 18.34999886 19.95000074 18.34999886 0 P 0
L 19.75000114 11.10000066 19.75000114 11.40000006 0 P 0
L 19.80000104 18.19999916 19.80000104 18.49999856 0 P 0
L 19.85000094 2.05000098 20.15000034 2.05000098 0 P 0
L 19.85000094 3.20000122 20.15000034 3.20000122 0 P 0
L 19.85000094 4.70000076 20.15000034 4.70000076 0 P 0
L 19.85000094 7.69999984 20.15000034 7.69999984 0 P 0
L 19.97499942 10.49999932 20.27499882 10.49999932 0 P 0
L 20.00000064 1.90000128 20.00000064 2.20000068 0 P 0
L 20.00000064 3.05000152 20.00000064 3.35000092 0 P 0
L 20.00000064 4.55000106 20.00000064 4.85000046 0 P 0
L 20.00000064 7.55000014 20.00000064 7.84999954 0 P 0
L 20.12499912 10.34999962 20.12499912 10.64999902 0 P 0
L 20.27500136 14.80000088 20.57500076 14.80000088 0 P 0
L 20.27500136 16.69999962 20.57500076 16.69999962 0 P 0
L 20.42500106 14.65000118 20.42500106 14.95000058 0 P 0
L 20.42500106 16.54999992 20.42500106 16.84999932 0 P 0
L 20.72000174 4.16999928 21.81999954 4.16999928 0 P 0
L 20.90000138 18.34999886 21.20000078 18.34999886 0 P 0
L 21.05000108 18.19999916 21.05000108 18.49999856 0 P 0
L 21.27000064 3.62000038 21.27000064 4.71999818 0 P 0
L 21.35000048 2.05000098 21.64999988 2.05000098 0 P 0
L 21.35000048 10.22500114 21.64999988 10.22500114 0 P 0
L 21.50000018 1.90000128 21.50000018 2.20000068 0 P 0
L 21.50000018 10.07500144 21.50000018 10.37500084 0 P 0
L 21.9750005 6.02499938 22.2749999 6.02499938 0 P 0
L 22.1250002 5.87499968 22.1250002 6.17499908 0 P 0
L 22.85000002 0.77499972 23.14999942 0.77499972 0 P 0
L 22.85000002 1.79999894 23.14999942 1.79999894 0 P 0
L 22.85000002 3.20000122 23.14999942 3.20000122 0 P 0
L 22.85000002 6.2000003 23.14999942 6.2000003 0 P 0
L 22.85000002 7.69999984 23.14999942 7.69999984 0 P 0
L 22.99999972 0.62500002 22.99999972 0.92499942 0 P 0
L 22.99999972 1.64999924 22.99999972 1.94999864 0 P 0
L 22.99999972 3.05000152 22.99999972 3.35000092 0 P 0
L 22.99999972 6.0500006 22.99999972 6.35 0 P 0
L 22.99999972 7.55000014 22.99999972 7.84999954 0 P 0
L 23.04999962 12.02500008 23.34999902 12.02500008 0 P 0
L 23.04999962 19.4499992 23.34999902 19.4499992 0 P 0
L 23.04999962 20.64999934 23.34999902 20.64999934 0 P 0
L 23.19999932 11.87500038 23.19999932 12.17499978 0 P 0
L 23.19999932 19.2999995 23.19999932 19.5999989 0 P 0
L 23.19999932 20.49999964 23.19999932 20.79999904 0 P 0
L 23.26000174 4.16999928 24.35999954 4.16999928 0 P 0
L 23.67499964 18.82499918 23.97499904 18.82499918 0 P 0
L 23.67499964 20.05000054 23.97499904 20.05000054 0 P 0
L 23.67499964 21.25000068 23.97499904 21.25000068 0 P 0
L 23.81000064 3.62000038 23.81000064 4.71999818 0 P 0
L 23.82499934 18.67499948 23.82499934 18.97499888 0 P 0
L 23.82499934 19.90000084 23.82499934 20.20000024 0 P 0
L 23.82499934 21.10000098 23.82499934 21.40000038 0 P 0
L 24.34999956 0.77499972 24.64999896 0.77499972 0 P 0
L 24.34999956 1.79999894 24.64999896 1.79999894 0 P 0
L 24.34999956 6.2000003 24.64999896 6.2000003 0 P 0
L 24.34999956 7.69999984 24.64999896 7.69999984 0 P 0
L 24.34999956 13.699998 24.64999896 13.699998 0 P 0
L 24.34999956 18.19999662 24.64999896 18.19999662 0 P 0
L 24.34999956 19.69999616 24.64999896 19.69999616 0 P 0
L 24.49999926 0.62500002 24.49999926 0.92499942 0 P 0
L 24.49999926 1.64999924 24.49999926 1.94999864 0 P 0
L 24.49999926 6.0500006 24.49999926 6.35 0 P 0
L 24.49999926 7.55000014 24.49999926 7.84999954 0 P 0
L 24.49999926 13.5499983 24.49999926 13.8499977 0 P 0
L 24.49999926 18.04999692 24.49999926 18.34999632 0 P 0
L 24.49999926 19.54999646 24.49999926 19.84999586 0 P 0
L 25.80000174 4.16999928 26.89999954 4.16999928 0 P 0
L 25.8499991 0.77499972 26.1499985 0.77499972 0 P 0
L 25.8499991 1.79999894 26.1499985 1.79999894 0 P 0
L 25.8499991 7.69999984 26.1499985 7.69999984 0 P 0
L 25.8499991 13.699998 26.1499985 13.699998 0 P 0
L 25.8499991 18.19999662 26.1499985 18.19999662 0 P 0
L 25.8499991 19.69999616 26.1499985 19.69999616 0 P 0
L 25.8499991 21.1999957 26.1499985 21.1999957 0 P 0
L 25.9999988 0.62500002 25.9999988 0.92499942 0 P 0
L 25.9999988 1.64999924 25.9999988 1.94999864 0 P 0
L 25.9999988 7.55000014 25.9999988 7.84999954 0 P 0
L 25.9999988 13.5499983 25.9999988 13.8499977 0 P 0
L 25.9999988 18.04999692 25.9999988 18.34999632 0 P 0
L 25.9999988 19.54999646 25.9999988 19.84999586 0 P 0
L 25.9999988 21.049996 25.9999988 21.3499954 0 P 0
L 26.35000064 3.62000038 26.35000064 4.71999818 0 P 0
L 26.60000014 6.7499992 26.89999954 6.7499992 0 P 0
L 26.74999984 6.5999995 26.74999984 6.8999989 0 P 0
L 27.34999864 3.20000122 27.64999804 3.20000122 0 P 0
L 27.34999864 4.70000076 27.64999804 4.70000076 0 P 0
L 27.34999864 6.2000003 27.64999804 6.2000003 0 P 0
L 27.34999864 7.69999984 27.64999804 7.69999984 0 P 0
L 27.34999864 12.19999846 27.64999804 12.19999846 0 P 0
L 27.34999864 13.699998 27.64999804 13.699998 0 P 0
L 27.34999864 15.19999754 27.64999804 15.19999754 0 P 0
L 27.34999864 16.69999708 27.64999804 16.69999708 0 P 0
L 27.34999864 18.19999662 27.64999804 18.19999662 0 P 0
L 27.34999864 19.69999616 27.64999804 19.69999616 0 P 0
L 27.34999864 21.1999957 27.64999804 21.1999957 0 P 0
L 27.35000118 0.77499972 27.65000058 0.77499972 0 P 0
L 27.35000118 1.79999894 27.65000058 1.79999894 0 P 0
L 27.39728328 9.49299854 27.69728268 9.49299854 0 P 0
L 27.49999834 3.05000152 27.49999834 3.35000092 0 P 0
L 27.49999834 4.55000106 27.49999834 4.85000046 0 P 0
L 27.49999834 6.0500006 27.49999834 6.35 0 P 0
L 27.49999834 7.55000014 27.49999834 7.84999954 0 P 0
L 27.49999834 12.04999876 27.49999834 12.34999816 0 P 0
L 27.49999834 13.5499983 27.49999834 13.8499977 0 P 0
L 27.49999834 15.04999784 27.49999834 15.34999724 0 P 0
L 27.49999834 16.54999738 27.49999834 16.84999678 0 P 0
L 27.49999834 18.04999692 27.49999834 18.34999632 0 P 0
L 27.49999834 19.54999646 27.49999834 19.84999586 0 P 0
L 27.49999834 21.049996 27.49999834 21.3499954 0 P 0
L 27.50000088 0.62500002 27.50000088 0.92499942 0 P 0
L 27.50000088 1.64999924 27.50000088 1.94999864 0 P 0
L 27.54728298 9.34299884 27.54728298 9.64299824 0 P 0
L 28.34000174 4.16999928 29.43999954 4.16999928 0 P 0
L 28.84999818 6.2000003 29.14999758 6.2000003 0 P 0
L 28.84999818 7.69999984 29.14999758 7.69999984 0 P 0
L 28.84999818 12.19999846 29.14999758 12.19999846 0 P 0
L 28.84999818 13.699998 29.14999758 13.699998 0 P 0
L 28.84999818 15.19999754 29.14999758 15.19999754 0 P 0
L 28.84999818 16.69999708 29.14999758 16.69999708 0 P 0
L 28.84999818 18.19999662 29.14999758 18.19999662 0 P 0
L 28.84999818 19.69999616 29.14999758 19.69999616 0 P 0
L 28.84999818 21.1999957 29.14999758 21.1999957 0 P 0
L 28.85000072 0.77499972 29.15000012 0.77499972 0 P 0
L 28.85000072 1.79999894 29.15000012 1.79999894 0 P 0
L 28.89000064 3.62000038 28.89000064 4.71999818 0 P 0
L 28.99999788 6.0500006 28.99999788 6.35 0 P 0
L 28.99999788 7.55000014 28.99999788 7.84999954 0 P 0
L 28.99999788 12.04999876 28.99999788 12.34999816 0 P 0
L 28.99999788 13.5499983 28.99999788 13.8499977 0 P 0
L 28.99999788 15.04999784 28.99999788 15.34999724 0 P 0
L 28.99999788 16.54999738 28.99999788 16.84999678 0 P 0
L 28.99999788 18.04999692 28.99999788 18.34999632 0 P 0
L 28.99999788 19.54999646 28.99999788 19.84999586 0 P 0
L 28.99999788 21.049996 28.99999788 21.3499954 0 P 0
L 29.00000042 0.62500002 29.00000042 0.92499942 0 P 0
L 29.00000042 1.64999924 29.00000042 1.94999864 0 P 0
L 30.34999772 3.20000122 30.64999712 3.20000122 0 P 0
L 30.34999772 4.70000076 30.64999712 4.70000076 0 P 0
L 30.34999772 6.2000003 30.64999712 6.2000003 0 P 0
L 30.34999772 7.69999984 30.64999712 7.69999984 0 P 0
L 30.34999772 12.19999846 30.64999712 12.19999846 0 P 0
L 30.34999772 13.699998 30.64999712 13.699998 0 P 0
L 30.34999772 15.19999754 30.64999712 15.19999754 0 P 0
L 30.34999772 16.69999708 30.64999712 16.69999708 0 P 0
L 30.34999772 18.19999662 30.64999712 18.19999662 0 P 0
L 30.34999772 19.69999616 30.64999712 19.69999616 0 P 0
L 30.34999772 21.1999957 30.64999712 21.1999957 0 P 0
L 30.35000026 1.79999894 30.64999966 1.79999894 0 P 0
L 30.40000016 0.77499972 30.69999956 0.77499972 0 P 0
L 30.49999742 3.05000152 30.49999742 3.35000092 0 P 0
L 30.49999742 4.55000106 30.49999742 4.85000046 0 P 0
L 30.49999742 6.0500006 30.49999742 6.35 0 P 0
L 30.49999742 7.55000014 30.49999742 7.84999954 0 P 0
L 30.49999742 12.04999876 30.49999742 12.34999816 0 P 0
L 30.49999742 13.5499983 30.49999742 13.8499977 0 P 0
L 30.49999742 15.04999784 30.49999742 15.34999724 0 P 0
L 30.49999742 16.54999738 30.49999742 16.84999678 0 P 0
L 30.49999742 18.04999692 30.49999742 18.34999632 0 P 0
L 30.49999742 19.54999646 30.49999742 19.84999586 0 P 0
L 30.49999742 21.049996 30.49999742 21.3499954 0 P 0
L 30.49999996 1.64999924 30.49999996 1.94999864 0 P 0
L 30.54999986 0.62500002 30.54999986 0.92499942 0 P 0
L 31.84999726 3.20000122 32.14999666 3.20000122 0 P 0
L 31.84999726 4.70000076 32.14999666 4.70000076 0 P 0
L 31.84999726 6.2000003 32.14999666 6.2000003 0 P 0
L 31.84999726 7.69999984 32.14999666 7.69999984 0 P 0
L 31.84999726 12.19999846 32.14999666 12.19999846 0 P 0
L 31.84999726 13.699998 32.14999666 13.699998 0 P 0
L 31.84999726 15.19999754 32.14999666 15.19999754 0 P 0
L 31.84999726 16.69999708 32.14999666 16.69999708 0 P 0
L 31.84999726 18.19999662 32.14999666 18.19999662 0 P 0
L 31.84999726 19.69999616 32.14999666 19.69999616 0 P 0
L 31.84999726 21.1999957 32.14999666 21.1999957 0 P 0
L 31.8499998 0.77499972 32.1499992 0.77499972 0 P 0
L 31.8499998 1.79999894 32.1499992 1.79999894 0 P 0
L 31.99999696 3.05000152 31.99999696 3.35000092 0 P 0
L 31.99999696 4.55000106 31.99999696 4.85000046 0 P 0
L 31.99999696 6.0500006 31.99999696 6.35 0 P 0
L 31.99999696 7.55000014 31.99999696 7.84999954 0 P 0
L 31.99999696 12.04999876 31.99999696 12.34999816 0 P 0
L 31.99999696 13.5499983 31.99999696 13.8499977 0 P 0
L 31.99999696 15.04999784 31.99999696 15.34999724 0 P 0
L 31.99999696 16.54999738 31.99999696 16.84999678 0 P 0
L 31.99999696 18.04999692 31.99999696 18.34999632 0 P 0
L 31.99999696 19.54999646 31.99999696 19.84999586 0 P 0
L 31.99999696 21.049996 31.99999696 21.3499954 0 P 0
L 31.9999995 0.62500002 31.9999995 0.92499942 0 P 0
L 31.9999995 1.64999924 31.9999995 1.94999864 0 P 0
L 33.3499968 3.20000122 33.6499962 3.20000122 0 P 0
L 33.3499968 4.70000076 33.6499962 4.70000076 0 P 0
L 33.3499968 6.2000003 33.6499962 6.2000003 0 P 0
L 33.3499968 7.69999984 33.6499962 7.69999984 0 P 0
L 33.3499968 12.19999846 33.6499962 12.19999846 0 P 0
L 33.3499968 13.699998 33.6499962 13.699998 0 P 0
L 33.3499968 15.19999754 33.6499962 15.19999754 0 P 0
L 33.3499968 16.69999708 33.6499962 16.69999708 0 P 0
L 33.3499968 18.19999662 33.6499962 18.19999662 0 P 0
L 33.3499968 19.69999616 33.6499962 19.69999616 0 P 0
L 33.3499968 21.1999957 33.6499962 21.1999957 0 P 0
L 33.34999934 0.77499972 33.64999874 0.77499972 0 P 0
L 33.34999934 1.79999894 33.64999874 1.79999894 0 P 0
L 33.4999965 3.05000152 33.4999965 3.35000092 0 P 0
L 33.4999965 4.55000106 33.4999965 4.85000046 0 P 0
L 33.4999965 6.0500006 33.4999965 6.35 0 P 0
L 33.4999965 7.55000014 33.4999965 7.84999954 0 P 0
L 33.4999965 12.04999876 33.4999965 12.34999816 0 P 0
L 33.4999965 13.5499983 33.4999965 13.8499977 0 P 0
L 33.4999965 15.04999784 33.4999965 15.34999724 0 P 0
L 33.4999965 16.54999738 33.4999965 16.84999678 0 P 0
L 33.4999965 18.04999692 33.4999965 18.34999632 0 P 0
L 33.4999965 19.54999646 33.4999965 19.84999586 0 P 0
L 33.4999965 21.049996 33.4999965 21.3499954 0 P 0
L 33.49999904 0.62500002 33.49999904 0.92499942 0 P 0
L 33.49999904 1.64999924 33.49999904 1.94999864 0 P 0
L 34.84999634 3.20000122 35.14999574 3.20000122 0 P 0
L 34.84999634 4.70000076 35.14999574 4.70000076 0 P 0
L 34.84999634 6.2000003 35.14999574 6.2000003 0 P 0
L 34.84999634 7.69999984 35.14999574 7.69999984 0 P 0
L 34.84999634 12.19999846 35.14999574 12.19999846 0 P 0
L 34.84999634 13.699998 35.14999574 13.699998 0 P 0
L 34.84999634 15.19999754 35.14999574 15.19999754 0 P 0
L 34.84999634 16.69999708 35.14999574 16.69999708 0 P 0
L 34.84999634 18.19999662 35.14999574 18.19999662 0 P 0
L 34.84999634 19.69999616 35.14999574 19.69999616 0 P 0
L 34.84999634 21.1999957 35.14999574 21.1999957 0 P 0
L 34.85000142 0.77499972 35.15000082 0.77499972 0 P 0
L 34.85000142 1.79999894 35.15000082 1.79999894 0 P 0
L 34.99999604 3.05000152 34.99999604 3.35000092 0 P 0
L 34.99999604 4.55000106 34.99999604 4.85000046 0 P 0
L 34.99999604 6.0500006 34.99999604 6.35 0 P 0
L 34.99999604 7.55000014 34.99999604 7.84999954 0 P 0
L 34.99999604 12.04999876 34.99999604 12.34999816 0 P 0
L 34.99999604 13.5499983 34.99999604 13.8499977 0 P 0
L 34.99999604 15.04999784 34.99999604 15.34999724 0 P 0
L 34.99999604 16.54999738 34.99999604 16.84999678 0 P 0
L 34.99999604 18.04999692 34.99999604 18.34999632 0 P 0
L 34.99999604 19.54999646 34.99999604 19.84999586 0 P 0
L 34.99999604 21.049996 34.99999604 21.3499954 0 P 0
L 35.00000112 0.62500002 35.00000112 0.92499942 0 P 0
L 35.00000112 1.64999924 35.00000112 1.94999864 0 P 0
L 35.74999962 8.99999978 36.04999902 8.99999978 0 P 0
L 35.89999932 8.85000008 35.89999932 9.14999948 0 P 0
L 35.92500054 11.02499954 36.22499994 11.02499954 0 P 0
L 35.97650158 6.45500106 36.97150086 6.45500106 0 P 0
L 36.07500024 10.87499984 36.07500024 11.17499924 0 P 0
L 36.34999588 4.70000076 36.64999528 4.70000076 0 P 0
L 36.34999588 12.19999846 36.64999528 12.19999846 0 P 0
L 36.34999588 13.699998 36.64999528 13.699998 0 P 0
L 36.34999588 15.19999754 36.64999528 15.19999754 0 P 0
L 36.34999588 16.69999708 36.64999528 16.69999708 0 P 0
L 36.34999588 18.19999662 36.64999528 18.19999662 0 P 0
L 36.34999588 19.69999616 36.64999528 19.69999616 0 P 0
L 36.34999588 21.1999957 36.64999528 21.1999957 0 P 0
L 36.47400122 5.95750142 36.47400122 6.9525007 0 P 0
L 36.49999558 4.55000106 36.49999558 4.85000046 0 P 0
L 36.49999558 12.04999876 36.49999558 12.34999816 0 P 0
L 36.49999558 13.5499983 36.49999558 13.8499977 0 P 0
L 36.49999558 15.04999784 36.49999558 15.34999724 0 P 0
L 36.49999558 16.54999738 36.49999558 16.84999678 0 P 0
L 36.49999558 18.04999692 36.49999558 18.34999632 0 P 0
L 36.49999558 19.54999646 36.49999558 19.84999586 0 P 0
L 36.49999558 21.049996 36.49999558 21.3499954 0 P 0
L 36.600003 2.50000008 38.3999994 2.50000008 0 P 0
L 36.99250158 11.53500106 37.98750086 11.53500106 0 P 0
L 37.49000122 11.03750142 37.49000122 12.0325007 0 P 0
L 37.5000012 1.60000188 37.5000012 3.39999828 0 P 0
L 37.84999542 4.70000076 38.14999482 4.70000076 0 P 0
L 37.84999542 13.699998 38.14999482 13.699998 0 P 0
L 37.84999542 15.19999754 38.14999482 15.19999754 0 P 0
L 37.84999542 16.69999708 38.14999482 16.69999708 0 P 0
L 37.84999542 18.19999662 38.14999482 18.19999662 0 P 0
L 37.84999542 19.69999616 38.14999482 19.69999616 0 P 0
L 37.84999542 21.1999957 38.14999482 21.1999957 0 P 0
L 37.99999512 4.55000106 37.99999512 4.85000046 0 P 0
L 37.99999512 13.5499983 37.99999512 13.8499977 0 P 0
L 37.99999512 15.04999784 37.99999512 15.34999724 0 P 0
L 37.99999512 16.54999738 37.99999512 16.84999678 0 P 0
L 37.99999512 18.04999692 37.99999512 18.34999632 0 P 0
L 37.99999512 19.54999646 37.99999512 19.84999586 0 P 0
L 37.99999512 21.049996 37.99999512 21.3499954 0 P 0
L 38.00850158 6.45500106 39.00350086 6.45500106 0 P 0
L 38.3499995 11.12499934 38.6499989 11.12499934 0 P 0
L 38.4999992 10.97499964 38.4999992 11.27499904 0 P 0
L 38.50600122 5.95750142 38.50600122 6.9525007 0 P 0
L 38.72500002 8.99999978 39.02499942 8.99999978 0 P 0
L 38.87499972 8.85000008 38.87499972 9.14999948 0 P 0
L 39.10000054 4.70000076 39.39999994 4.70000076 0 P 0
L 39.10000054 7.69999984 39.39999994 7.69999984 0 P 0
L 39.10000054 10.95000096 39.39999994 10.95000096 0 P 0
L 39.10000054 12.200001 39.39999994 12.200001 0 P 0
L 39.10000054 13.70000054 39.39999994 13.70000054 0 P 0
L 39.10000054 15.20000008 39.39999994 15.20000008 0 P 0
L 39.10000054 16.69999962 39.39999994 16.69999962 0 P 0
L 39.10000054 18.19999916 39.39999994 18.19999916 0 P 0
L 39.10000054 19.70000124 39.39999994 19.70000124 0 P 0
L 39.10000054 21.20000078 39.39999994 21.20000078 0 P 0
L 39.25000024 4.55000106 39.25000024 4.85000046 0 P 0
L 39.25000024 7.55000014 39.25000024 7.84999954 0 P 0
L 39.25000024 10.80000126 39.25000024 11.10000066 0 P 0
L 39.25000024 12.0500013 39.25000024 12.3500007 0 P 0
L 39.25000024 13.55000084 39.25000024 13.85000024 0 P 0
L 39.25000024 15.05000038 39.25000024 15.34999978 0 P 0
L 39.25000024 16.54999992 39.25000024 16.84999932 0 P 0
L 39.25000024 18.04999946 39.25000024 18.34999886 0 P 0
L 39.25000024 19.55000154 39.25000024 19.85000094 0 P 0
L 39.25000024 21.05000108 39.25000024 21.35000048 0 P 0
