UNITS=MM
#Layer_Color=9474304
#
#Feature symbol names
#
$0 r127
$1 r169.33164

#
#Feature attribute names
#

#
#Layer features
#
A 8.96800086 10.0100003 8.96800086 10.0100003 8.46000086 10.0100003 1 P 0 N
A 14.04800086 8.9940003 14.04800086 8.9940003 13.54000086 8.9940003 1 P 0 N
A 14.04800086 11.0260003 14.04800086 11.0260003 13.54000086 11.0260003 1 P 0 N
L 0.74200004 20.07100126 0.99600004 20.07100126 0 P 0
L 0.74200004 20.07100126 0.99600004 20.32500126 0 P 0
L 0.74200004 20.57900126 0.99600004 20.32500126 0 P 0
L 0.74200004 20.57900126 0.99600004 20.57900126 0 P 0
L 0.74200004 20.99600068 0.99600004 20.99600068 0 P 0
L 0.74200004 20.99600068 0.99600004 21.25000068 0 P 0
L 0.74200004 21.50400068 0.99600004 21.25000068 0 P 0
L 0.74200004 21.50400068 0.99600004 21.50400068 0 P 0
L 0.74200004 22.49600276 0.99600004 22.49600276 0 P 0
L 0.74200004 22.49600276 0.99600004 22.75000276 0 P 0
L 0.74200004 23.00400276 0.99600004 22.75000276 0 P 0
L 0.74200004 23.00400276 0.99600004 23.00400276 0 P 0
L 0.74200004 23.9960023 0.99600004 23.9960023 0 P 0
L 0.74200004 23.9960023 0.99600004 24.2500023 0 P 0
L 0.74200004 24.5040023 0.99600004 24.2500023 0 P 0
L 0.74200004 24.5040023 0.99600004 24.5040023 0 P 0
L 0.74200004 25.49600184 0.99600004 25.49600184 0 P 0
L 0.74200004 25.49600184 0.99600004 25.75000184 0 P 0
L 0.74200004 26.00400184 0.99600004 25.75000184 0 P 0
L 0.74200004 26.00400184 0.99600004 26.00400184 0 P 0
L 0.74200004 26.99600138 0.99600004 26.99600138 0 P 0
L 0.74200004 26.99600138 0.99600004 27.25000138 0 P 0
L 0.74200004 27.50400138 0.99600004 27.25000138 0 P 0
L 0.74200004 27.50400138 0.99600004 27.50400138 0 P 0
L 0.74200004 28.49600092 0.99600004 28.49600092 0 P 0
L 0.74200004 28.49600092 0.99600004 28.75000092 0 P 0
L 0.74200004 29.00400092 0.99600004 28.75000092 0 P 0
L 0.74200004 29.00400092 0.99600004 29.00400092 0 P 0
L 0.74200004 29.99600046 0.99600004 29.99600046 0 P 0
L 0.74200004 29.99600046 0.99600004 30.25000046 0 P 0
L 0.74200004 30.50400046 0.99600004 30.25000046 0 P 0
L 0.74200004 30.50400046 0.99600004 30.50400046 0 P 0
L 0.74200004 31.496 0.99600004 31.496 0 P 0
L 0.74200004 31.496 0.99600004 31.75 0 P 0
L 0.74200004 32.004 0.99600004 31.75 0 P 0
L 0.74200004 32.004 0.99600004 32.004 0 P 0
L 0.74200004 32.99599954 0.99600004 32.99599954 0 P 0
L 0.74200004 32.99599954 0.99600004 33.24999954 0 P 0
L 0.74200004 33.50399954 0.99600004 33.24999954 0 P 0
L 0.74200004 33.50399954 0.99600004 33.50399954 0 P 0
L 0.74200004 34.49599908 0.99600004 34.49599908 0 P 0
L 0.74200004 34.49599908 0.99600004 34.74999908 0 P 0
L 0.74200004 35.00399908 0.99600004 34.74999908 0 P 0
L 0.74200004 35.00399908 0.99600004 35.00399908 0 P 0
L 0.74200004 35.99599862 0.99600004 35.99599862 0 P 0
L 0.74200004 35.99599862 0.99600004 36.24999862 0 P 0
L 0.74200004 36.50399862 0.99600004 36.24999862 0 P 0
L 0.74200004 36.50399862 0.99600004 36.50399862 0 P 0
L 0.74200004 37.49599816 0.99600004 37.49599816 0 P 0
L 0.74200004 37.49599816 0.99600004 37.74999816 0 P 0
L 0.74200004 38.00399816 0.99600004 37.74999816 0 P 0
L 0.74200004 38.00399816 0.99600004 38.00399816 0 P 0
L 0.74200004 38.9959977 0.99600004 38.9959977 0 P 0
L 0.74200004 38.9959977 0.99600004 39.2499977 0 P 0
L 0.74200004 39.5039977 0.99600004 39.2499977 0 P 0
L 0.74200004 39.5039977 0.99600004 39.5039977 0 P 0
L 0.99600004 20.07100126 1.25000004 19.81700126 0 P 0
L 0.99600004 20.57900126 1.25000004 20.83300126 0 P 0
L 0.99600004 20.99600068 1.25000004 20.74200068 0 P 0
L 0.99600004 21.50400068 1.25000004 21.75800068 0 P 0
L 0.99600004 22.49600276 1.25000004 22.24200276 0 P 0
L 0.99600004 23.00400276 1.25000004 23.25800276 0 P 0
L 0.99600004 23.9960023 1.25000004 23.7420023 0 P 0
L 0.99600004 24.5040023 1.25000004 24.7580023 0 P 0
L 0.99600004 25.49600184 1.25000004 25.24200184 0 P 0
L 0.99600004 26.00400184 1.25000004 26.25800184 0 P 0
L 0.99600004 26.99600138 1.25000004 26.74200138 0 P 0
L 0.99600004 27.50400138 1.25000004 27.75800138 0 P 0
L 0.99600004 28.49600092 1.25000004 28.24200092 0 P 0
L 0.99600004 29.00400092 1.25000004 29.25800092 0 P 0
L 0.99600004 29.99600046 1.25000004 29.74200046 0 P 0
L 0.99600004 30.50400046 1.25000004 30.75800046 0 P 0
L 0.99600004 31.496 1.25000004 31.242 0 P 0
L 0.99600004 32.004 1.25000004 32.258 0 P 0
L 0.99600004 32.99599954 1.25000004 32.74199954 0 P 0
L 0.99600004 33.50399954 1.25000004 33.75799954 0 P 0
L 0.99600004 34.49599908 1.25000004 34.24199908 0 P 0
L 0.99600004 35.00399908 1.25000004 35.25799908 0 P 0
L 0.99600004 35.99599862 1.25000004 35.74199862 0 P 0
L 0.99600004 36.50399862 1.25000004 36.75799862 0 P 0
L 0.99600004 37.49599816 1.25000004 37.24199816 0 P 0
L 0.99600004 38.00399816 1.25000004 38.25799816 0 P 0
L 0.99600004 38.9959977 1.25000004 38.7419977 0 P 0
L 0.99600004 39.5039977 1.25000004 39.7579977 0 P 0
L 1.25000004 19.81700126 1.50400004 20.07100126 0 P 0
L 1.25000004 20.74200068 1.50400004 20.99600068 0 P 0
L 1.25000004 20.83300126 1.50400004 20.57900126 0 P 0
L 1.25000004 21.75800068 1.50400004 21.50400068 0 P 0
L 1.25000004 22.24200276 1.50400004 22.49600276 0 P 0
L 1.25000004 23.25800276 1.50400004 23.00400276 0 P 0
L 1.25000004 23.7420023 1.50400004 23.9960023 0 P 0
L 1.25000004 24.7580023 1.50400004 24.5040023 0 P 0
L 1.25000004 25.24200184 1.50400004 25.49600184 0 P 0
L 1.25000004 26.25800184 1.50400004 26.00400184 0 P 0
L 1.25000004 26.74200138 1.50400004 26.99600138 0 P 0
L 1.25000004 27.75800138 1.50400004 27.50400138 0 P 0
L 1.25000004 28.24200092 1.50400004 28.49600092 0 P 0
L 1.25000004 29.25800092 1.50400004 29.00400092 0 P 0
L 1.25000004 29.74200046 1.50400004 29.99600046 0 P 0
L 1.25000004 30.75800046 1.50400004 30.50400046 0 P 0
L 1.25000004 31.242 1.50400004 31.496 0 P 0
L 1.25000004 32.258 1.50400004 32.004 0 P 0
L 1.25000004 32.74199954 1.50400004 32.99599954 0 P 0
L 1.25000004 33.75799954 1.50400004 33.50399954 0 P 0
L 1.25000004 34.24199908 1.50400004 34.49599908 0 P 0
L 1.25000004 35.25799908 1.50400004 35.00399908 0 P 0
L 1.25000004 35.74199862 1.50400004 35.99599862 0 P 0
L 1.25000004 36.75799862 1.50400004 36.50399862 0 P 0
L 1.25000004 37.24199816 1.50400004 37.49599816 0 P 0
L 1.25000004 38.25799816 1.50400004 38.00399816 0 P 0
L 1.25000004 38.7419977 1.50400004 38.9959977 0 P 0
L 1.25000004 39.7579977 1.50400004 39.5039977 0 P 0
L 1.50400004 20.07100126 1.75800004 20.07100126 0 P 0
L 1.50400004 20.32500126 1.75800004 20.07100126 0 P 0
L 1.50400004 20.32500126 1.75800004 20.57900126 0 P 0
L 1.50400004 20.57900126 1.75800004 20.57900126 0 P 0
L 1.50400004 20.99600068 1.75800004 20.99600068 0 P 0
L 1.50400004 21.25000068 1.75800004 20.99600068 0 P 0
L 1.50400004 21.25000068 1.75800004 21.50400068 0 P 0
L 1.50400004 21.50400068 1.75800004 21.50400068 0 P 0
L 1.50400004 22.49600276 1.75800004 22.49600276 0 P 0
L 1.50400004 22.75000276 1.75800004 22.49600276 0 P 0
L 1.50400004 22.75000276 1.75800004 23.00400276 0 P 0
L 1.50400004 23.00400276 1.75800004 23.00400276 0 P 0
L 1.50400004 23.9960023 1.75800004 23.9960023 0 P 0
L 1.50400004 24.2500023 1.75800004 23.9960023 0 P 0
L 1.50400004 24.2500023 1.75800004 24.5040023 0 P 0
L 1.50400004 24.5040023 1.75800004 24.5040023 0 P 0
L 1.50400004 25.49600184 1.75800004 25.49600184 0 P 0
L 1.50400004 25.75000184 1.75800004 25.49600184 0 P 0
L 1.50400004 25.75000184 1.75800004 26.00400184 0 P 0
L 1.50400004 26.00400184 1.75800004 26.00400184 0 P 0
L 1.50400004 26.99600138 1.75800004 26.99600138 0 P 0
L 1.50400004 27.25000138 1.75800004 26.99600138 0 P 0
L 1.50400004 27.25000138 1.75800004 27.50400138 0 P 0
L 1.50400004 27.50400138 1.75800004 27.50400138 0 P 0
L 1.50400004 28.49600092 1.75800004 28.49600092 0 P 0
L 1.50400004 28.75000092 1.75800004 28.49600092 0 P 0
L 1.50400004 28.75000092 1.75800004 29.00400092 0 P 0
L 1.50400004 29.00400092 1.75800004 29.00400092 0 P 0
L 1.50400004 29.99600046 1.75800004 29.99600046 0 P 0
L 1.50400004 30.25000046 1.75800004 29.99600046 0 P 0
L 1.50400004 30.25000046 1.75800004 30.50400046 0 P 0
L 1.50400004 30.50400046 1.75800004 30.50400046 0 P 0
L 1.50400004 31.496 1.75800004 31.496 0 P 0
L 1.50400004 31.75 1.75800004 31.496 0 P 0
L 1.50400004 31.75 1.75800004 32.004 0 P 0
L 1.50400004 32.004 1.75800004 32.004 0 P 0
L 1.50400004 32.99599954 1.75800004 32.99599954 0 P 0
L 1.50400004 33.24999954 1.75800004 32.99599954 0 P 0
L 1.50400004 33.24999954 1.75800004 33.50399954 0 P 0
L 1.50400004 33.50399954 1.75800004 33.50399954 0 P 0
L 1.50400004 34.49599908 1.75800004 34.49599908 0 P 0
L 1.50400004 34.74999908 1.75800004 34.49599908 0 P 0
L 1.50400004 34.74999908 1.75800004 35.00399908 0 P 0
L 1.50400004 35.00399908 1.75800004 35.00399908 0 P 0
L 1.50400004 35.99599862 1.75800004 35.99599862 0 P 0
L 1.50400004 36.24999862 1.75800004 35.99599862 0 P 0
L 1.50400004 36.24999862 1.75800004 36.50399862 0 P 0
L 1.50400004 36.50399862 1.75800004 36.50399862 0 P 0
L 1.50400004 37.49599816 1.75800004 37.49599816 0 P 0
L 1.50400004 37.74999816 1.75800004 37.49599816 0 P 0
L 1.50400004 37.74999816 1.75800004 38.00399816 0 P 0
L 1.50400004 38.00399816 1.75800004 38.00399816 0 P 0
L 1.50400004 38.9959977 1.75800004 38.9959977 0 P 0
L 1.50400004 39.2499977 1.75800004 38.9959977 0 P 0
L 1.50400004 39.2499977 1.75800004 39.5039977 0 P 0
L 1.50400004 39.5039977 1.75800004 39.5039977 0 P 0
L 1.60200086 3.71199918 1.60200086 4.72799918 0 P 0
L 1.60200086 3.71199918 2.61800086 3.71199918 0 P 0
L 1.60200086 4.72799918 2.61800086 4.72799918 0 P 0
L 2.24199958 20.07100126 2.49599958 20.07100126 0 P 0
L 2.24199958 20.07100126 2.49599958 20.32500126 0 P 0
L 2.24199958 20.57900126 2.49599958 20.32500126 0 P 0
L 2.24199958 20.57900126 2.49599958 20.57900126 0 P 0
L 2.24199958 20.99600068 2.49599958 20.99600068 0 P 0
L 2.24199958 20.99600068 2.49599958 21.25000068 0 P 0
L 2.24199958 21.50400068 2.49599958 21.25000068 0 P 0
L 2.24199958 21.50400068 2.49599958 21.50400068 0 P 0
L 2.24199958 22.49600276 2.49599958 22.49600276 0 P 0
L 2.24199958 22.49600276 2.49599958 22.75000276 0 P 0
L 2.24199958 23.00400276 2.49599958 22.75000276 0 P 0
L 2.24199958 23.00400276 2.49599958 23.00400276 0 P 0
L 2.24199958 23.9960023 2.49599958 23.9960023 0 P 0
L 2.24199958 23.9960023 2.49599958 24.2500023 0 P 0
L 2.24199958 24.5040023 2.49599958 24.2500023 0 P 0
L 2.24199958 24.5040023 2.49599958 24.5040023 0 P 0
L 2.24199958 25.49600184 2.49599958 25.49600184 0 P 0
L 2.24199958 25.49600184 2.49599958 25.75000184 0 P 0
L 2.24199958 26.00400184 2.49599958 25.75000184 0 P 0
L 2.24199958 26.00400184 2.49599958 26.00400184 0 P 0
L 2.24199958 26.99600138 2.49599958 26.99600138 0 P 0
L 2.24199958 26.99600138 2.49599958 27.25000138 0 P 0
L 2.24199958 27.50400138 2.49599958 27.25000138 0 P 0
L 2.24199958 27.50400138 2.49599958 27.50400138 0 P 0
L 2.24199958 28.49600092 2.49599958 28.49600092 0 P 0
L 2.24199958 28.49600092 2.49599958 28.75000092 0 P 0
L 2.24199958 29.00400092 2.49599958 28.75000092 0 P 0
L 2.24199958 29.00400092 2.49599958 29.00400092 0 P 0
L 2.24199958 29.99600046 2.49599958 29.99600046 0 P 0
L 2.24199958 29.99600046 2.49599958 30.25000046 0 P 0
L 2.24199958 30.50400046 2.49599958 30.25000046 0 P 0
L 2.24199958 30.50400046 2.49599958 30.50400046 0 P 0
L 2.24199958 31.496 2.49599958 31.496 0 P 0
L 2.24199958 31.496 2.49599958 31.75 0 P 0
L 2.24199958 32.004 2.49599958 31.75 0 P 0
L 2.24199958 32.004 2.49599958 32.004 0 P 0
L 2.24199958 32.99599954 2.49599958 32.99599954 0 P 0
L 2.24199958 32.99599954 2.49599958 33.24999954 0 P 0
L 2.24199958 33.50399954 2.49599958 33.24999954 0 P 0
L 2.24199958 33.50399954 2.49599958 33.50399954 0 P 0
L 2.24199958 34.49599908 2.49599958 34.49599908 0 P 0
L 2.24199958 34.49599908 2.49599958 34.74999908 0 P 0
L 2.24199958 35.00399908 2.49599958 34.74999908 0 P 0
L 2.24199958 35.00399908 2.49599958 35.00399908 0 P 0
L 2.24199958 35.99599862 2.49599958 35.99599862 0 P 0
L 2.24199958 35.99599862 2.49599958 36.24999862 0 P 0
L 2.24199958 36.50399862 2.49599958 36.24999862 0 P 0
L 2.24199958 36.50399862 2.49599958 36.50399862 0 P 0
L 2.24199958 37.49599816 2.49599958 37.49599816 0 P 0
L 2.24199958 37.49599816 2.49599958 37.74999816 0 P 0
L 2.24199958 38.00399816 2.49599958 37.74999816 0 P 0
L 2.24199958 38.00399816 2.49599958 38.00399816 0 P 0
L 2.24199958 38.9959977 2.49599958 38.9959977 0 P 0
L 2.24199958 38.9959977 2.49599958 39.2499977 0 P 0
L 2.24199958 39.5039977 2.49599958 39.2499977 0 P 0
L 2.24199958 39.5039977 2.49599958 39.5039977 0 P 0
L 2.49599958 20.07100126 2.74999958 19.81700126 0 P 0
L 2.49599958 20.57900126 2.74999958 20.83300126 0 P 0
L 2.49599958 20.99600068 2.74999958 20.74200068 0 P 0
L 2.49599958 21.50400068 2.74999958 21.75800068 0 P 0
L 2.49599958 22.49600276 2.74999958 22.24200276 0 P 0
L 2.49599958 23.00400276 2.74999958 23.25800276 0 P 0
L 2.49599958 23.9960023 2.74999958 23.7420023 0 P 0
L 2.49599958 24.5040023 2.74999958 24.7580023 0 P 0
L 2.49599958 25.49600184 2.74999958 25.24200184 0 P 0
L 2.49599958 26.00400184 2.74999958 26.25800184 0 P 0
L 2.49599958 26.99600138 2.74999958 26.74200138 0 P 0
L 2.49599958 27.50400138 2.74999958 27.75800138 0 P 0
L 2.49599958 28.49600092 2.74999958 28.24200092 0 P 0
L 2.49599958 29.00400092 2.74999958 29.25800092 0 P 0
L 2.49599958 29.99600046 2.74999958 29.74200046 0 P 0
L 2.49599958 30.50400046 2.74999958 30.75800046 0 P 0
L 2.49599958 31.496 2.74999958 31.242 0 P 0
L 2.49599958 32.004 2.74999958 32.258 0 P 0
L 2.49599958 32.99599954 2.74999958 32.74199954 0 P 0
L 2.49599958 33.50399954 2.74999958 33.75799954 0 P 0
L 2.49599958 34.49599908 2.74999958 34.24199908 0 P 0
L 2.49599958 35.00399908 2.74999958 35.25799908 0 P 0
L 2.49599958 35.99599862 2.74999958 35.74199862 0 P 0
L 2.49599958 36.50399862 2.74999958 36.75799862 0 P 0
L 2.49599958 37.49599816 2.74999958 37.24199816 0 P 0
L 2.49599958 38.00399816 2.74999958 38.25799816 0 P 0
L 2.49599958 38.9959977 2.74999958 38.7419977 0 P 0
L 2.49599958 39.5039977 2.74999958 39.7579977 0 P 0
L 2.61800086 3.71199918 2.61800086 4.72799918 0 P 0
L 2.74999958 19.81700126 3.00399958 20.07100126 0 P 0
L 2.74999958 20.74200068 3.00399958 20.99600068 0 P 0
L 2.74999958 20.83300126 3.00399958 20.57900126 0 P 0
L 2.74999958 21.75800068 3.00399958 21.50400068 0 P 0
L 2.74999958 22.24200276 3.00399958 22.49600276 0 P 0
L 2.74999958 23.25800276 3.00399958 23.00400276 0 P 0
L 2.74999958 23.7420023 3.00399958 23.9960023 0 P 0
L 2.74999958 24.7580023 3.00399958 24.5040023 0 P 0
L 2.74999958 25.24200184 3.00399958 25.49600184 0 P 0
L 2.74999958 26.25800184 3.00399958 26.00400184 0 P 0
L 2.74999958 26.74200138 3.00399958 26.99600138 0 P 0
L 2.74999958 27.75800138 3.00399958 27.50400138 0 P 0
L 2.74999958 28.24200092 3.00399958 28.49600092 0 P 0
L 2.74999958 29.25800092 3.00399958 29.00400092 0 P 0
L 2.74999958 29.74200046 3.00399958 29.99600046 0 P 0
L 2.74999958 30.75800046 3.00399958 30.50400046 0 P 0
L 2.74999958 31.242 3.00399958 31.496 0 P 0
L 2.74999958 32.258 3.00399958 32.004 0 P 0
L 2.74999958 32.74199954 3.00399958 32.99599954 0 P 0
L 2.74999958 33.75799954 3.00399958 33.50399954 0 P 0
L 2.74999958 34.24199908 3.00399958 34.49599908 0 P 0
L 2.74999958 35.25799908 3.00399958 35.00399908 0 P 0
L 2.74999958 35.74199862 3.00399958 35.99599862 0 P 0
L 2.74999958 36.75799862 3.00399958 36.50399862 0 P 0
L 2.74999958 37.24199816 3.00399958 37.49599816 0 P 0
L 2.74999958 38.25799816 3.00399958 38.00399816 0 P 0
L 2.74999958 38.7419977 3.00399958 38.9959977 0 P 0
L 2.74999958 39.7579977 3.00399958 39.5039977 0 P 0
L 2.99200062 10.50800032 3.50000062 9.49200032 0 P 0
L 2.99200062 10.50800032 4.00800062 10.50800032 0 P 0
L 3.00399958 20.07100126 3.25799958 20.07100126 0 P 0
L 3.00399958 20.32500126 3.25799958 20.07100126 0 P 0
L 3.00399958 20.32500126 3.25799958 20.57900126 0 P 0
L 3.00399958 20.57900126 3.25799958 20.57900126 0 P 0
L 3.00399958 20.99600068 3.25799958 20.99600068 0 P 0
L 3.00399958 21.25000068 3.25799958 20.99600068 0 P 0
L 3.00399958 21.25000068 3.25799958 21.50400068 0 P 0
L 3.00399958 21.50400068 3.25799958 21.50400068 0 P 0
L 3.00399958 22.49600276 3.25799958 22.49600276 0 P 0
L 3.00399958 22.75000276 3.25799958 22.49600276 0 P 0
L 3.00399958 22.75000276 3.25799958 23.00400276 0 P 0
L 3.00399958 23.00400276 3.25799958 23.00400276 0 P 0
L 3.00399958 23.9960023 3.25799958 23.9960023 0 P 0
L 3.00399958 24.2500023 3.25799958 23.9960023 0 P 0
L 3.00399958 24.2500023 3.25799958 24.5040023 0 P 0
L 3.00399958 24.5040023 3.25799958 24.5040023 0 P 0
L 3.00399958 25.49600184 3.25799958 25.49600184 0 P 0
L 3.00399958 25.75000184 3.25799958 25.49600184 0 P 0
L 3.00399958 25.75000184 3.25799958 26.00400184 0 P 0
L 3.00399958 26.00400184 3.25799958 26.00400184 0 P 0
L 3.00399958 26.99600138 3.25799958 26.99600138 0 P 0
L 3.00399958 27.25000138 3.25799958 26.99600138 0 P 0
L 3.00399958 27.25000138 3.25799958 27.50400138 0 P 0
L 3.00399958 27.50400138 3.25799958 27.50400138 0 P 0
L 3.00399958 28.49600092 3.25799958 28.49600092 0 P 0
L 3.00399958 28.75000092 3.25799958 28.49600092 0 P 0
L 3.00399958 28.75000092 3.25799958 29.00400092 0 P 0
L 3.00399958 29.00400092 3.25799958 29.00400092 0 P 0
L 3.00399958 29.99600046 3.25799958 29.99600046 0 P 0
L 3.00399958 30.25000046 3.25799958 29.99600046 0 P 0
L 3.00399958 30.25000046 3.25799958 30.50400046 0 P 0
L 3.00399958 30.50400046 3.25799958 30.50400046 0 P 0
L 3.00399958 31.496 3.25799958 31.496 0 P 0
L 3.00399958 31.75 3.25799958 31.496 0 P 0
L 3.00399958 31.75 3.25799958 32.004 0 P 0
L 3.00399958 32.004 3.25799958 32.004 0 P 0
L 3.00399958 32.99599954 3.25799958 32.99599954 0 P 0
L 3.00399958 33.24999954 3.25799958 32.99599954 0 P 0
L 3.00399958 33.24999954 3.25799958 33.50399954 0 P 0
L 3.00399958 33.50399954 3.25799958 33.50399954 0 P 0
L 3.00399958 34.49599908 3.25799958 34.49599908 0 P 0
L 3.00399958 34.74999908 3.25799958 34.49599908 0 P 0
L 3.00399958 34.74999908 3.25799958 35.00399908 0 P 0
L 3.00399958 35.00399908 3.25799958 35.00399908 0 P 0
L 3.00399958 35.99599862 3.25799958 35.99599862 0 P 0
L 3.00399958 36.24999862 3.25799958 35.99599862 0 P 0
L 3.00399958 36.24999862 3.25799958 36.50399862 0 P 0
L 3.00399958 36.50399862 3.25799958 36.50399862 0 P 0
L 3.00399958 37.49599816 3.25799958 37.49599816 0 P 0
L 3.00399958 37.74999816 3.25799958 37.49599816 0 P 0
L 3.00399958 37.74999816 3.25799958 38.00399816 0 P 0
L 3.00399958 38.00399816 3.25799958 38.00399816 0 P 0
L 3.00399958 38.9959977 3.25799958 38.9959977 0 P 0
L 3.00399958 39.2499977 3.25799958 38.9959977 0 P 0
L 3.00399958 39.2499977 3.25799958 39.5039977 0 P 0
L 3.00399958 39.5039977 3.25799958 39.5039977 0 P 0
L 3.50000062 9.49200032 4.00800062 10.50800032 0 P 0
L 3.64199932 28.1210004 3.89599932 28.1210004 0 P 0
L 3.64199932 28.1210004 3.89599932 28.3750004 0 P 0
L 3.64199932 28.6290004 3.89599932 28.3750004 0 P 0
L 3.64199932 28.6290004 3.89599932 28.6290004 0 P 0
L 3.74199912 22.49600276 3.99599912 22.49600276 0 P 0
L 3.74199912 22.49600276 3.99599912 22.75000276 0 P 0
L 3.74199912 23.00400276 3.99599912 22.75000276 0 P 0
L 3.74199912 23.00400276 3.99599912 23.00400276 0 P 0
L 3.74199912 23.9960023 3.99599912 23.9960023 0 P 0
L 3.74199912 23.9960023 3.99599912 24.2500023 0 P 0
L 3.74199912 24.5040023 3.99599912 24.2500023 0 P 0
L 3.74199912 24.5040023 3.99599912 24.5040023 0 P 0
L 3.74199912 25.49600184 3.99599912 25.49600184 0 P 0
L 3.74199912 25.49600184 3.99599912 25.75000184 0 P 0
L 3.74199912 26.00400184 3.99599912 25.75000184 0 P 0
L 3.74199912 26.00400184 3.99599912 26.00400184 0 P 0
L 3.74199912 31.496 3.99599912 31.496 0 P 0
L 3.74199912 31.496 3.99599912 31.75 0 P 0
L 3.74199912 32.004 3.99599912 31.75 0 P 0
L 3.74199912 32.004 3.99599912 32.004 0 P 0
L 3.74199912 32.99599954 3.99599912 32.99599954 0 P 0
L 3.74199912 32.99599954 3.99599912 33.24999954 0 P 0
L 3.74199912 33.50399954 3.99599912 33.24999954 0 P 0
L 3.74199912 33.50399954 3.99599912 33.50399954 0 P 0
L 3.74199912 34.49599908 3.99599912 34.49599908 0 P 0
L 3.74199912 34.49599908 3.99599912 34.74999908 0 P 0
L 3.74199912 35.00399908 3.99599912 34.74999908 0 P 0
L 3.74199912 35.00399908 3.99599912 35.00399908 0 P 0
L 3.74199912 35.99599862 3.99599912 35.99599862 0 P 0
L 3.74199912 35.99599862 3.99599912 36.24999862 0 P 0
L 3.74199912 36.50399862 3.99599912 36.24999862 0 P 0
L 3.74199912 36.50399862 3.99599912 36.50399862 0 P 0
L 3.74199912 37.49599816 3.99599912 37.49599816 0 P 0
L 3.74199912 37.49599816 3.99599912 37.74999816 0 P 0
L 3.74199912 38.00399816 3.99599912 37.74999816 0 P 0
L 3.74199912 38.00399816 3.99599912 38.00399816 0 P 0
L 3.74199912 38.9959977 3.99599912 38.9959977 0 P 0
L 3.74199912 38.9959977 3.99599912 39.2499977 0 P 0
L 3.74199912 39.5039977 3.99599912 39.2499977 0 P 0
L 3.74199912 39.5039977 3.99599912 39.5039977 0 P 0
L 3.89599932 28.1210004 4.14999932 27.8670004 0 P 0
L 3.89599932 28.6290004 4.14999932 28.8830004 0 P 0
L 3.99599912 22.49600276 4.24999912 22.24200276 0 P 0
L 3.99599912 23.00400276 4.24999912 23.25800276 0 P 0
L 3.99599912 23.9960023 4.24999912 23.7420023 0 P 0
L 3.99599912 24.5040023 4.24999912 24.7580023 0 P 0
L 3.99599912 25.49600184 4.24999912 25.24200184 0 P 0
L 3.99599912 26.00400184 4.24999912 26.25800184 0 P 0
L 3.99599912 31.496 4.24999912 31.242 0 P 0
L 3.99599912 32.004 4.24999912 32.258 0 P 0
L 3.99599912 32.99599954 4.24999912 32.74199954 0 P 0
L 3.99599912 33.50399954 4.24999912 33.75799954 0 P 0
L 3.99599912 34.49599908 4.24999912 34.24199908 0 P 0
L 3.99599912 35.00399908 4.24999912 35.25799908 0 P 0
L 3.99599912 35.99599862 4.24999912 35.74199862 0 P 0
L 3.99599912 36.50399862 4.24999912 36.75799862 0 P 0
L 3.99599912 37.49599816 4.24999912 37.24199816 0 P 0
L 3.99599912 38.00399816 4.24999912 38.25799816 0 P 0
L 3.99599912 38.9959977 4.24999912 38.7419977 0 P 0
L 3.99599912 39.5039977 4.24999912 39.7579977 0 P 0
L 4.14200086 3.71199918 4.14200086 4.72799918 0 P 0
L 4.14200086 3.71199918 5.15800086 3.71199918 0 P 0
L 4.14200086 4.72799918 5.15800086 4.72799918 0 P 0
L 4.14999932 27.8670004 4.40399932 28.1210004 0 P 0
L 4.14999932 28.8830004 4.40399932 28.6290004 0 P 0
L 4.24999912 22.24200276 4.50399912 22.49600276 0 P 0
L 4.24999912 23.25800276 4.50399912 23.00400276 0 P 0
L 4.24999912 23.7420023 4.50399912 23.9960023 0 P 0
L 4.24999912 24.7580023 4.50399912 24.5040023 0 P 0
L 4.24999912 25.24200184 4.50399912 25.49600184 0 P 0
L 4.24999912 26.25800184 4.50399912 26.00400184 0 P 0
L 4.24999912 31.242 4.50399912 31.496 0 P 0
L 4.24999912 32.258 4.50399912 32.004 0 P 0
L 4.24999912 32.74199954 4.50399912 32.99599954 0 P 0
L 4.24999912 33.75799954 4.50399912 33.50399954 0 P 0
L 4.24999912 34.24199908 4.50399912 34.49599908 0 P 0
L 4.24999912 35.25799908 4.50399912 35.00399908 0 P 0
L 4.24999912 35.74199862 4.50399912 35.99599862 0 P 0
L 4.24999912 36.75799862 4.50399912 36.50399862 0 P 0
L 4.24999912 37.24199816 4.50399912 37.49599816 0 P 0
L 4.24999912 38.25799816 4.50399912 38.00399816 0 P 0
L 4.24999912 38.7419977 4.50399912 38.9959977 0 P 0
L 4.24999912 39.7579977 4.50399912 39.5039977 0 P 0
L 4.40399932 28.1210004 4.65799932 28.1210004 0 P 0
L 4.40399932 28.3750004 4.65799932 28.1210004 0 P 0
L 4.40399932 28.3750004 4.65799932 28.6290004 0 P 0
L 4.40399932 28.6290004 4.65799932 28.6290004 0 P 0
L 4.50399912 22.49600276 4.75799912 22.49600276 0 P 0
L 4.50399912 22.75000276 4.75799912 22.49600276 0 P 0
L 4.50399912 22.75000276 4.75799912 23.00400276 0 P 0
L 4.50399912 23.00400276 4.75799912 23.00400276 0 P 0
L 4.50399912 23.9960023 4.75799912 23.9960023 0 P 0
L 4.50399912 24.2500023 4.75799912 23.9960023 0 P 0
L 4.50399912 24.2500023 4.75799912 24.5040023 0 P 0
L 4.50399912 24.5040023 4.75799912 24.5040023 0 P 0
L 4.50399912 25.49600184 4.75799912 25.49600184 0 P 0
L 4.50399912 25.75000184 4.75799912 25.49600184 0 P 0
L 4.50399912 25.75000184 4.75799912 26.00400184 0 P 0
L 4.50399912 26.00400184 4.75799912 26.00400184 0 P 0
L 4.50399912 31.496 4.75799912 31.496 0 P 0
L 4.50399912 31.75 4.75799912 31.496 0 P 0
L 4.50399912 31.75 4.75799912 32.004 0 P 0
L 4.50399912 32.004 4.75799912 32.004 0 P 0
L 4.50399912 32.99599954 4.75799912 32.99599954 0 P 0
L 4.50399912 33.24999954 4.75799912 32.99599954 0 P 0
L 4.50399912 33.24999954 4.75799912 33.50399954 0 P 0
L 4.50399912 33.50399954 4.75799912 33.50399954 0 P 0
L 4.50399912 34.49599908 4.75799912 34.49599908 0 P 0
L 4.50399912 34.74999908 4.75799912 34.49599908 0 P 0
L 4.50399912 34.74999908 4.75799912 35.00399908 0 P 0
L 4.50399912 35.00399908 4.75799912 35.00399908 0 P 0
L 4.50399912 35.99599862 4.75799912 35.99599862 0 P 0
L 4.50399912 36.24999862 4.75799912 35.99599862 0 P 0
L 4.50399912 36.24999862 4.75799912 36.50399862 0 P 0
L 4.50399912 36.50399862 4.75799912 36.50399862 0 P 0
L 4.50399912 37.49599816 4.75799912 37.49599816 0 P 0
L 4.50399912 37.74999816 4.75799912 37.49599816 0 P 0
L 4.50399912 37.74999816 4.75799912 38.00399816 0 P 0
L 4.50399912 38.00399816 4.75799912 38.00399816 0 P 0
L 4.50399912 38.9959977 4.75799912 38.9959977 0 P 0
L 4.50399912 39.2499977 4.75799912 38.9959977 0 P 0
L 4.50399912 39.2499977 4.75799912 39.5039977 0 P 0
L 4.50399912 39.5039977 4.75799912 39.5039977 0 P 0
L 4.79199956 20.74600118 5.04599956 20.74600118 0 P 0
L 4.79199956 20.74600118 5.04599956 21.00000118 0 P 0
L 4.79199956 21.25400118 5.04599956 21.00000118 0 P 0
L 4.79199956 21.25400118 5.04599956 21.25400118 0 P 0
L 5.04599956 20.74600118 5.29999956 20.49200118 0 P 0
L 5.04599956 21.25400118 5.29999956 21.50800118 0 P 0
L 5.15800086 3.71199918 5.15800086 4.72799918 0 P 0
L 5.24199866 22.49600276 5.49599866 22.49600276 0 P 0
L 5.24199866 22.49600276 5.49599866 22.75000276 0 P 0
L 5.24199866 23.00400276 5.49599866 22.75000276 0 P 0
L 5.24199866 23.00400276 5.49599866 23.00400276 0 P 0
L 5.24199866 23.9960023 5.49599866 23.9960023 0 P 0
L 5.24199866 23.9960023 5.49599866 24.2500023 0 P 0
L 5.24199866 24.5040023 5.49599866 24.2500023 0 P 0
L 5.24199866 24.5040023 5.49599866 24.5040023 0 P 0
L 5.24199866 31.496 5.49599866 31.496 0 P 0
L 5.24199866 31.496 5.49599866 31.75 0 P 0
L 5.24199866 32.004 5.49599866 31.75 0 P 0
L 5.24199866 32.004 5.49599866 32.004 0 P 0
L 5.24199866 35.99599862 5.49599866 35.99599862 0 P 0
L 5.24199866 35.99599862 5.49599866 36.24999862 0 P 0
L 5.24199866 36.50399862 5.49599866 36.24999862 0 P 0
L 5.24199866 36.50399862 5.49599866 36.50399862 0 P 0
L 5.24199866 37.49599816 5.49599866 37.49599816 0 P 0
L 5.24199866 37.49599816 5.49599866 37.74999816 0 P 0
L 5.24199866 38.00399816 5.49599866 37.74999816 0 P 0
L 5.24199866 38.00399816 5.49599866 38.00399816 0 P 0
L 5.24199866 38.9959977 5.49599866 38.9959977 0 P 0
L 5.24199866 38.9959977 5.49599866 39.2499977 0 P 0
L 5.24199866 39.5039977 5.49599866 39.2499977 0 P 0
L 5.24199866 39.5039977 5.49599866 39.5039977 0 P 0
L 5.2420012 28.1210004 5.4960012 28.1210004 0 P 0
L 5.2420012 28.1210004 5.4960012 28.3750004 0 P 0
L 5.2420012 28.6290004 5.4960012 28.3750004 0 P 0
L 5.2420012 28.6290004 5.4960012 28.6290004 0 P 0
L 5.2920011 33.09600188 5.5460011 33.09600188 0 P 0
L 5.2920011 33.09600188 5.5460011 33.35000188 0 P 0
L 5.2920011 33.60400188 5.5460011 33.35000188 0 P 0
L 5.2920011 33.60400188 5.5460011 33.60400188 0 P 0
L 5.2920011 34.19600222 5.5460011 34.19600222 0 P 0
L 5.2920011 34.19600222 5.5460011 34.45000222 0 P 0
L 5.2920011 34.70400222 5.5460011 34.45000222 0 P 0
L 5.2920011 34.70400222 5.5460011 34.70400222 0 P 0
L 5.29999956 20.49200118 5.55399956 20.74600118 0 P 0
L 5.29999956 21.50800118 5.55399956 21.25400118 0 P 0
L 5.31699978 26.12099932 5.57099978 26.12099932 0 P 0
L 5.31699978 26.12099932 5.57099978 26.37499932 0 P 0
L 5.31699978 26.62899932 5.57099978 26.37499932 0 P 0
L 5.31699978 26.62899932 5.57099978 26.62899932 0 P 0
L 5.4920007 5.7460007 5.7460007 5.7460007 0 P 0
L 5.4920007 5.7460007 5.7460007 6.0000007 0 P 0
L 5.4920007 6.2540007 5.7460007 6.0000007 0 P 0
L 5.4920007 6.2540007 5.7460007 6.2540007 0 P 0
L 5.49599866 22.49600276 5.74999866 22.24200276 0 P 0
L 5.49599866 23.00400276 5.74999866 23.25800276 0 P 0
L 5.49599866 23.9960023 5.74999866 23.7420023 0 P 0
L 5.49599866 24.5040023 5.74999866 24.7580023 0 P 0
L 5.49599866 31.496 5.74999866 31.242 0 P 0
L 5.49599866 32.004 5.74999866 32.258 0 P 0
L 5.49599866 35.99599862 5.74999866 35.74199862 0 P 0
L 5.49599866 36.50399862 5.74999866 36.75799862 0 P 0
L 5.49599866 37.49599816 5.74999866 37.24199816 0 P 0
L 5.49599866 38.00399816 5.74999866 38.25799816 0 P 0
L 5.49599866 38.9959977 5.74999866 38.7419977 0 P 0
L 5.49599866 39.5039977 5.74999866 39.7579977 0 P 0
L 5.4960012 28.1210004 5.7500012 27.8670004 0 P 0
L 5.4960012 28.6290004 5.7500012 28.8830004 0 P 0
L 5.5460011 33.09600188 5.8000011 32.84200188 0 P 0
L 5.5460011 33.60400188 5.8000011 33.85800188 0 P 0
L 5.5460011 34.19600222 5.8000011 33.94200222 0 P 0
L 5.5460011 34.70400222 5.8000011 34.95800222 0 P 0
L 5.55399956 20.74600118 5.80799956 20.74600118 0 P 0
L 5.55399956 21.00000118 5.80799956 20.74600118 0 P 0
L 5.55399956 21.00000118 5.80799956 21.25400118 0 P 0
L 5.55399956 21.25400118 5.80799956 21.25400118 0 P 0
L 5.57099978 26.12099932 5.82499978 25.86699932 0 P 0
L 5.57099978 26.62899932 5.82499978 26.88299932 0 P 0
L 5.5920005 21.17099906 5.8460005 21.17099906 0 P 0
L 5.5920005 21.17099906 5.8460005 21.42499906 0 P 0
L 5.5920005 21.67899906 5.8460005 21.42499906 0 P 0
L 5.5920005 21.67899906 5.8460005 21.67899906 0 P 0
L 5.7460007 5.7460007 6.0000007 5.4920007 0 P 0
L 5.7460007 6.2540007 6.0000007 6.5080007 0 P 0
L 5.74999866 22.24200276 6.00399866 22.49600276 0 P 0
L 5.74999866 23.25800276 6.00399866 23.00400276 0 P 0
L 5.74999866 23.7420023 6.00399866 23.9960023 0 P 0
L 5.74999866 24.7580023 6.00399866 24.5040023 0 P 0
L 5.74999866 31.242 6.00399866 31.496 0 P 0
L 5.74999866 32.258 6.00399866 32.004 0 P 0
L 5.74999866 35.74199862 6.00399866 35.99599862 0 P 0
L 5.74999866 36.75799862 6.00399866 36.50399862 0 P 0
L 5.74999866 37.24199816 6.00399866 37.49599816 0 P 0
L 5.74999866 38.25799816 6.00399866 38.00399816 0 P 0
L 5.74999866 38.7419977 6.00399866 38.9959977 0 P 0
L 5.74999866 39.7579977 6.00399866 39.5039977 0 P 0
L 5.7500012 27.8670004 6.0040012 28.1210004 0 P 0
L 5.7500012 28.8830004 6.0040012 28.6290004 0 P 0
L 5.8000011 32.84200188 6.0540011 33.09600188 0 P 0
L 5.8000011 33.85800188 6.0540011 33.60400188 0 P 0
L 5.8000011 33.94200222 6.0540011 34.19600222 0 P 0
L 5.8000011 34.95800222 6.0540011 34.70400222 0 P 0
L 5.82499978 25.86699932 6.07899978 26.12099932 0 P 0
L 5.82499978 26.88299932 6.07899978 26.62899932 0 P 0
L 5.8460005 21.17099906 6.1000005 20.91699906 0 P 0
L 5.8460005 21.67899906 6.1000005 21.93299906 0 P 0
L 6.0000007 5.4920007 6.2540007 5.7460007 0 P 0
L 6.0000007 6.5080007 6.2540007 6.2540007 0 P 0
L 6.00399866 22.49600276 6.25799866 22.49600276 0 P 0
L 6.00399866 22.75000276 6.25799866 22.49600276 0 P 0
L 6.00399866 22.75000276 6.25799866 23.00400276 0 P 0
L 6.00399866 23.00400276 6.25799866 23.00400276 0 P 0
L 6.00399866 23.9960023 6.25799866 23.9960023 0 P 0
L 6.00399866 24.2500023 6.25799866 23.9960023 0 P 0
L 6.00399866 24.2500023 6.25799866 24.5040023 0 P 0
L 6.00399866 24.5040023 6.25799866 24.5040023 0 P 0
L 6.00399866 31.496 6.25799866 31.496 0 P 0
L 6.00399866 31.75 6.25799866 31.496 0 P 0
L 6.00399866 31.75 6.25799866 32.004 0 P 0
L 6.00399866 32.004 6.25799866 32.004 0 P 0
L 6.00399866 35.99599862 6.25799866 35.99599862 0 P 0
L 6.00399866 36.24999862 6.25799866 35.99599862 0 P 0
L 6.00399866 36.24999862 6.25799866 36.50399862 0 P 0
L 6.00399866 36.50399862 6.25799866 36.50399862 0 P 0
L 6.00399866 37.49599816 6.25799866 37.49599816 0 P 0
L 6.00399866 37.74999816 6.25799866 37.49599816 0 P 0
L 6.00399866 37.74999816 6.25799866 38.00399816 0 P 0
L 6.00399866 38.00399816 6.25799866 38.00399816 0 P 0
L 6.00399866 38.9959977 6.25799866 38.9959977 0 P 0
L 6.00399866 39.2499977 6.25799866 38.9959977 0 P 0
L 6.00399866 39.2499977 6.25799866 39.5039977 0 P 0
L 6.00399866 39.5039977 6.25799866 39.5039977 0 P 0
L 6.0040012 28.1210004 6.2580012 28.1210004 0 P 0
L 6.0040012 28.3750004 6.2580012 28.1210004 0 P 0
L 6.0040012 28.3750004 6.2580012 28.6290004 0 P 0
L 6.0040012 28.6290004 6.2580012 28.6290004 0 P 0
L 6.0540011 33.09600188 6.3080011 33.09600188 0 P 0
L 6.0540011 33.35000188 6.3080011 33.09600188 0 P 0
L 6.0540011 33.35000188 6.3080011 33.60400188 0 P 0
L 6.0540011 33.60400188 6.3080011 33.60400188 0 P 0
L 6.0540011 34.19600222 6.3080011 34.19600222 0 P 0
L 6.0540011 34.45000222 6.3080011 34.19600222 0 P 0
L 6.0540011 34.45000222 6.3080011 34.70400222 0 P 0
L 6.0540011 34.70400222 6.3080011 34.70400222 0 P 0
L 6.07899978 26.12099932 6.33299978 26.12099932 0 P 0
L 6.07899978 26.37499932 6.33299978 26.12099932 0 P 0
L 6.07899978 26.37499932 6.33299978 26.62899932 0 P 0
L 6.07899978 26.62899932 6.33299978 26.62899932 0 P 0
L 6.0919995 25.37100082 6.3459995 25.37100082 0 P 0
L 6.0919995 25.37100082 6.3459995 25.62500082 0 P 0
L 6.0919995 25.87900082 6.3459995 25.62500082 0 P 0
L 6.0919995 25.87900082 6.3459995 25.87900082 0 P 0
L 6.1000005 20.91699906 6.3540005 21.17099906 0 P 0
L 6.1000005 21.93299906 6.3540005 21.67899906 0 P 0
L 6.2419992 18.37099958 6.4959992 18.37099958 0 P 0
L 6.2419992 18.37099958 6.4959992 18.62499958 0 P 0
L 6.2419992 18.87899958 6.4959992 18.62499958 0 P 0
L 6.2419992 18.87899958 6.4959992 18.87899958 0 P 0
L 6.2419992 21.17099906 6.4959992 21.17099906 0 P 0
L 6.2419992 21.17099906 6.4959992 21.42499906 0 P 0
L 6.2419992 21.67899906 6.4959992 21.42499906 0 P 0
L 6.2419992 21.67899906 6.4959992 21.67899906 0 P 0
L 6.2540007 5.7460007 6.5080007 5.7460007 0 P 0
L 6.2540007 6.0000007 6.5080007 5.7460007 0 P 0
L 6.2540007 6.0000007 6.5080007 6.2540007 0 P 0
L 6.2540007 6.2540007 6.5080007 6.2540007 0 P 0
L 6.3459995 25.37100082 6.5999995 25.11700082 0 P 0
L 6.3459995 25.87900082 6.5999995 26.13300082 0 P 0
L 6.3540005 21.17099906 6.6080005 21.17099906 0 P 0
L 6.3540005 21.42499906 6.6080005 21.17099906 0 P 0
L 6.3540005 21.42499906 6.6080005 21.67899906 0 P 0
L 6.3540005 21.67899906 6.6080005 21.67899906 0 P 0
L 6.4959992 18.37099958 6.7499992 18.11699958 0 P 0
L 6.4959992 18.87899958 6.7499992 19.13299958 0 P 0
L 6.4959992 21.17099906 6.7499992 20.91699906 0 P 0
L 6.4959992 21.67899906 6.7499992 21.93299906 0 P 0
L 6.5999995 25.11700082 6.8539995 25.37100082 0 P 0
L 6.5999995 26.13300082 6.8539995 25.87900082 0 P 0
L 6.68200086 3.71199918 6.68200086 4.72799918 0 P 0
L 6.68200086 3.71199918 7.69800086 3.71199918 0 P 0
L 6.68200086 4.72799918 7.69800086 4.72799918 0 P 0
L 6.7419982 22.49600276 6.9959982 22.49600276 0 P 0
L 6.7419982 22.49600276 6.9959982 22.75000276 0 P 0
L 6.7419982 23.00400276 6.9959982 22.75000276 0 P 0
L 6.7419982 23.00400276 6.9959982 23.00400276 0 P 0
L 6.7499992 18.11699958 7.0039992 18.37099958 0 P 0
L 6.7499992 19.13299958 7.0039992 18.87899958 0 P 0
L 6.7499992 20.91699906 7.0039992 21.17099906 0 P 0
L 6.7499992 21.93299906 7.0039992 21.67899906 0 P 0
L 6.8539995 25.37100082 7.1079995 25.37100082 0 P 0
L 6.8539995 25.62500082 7.1079995 25.37100082 0 P 0
L 6.8539995 25.62500082 7.1079995 25.87900082 0 P 0
L 6.8539995 25.87900082 7.1079995 25.87900082 0 P 0
L 6.89200044 21.17099906 7.14600044 21.17099906 0 P 0
L 6.89200044 21.17099906 7.14600044 21.42499906 0 P 0
L 6.89200044 21.67899906 7.14600044 21.42499906 0 P 0
L 6.89200044 21.67899906 7.14600044 21.67899906 0 P 0
L 6.96699902 17.97100038 7.22099902 17.97100038 0 P 0
L 6.96699902 17.97100038 7.22099902 18.22500038 0 P 0
L 6.96699902 18.47900038 7.22099902 18.22500038 0 P 0
L 6.96699902 18.47900038 7.22099902 18.47900038 0 P 0
L 6.9959982 22.49600276 7.2499982 22.24200276 0 P 0
L 6.9959982 23.00400276 7.2499982 23.25800276 0 P 0
L 7.0039992 18.37099958 7.2579992 18.37099958 0 P 0
L 7.0039992 18.62499958 7.2579992 18.37099958 0 P 0
L 7.0039992 18.62499958 7.2579992 18.87899958 0 P 0
L 7.0039992 18.87899958 7.2579992 18.87899958 0 P 0
L 7.0039992 21.17099906 7.2579992 21.17099906 0 P 0
L 7.0039992 21.42499906 7.2579992 21.17099906 0 P 0
L 7.0039992 21.42499906 7.2579992 21.67899906 0 P 0
L 7.0039992 21.67899906 7.2579992 21.67899906 0 P 0
L 7.14600044 21.17099906 7.40000044 20.91699906 0 P 0
L 7.14600044 21.67899906 7.40000044 21.93299906 0 P 0
L 7.17036666 24.22100058 7.42436666 24.22100058 0 P 0
L 7.17036666 24.22100058 7.42436666 24.47500058 0 P 0
L 7.17036666 24.72900058 7.42436666 24.47500058 0 P 0
L 7.17036666 24.72900058 7.42436666 24.72900058 0 P 0
L 7.22099902 17.97100038 7.47499902 17.71700038 0 P 0
L 7.22099902 18.47900038 7.47499902 18.73300038 0 P 0
L 7.2499982 22.24200276 7.5039982 22.49600276 0 P 0
L 7.2499982 23.25800276 7.5039982 23.00400276 0 P 0
L 7.40000044 20.91699906 7.65400044 21.17099906 0 P 0
L 7.40000044 21.93299906 7.65400044 21.67899906 0 P 0
L 7.42436666 24.22100058 7.67836666 23.96700058 0 P 0
L 7.42436666 24.72900058 7.67836666 24.98300058 0 P 0
L 7.47499902 17.71700038 7.72899902 17.97100038 0 P 0
L 7.47499902 18.73300038 7.72899902 18.47900038 0 P 0
L 7.5039982 22.49600276 7.7579982 22.49600276 0 P 0
L 7.5039982 22.75000276 7.7579982 22.49600276 0 P 0
L 7.5039982 22.75000276 7.7579982 23.00400276 0 P 0
L 7.5039982 23.00400276 7.7579982 23.00400276 0 P 0
L 7.65400044 21.17099906 7.90800044 21.17099906 0 P 0
L 7.65400044 21.42499906 7.90800044 21.17099906 0 P 0
L 7.65400044 21.42499906 7.90800044 21.67899906 0 P 0
L 7.65400044 21.67899906 7.90800044 21.67899906 0 P 0
L 7.67836666 23.96700058 7.93236666 24.22100058 0 P 0
L 7.67836666 24.98300058 7.93236666 24.72900058 0 P 0
L 7.69199884 20.87099966 7.94599884 20.87099966 0 P 0
L 7.69199884 20.87099966 7.94599884 21.12499966 0 P 0
L 7.69199884 21.37899966 7.94599884 21.12499966 0 P 0
L 7.69199884 21.37899966 7.94599884 21.37899966 0 P 0
L 7.69800086 3.71199918 7.69800086 4.72799918 0 P 0
L 7.72899902 17.97100038 7.98299902 17.97100038 0 P 0
L 7.72899902 18.22500038 7.98299902 17.97100038 0 P 0
L 7.72899902 18.22500038 7.98299902 18.47900038 0 P 0
L 7.72899902 18.47900038 7.98299902 18.47900038 0 P 0
L 7.93236666 24.22100058 8.18636666 24.22100058 0 P 0
L 7.93236666 24.47500058 8.18636666 24.22100058 0 P 0
L 7.93236666 24.47500058 8.18636666 24.72900058 0 P 0
L 7.93236666 24.72900058 8.18636666 24.72900058 0 P 0
L 7.94599884 20.87099966 8.19999884 20.61699966 0 P 0
L 7.94599884 21.37899966 8.19999884 21.63299966 0 P 0
L 8.19999884 20.61699966 8.45399884 20.87099966 0 P 0
L 8.19999884 21.63299966 8.45399884 21.37899966 0 P 0
L 8.238998 28.14600162 8.492998 28.14600162 0 P 0
L 8.238998 28.14600162 8.492998 28.40000162 0 P 0
L 8.238998 28.65400162 8.492998 28.40000162 0 P 0
L 8.238998 28.65400162 8.492998 28.65400162 0 P 0
L 8.24199774 22.49600276 8.49599774 22.49600276 0 P 0
L 8.24199774 22.49600276 8.49599774 22.75000276 0 P 0
L 8.24199774 23.00400276 8.49599774 22.75000276 0 P 0
L 8.24199774 23.00400276 8.49599774 23.00400276 0 P 0
L 8.45399884 20.87099966 8.70799884 20.87099966 0 P 0
L 8.45399884 21.12499966 8.70799884 20.87099966 0 P 0
L 8.45399884 21.12499966 8.70799884 21.37899966 0 P 0
L 8.45399884 21.37899966 8.70799884 21.37899966 0 P 0
L 8.492998 28.14600162 8.746998 27.89200162 0 P 0
L 8.492998 28.65400162 8.746998 28.90800162 0 P 0
L 8.49599774 22.49600276 8.74999774 22.24200276 0 P 0
L 8.49599774 23.00400276 8.74999774 23.25800276 0 P 0
L 8.74199928 14.74600048 8.99599928 14.74600048 0 P 0
L 8.74199928 14.74600048 8.99599928 15.00000048 0 P 0
L 8.74199928 15.25400048 8.99599928 15.00000048 0 P 0
L 8.74199928 15.25400048 8.99599928 15.25400048 0 P 0
L 8.746998 27.89200162 9.000998 28.14600162 0 P 0
L 8.746998 28.90800162 9.000998 28.65400162 0 P 0
L 8.74999774 22.24200276 9.00399774 22.49600276 0 P 0
L 8.74999774 23.25800276 9.00399774 23.00400276 0 P 0
L 8.78899944 23.39600096 9.04299944 23.39600096 0 P 0
L 8.78899944 23.39600096 9.04299944 23.65000096 0 P 0
L 8.78899944 23.90400096 9.04299944 23.65000096 0 P 0
L 8.78899944 23.90400096 9.04299944 23.90400096 0 P 0
L 8.99599928 14.74600048 9.24999928 14.49200048 0 P 0
L 8.99599928 15.25400048 9.24999928 15.50800048 0 P 0
L 9.000998 28.14600162 9.254998 28.14600162 0 P 0
L 9.000998 28.40000162 9.254998 28.14600162 0 P 0
L 9.000998 28.40000162 9.254998 28.65400162 0 P 0
L 9.000998 28.65400162 9.254998 28.65400162 0 P 0
L 9.00399774 22.49600276 9.25799774 22.49600276 0 P 0
L 9.00399774 22.75000276 9.25799774 22.49600276 0 P 0
L 9.00399774 22.75000276 9.25799774 23.00400276 0 P 0
L 9.00399774 23.00400276 9.25799774 23.00400276 0 P 0
L 9.04200122 35.82100024 9.29600122 35.82100024 0 P 0
L 9.04200122 35.82100024 9.29600122 36.07500024 0 P 0
L 9.04200122 36.32900024 9.29600122 36.07500024 0 P 0
L 9.04200122 36.32900024 9.29600122 36.32900024 0 P 0
L 9.04299944 23.39600096 9.29699944 23.14200096 0 P 0
L 9.04299944 23.90400096 9.29699944 24.15800096 0 P 0
L 9.1169998 31.4460001 9.3709998 31.4460001 0 P 0
L 9.1169998 31.4460001 9.3709998 31.7000001 0 P 0
L 9.1169998 31.9540001 9.3709998 31.7000001 0 P 0
L 9.1169998 31.9540001 9.3709998 31.9540001 0 P 0
L 9.1169998 32.5459979 9.3709998 32.5459979 0 P 0
L 9.1169998 32.5459979 9.3709998 32.7999979 0 P 0
L 9.1169998 33.0539979 9.3709998 32.7999979 0 P 0
L 9.1169998 33.0539979 9.3709998 33.0539979 0 P 0
L 9.1169998 33.67099946 9.3709998 33.67099946 0 P 0
L 9.1169998 33.67099946 9.3709998 33.92499946 0 P 0
L 9.1169998 34.17899946 9.3709998 33.92499946 0 P 0
L 9.1169998 34.17899946 9.3709998 34.17899946 0 P 0
L 9.1169998 34.74599858 9.3709998 34.74599858 0 P 0
L 9.1169998 34.74599858 9.3709998 34.99999858 0 P 0
L 9.1169998 35.25399858 9.3709998 34.99999858 0 P 0
L 9.1169998 35.25399858 9.3709998 35.25399858 0 P 0
L 9.2169996 7.94599884 9.4709996 7.94599884 0 P 0
L 9.2169996 7.94599884 9.4709996 8.19999884 0 P 0
L 9.2169996 8.45399884 9.4709996 8.19999884 0 P 0
L 9.2169996 8.45399884 9.4709996 8.45399884 0 P 0
L 9.22200086 3.71199918 9.22200086 4.72799918 0 P 0
L 9.22200086 3.71199918 10.23800086 3.71199918 0 P 0
L 9.22200086 4.72799918 10.23800086 4.72799918 0 P 0
L 9.24999928 14.49200048 9.50399928 14.74600048 0 P 0
L 9.24999928 15.50800048 9.50399928 15.25400048 0 P 0
L 9.29200072 20.87099966 9.54600072 20.87099966 0 P 0
L 9.29200072 20.87099966 9.54600072 21.12499966 0 P 0
L 9.29200072 21.37899966 9.54600072 21.12499966 0 P 0
L 9.29200072 21.37899966 9.54600072 21.37899966 0 P 0
L 9.29600122 35.82100024 9.55000122 35.56700024 0 P 0
L 9.29600122 36.32900024 9.55000122 36.58300024 0 P 0
L 9.29699944 23.14200096 9.55099944 23.39600096 0 P 0
L 9.29699944 24.15800096 9.55099944 23.90400096 0 P 0
L 9.3709998 31.4460001 9.6249998 31.1920001 0 P 0
L 9.3709998 31.9540001 9.6249998 32.2080001 0 P 0
L 9.3709998 32.5459979 9.6249998 32.2919979 0 P 0
L 9.3709998 33.0539979 9.6249998 33.3079979 0 P 0
L 9.3709998 33.67099946 9.6249998 33.41699946 0 P 0
L 9.3709998 34.17899946 9.6249998 34.43299946 0 P 0
L 9.3709998 34.74599858 9.6249998 34.49199858 0 P 0
L 9.3709998 35.25399858 9.6249998 35.50799858 0 P 0
L 9.4709996 7.94599884 9.7249996 7.69199884 0 P 0
L 9.4709996 8.45399884 9.7249996 8.70799884 0 P 0
L 9.50399928 14.74600048 9.75799928 14.74600048 0 P 0
L 9.50399928 15.00000048 9.75799928 14.74600048 0 P 0
L 9.50399928 15.00000048 9.75799928 15.25400048 0 P 0
L 9.50399928 15.25400048 9.75799928 15.25400048 0 P 0
L 9.54600072 20.87099966 9.80000072 20.61699966 0 P 0
L 9.54600072 21.37899966 9.80000072 21.63299966 0 P 0
L 9.55000122 35.56700024 9.80400122 35.82100024 0 P 0
L 9.55000122 36.58300024 9.80400122 36.32900024 0 P 0
L 9.55099944 23.39600096 9.80499944 23.39600096 0 P 0
L 9.55099944 23.65000096 9.80499944 23.39600096 0 P 0
L 9.55099944 23.65000096 9.80499944 23.90400096 0 P 0
L 9.55099944 23.90400096 9.80499944 23.90400096 0 P 0
L 9.6249998 31.1920001 9.8789998 31.4460001 0 P 0
L 9.6249998 32.2080001 9.8789998 31.9540001 0 P 0
L 9.6249998 32.2919979 9.8789998 32.5459979 0 P 0
L 9.6249998 33.3079979 9.8789998 33.0539979 0 P 0
L 9.6249998 33.41699946 9.8789998 33.67099946 0 P 0
L 9.6249998 34.43299946 9.8789998 34.17899946 0 P 0
L 9.6249998 34.49199858 9.8789998 34.74599858 0 P 0
L 9.6249998 35.50799858 9.8789998 35.25399858 0 P 0
L 9.7249996 7.69199884 9.9789996 7.94599884 0 P 0
L 9.7249996 8.70799884 9.9789996 8.45399884 0 P 0
L 9.74199982 11.74599886 9.99599982 11.74599886 0 P 0
L 9.74199982 11.74599886 9.99599982 11.99999886 0 P 0
L 9.74199982 12.25399886 9.99599982 11.99999886 0 P 0
L 9.74199982 12.25399886 9.99599982 12.25399886 0 P 0
L 9.74199982 35.82100024 9.99599982 35.82100024 0 P 0
L 9.74199982 35.82100024 9.99599982 36.07500024 0 P 0
L 9.74199982 36.32900024 9.99599982 36.07500024 0 P 0
L 9.74199982 36.32900024 9.99599982 36.32900024 0 P 0
L 9.80000072 20.61699966 10.05400072 20.87099966 0 P 0
L 9.80000072 21.63299966 10.05400072 21.37899966 0 P 0
L 9.80400122 35.82100024 10.05800122 35.82100024 0 P 0
L 9.80400122 36.07500024 10.05800122 35.82100024 0 P 0
L 9.80400122 36.07500024 10.05800122 36.32900024 0 P 0
L 9.80400122 36.32900024 10.05800122 36.32900024 0 P 0
L 9.8789998 31.4460001 10.1329998 31.4460001 0 P 0
L 9.8789998 31.7000001 10.1329998 31.4460001 0 P 0
L 9.8789998 31.7000001 10.1329998 31.9540001 0 P 0
L 9.8789998 31.9540001 10.1329998 31.9540001 0 P 0
L 9.8789998 32.5459979 10.1329998 32.5459979 0 P 0
L 9.8789998 32.7999979 10.1329998 32.5459979 0 P 0
L 9.8789998 32.7999979 10.1329998 33.0539979 0 P 0
L 9.8789998 33.0539979 10.1329998 33.0539979 0 P 0
L 9.8789998 33.67099946 10.1329998 33.67099946 0 P 0
L 9.8789998 33.92499946 10.1329998 33.67099946 0 P 0
L 9.8789998 33.92499946 10.1329998 34.17899946 0 P 0
L 9.8789998 34.17899946 10.1329998 34.17899946 0 P 0
L 9.8789998 34.74599858 10.1329998 34.74599858 0 P 0
L 9.8789998 34.99999858 10.1329998 34.74599858 0 P 0
L 9.8789998 34.99999858 10.1329998 35.25399858 0 P 0
L 9.8789998 35.25399858 10.1329998 35.25399858 0 P 0
L 9.94199942 22.3709992 10.19599942 22.3709992 0 P 0
L 9.94199942 22.3709992 10.19599942 22.6249992 0 P 0
L 9.94199942 22.8789992 10.19599942 22.6249992 0 P 0
L 9.94199942 22.8789992 10.19599942 22.8789992 0 P 0
L 9.94199942 29.57100004 10.19599942 29.57100004 0 P 0
L 9.94199942 29.57100004 10.19599942 29.82500004 0 P 0
L 9.94199942 30.07900004 10.19599942 29.82500004 0 P 0
L 9.94199942 30.07900004 10.19599942 30.07900004 0 P 0
L 9.94199942 33.67099946 10.19599942 33.67099946 0 P 0
L 9.94199942 33.67099946 10.19599942 33.92499946 0 P 0
L 9.94199942 34.17899946 10.19599942 33.92499946 0 P 0
L 9.94199942 34.17899946 10.19599942 34.17899946 0 P 0
L 9.9789996 7.94599884 10.2329996 7.94599884 0 P 0
L 9.9789996 8.19999884 10.2329996 7.94599884 0 P 0
L 9.9789996 8.19999884 10.2329996 8.45399884 0 P 0
L 9.9789996 8.45399884 10.2329996 8.45399884 0 P 0
L 9.99599982 11.74599886 10.24999982 11.49199886 0 P 0
L 9.99599982 12.25399886 10.24999982 12.50799886 0 P 0
L 9.99599982 35.82100024 10.24999982 35.56700024 0 P 0
L 9.99599982 36.32900024 10.24999982 36.58300024 0 P 0
L 10.05400072 20.87099966 10.30800072 20.87099966 0 P 0
L 10.05400072 21.12499966 10.30800072 20.87099966 0 P 0
L 10.05400072 21.12499966 10.30800072 21.37899966 0 P 0
L 10.05400072 21.37899966 10.30800072 21.37899966 0 P 0
L 10.09199912 18.62099908 10.34599912 18.62099908 0 P 0
L 10.09199912 18.62099908 10.34599912 18.87499908 0 P 0
L 10.09199912 19.12899908 10.34599912 18.87499908 0 P 0
L 10.09199912 19.12899908 10.34599912 19.12899908 0 P 0
L 10.19599942 22.3709992 10.44999942 22.1169992 0 P 0
L 10.19599942 22.8789992 10.44999942 23.1329992 0 P 0
L 10.19599942 29.57100004 10.44999942 29.31700004 0 P 0
L 10.19599942 30.07900004 10.44999942 30.33300004 0 P 0
L 10.19599942 33.67099946 10.44999942 33.41699946 0 P 0
L 10.19599942 34.17899946 10.44999942 34.43299946 0 P 0
L 10.23800086 3.71199918 10.23800086 4.72799918 0 P 0
L 10.24999982 11.49199886 10.50399982 11.74599886 0 P 0
L 10.24999982 12.50799886 10.50399982 12.25399886 0 P 0
L 10.24999982 35.56700024 10.50399982 35.82100024 0 P 0
L 10.24999982 36.58300024 10.50399982 36.32900024 0 P 0
L 10.34599912 18.62099908 10.59999912 18.36699908 0 P 0
L 10.34599912 19.12899908 10.59999912 19.38299908 0 P 0
L 10.44999942 22.1169992 10.70399942 22.3709992 0 P 0
L 10.44999942 23.1329992 10.70399942 22.8789992 0 P 0
L 10.44999942 29.31700004 10.70399942 29.57100004 0 P 0
L 10.44999942 30.33300004 10.70399942 30.07900004 0 P 0
L 10.44999942 33.41699946 10.70399942 33.67099946 0 P 0
L 10.44999942 34.43299946 10.70399942 34.17899946 0 P 0
L 10.50399982 11.74599886 10.75799982 11.74599886 0 P 0
L 10.50399982 11.99999886 10.75799982 11.74599886 0 P 0
L 10.50399982 11.99999886 10.75799982 12.25399886 0 P 0
L 10.50399982 12.25399886 10.75799982 12.25399886 0 P 0
L 10.50399982 35.82100024 10.75799982 35.82100024 0 P 0
L 10.50399982 36.07500024 10.75799982 35.82100024 0 P 0
L 10.50399982 36.07500024 10.75799982 36.32900024 0 P 0
L 10.50399982 36.32900024 10.75799982 36.32900024 0 P 0
L 10.59999912 18.36699908 10.85399912 18.62099908 0 P 0
L 10.59999912 19.38299908 10.85399912 19.12899908 0 P 0
L 10.70399942 22.3709992 10.95799942 22.3709992 0 P 0
L 10.70399942 22.6249992 10.95799942 22.3709992 0 P 0
L 10.70399942 22.6249992 10.95799942 22.8789992 0 P 0
L 10.70399942 22.8789992 10.95799942 22.8789992 0 P 0
L 10.70399942 29.57100004 10.95799942 29.57100004 0 P 0
L 10.70399942 29.82500004 10.95799942 29.57100004 0 P 0
L 10.70399942 29.82500004 10.95799942 30.07900004 0 P 0
L 10.70399942 30.07900004 10.95799942 30.07900004 0 P 0
L 10.70399942 33.67099946 10.95799942 33.67099946 0 P 0
L 10.70399942 33.92499946 10.95799942 33.67099946 0 P 0
L 10.70399942 33.92499946 10.95799942 34.17899946 0 P 0
L 10.70399942 34.17899946 10.95799942 34.17899946 0 P 0
L 10.85399912 18.62099908 11.10799912 18.62099908 0 P 0
L 10.85399912 18.87499908 11.10799912 18.62099908 0 P 0
L 10.85399912 18.87499908 11.10799912 19.12899908 0 P 0
L 10.85399912 19.12899908 11.10799912 19.12899908 0 P 0
L 10.89200006 17.72100088 11.14600006 17.72100088 0 P 0
L 10.89200006 17.72100088 11.14600006 17.97500088 0 P 0
L 10.89200006 18.22900088 11.14600006 17.97500088 0 P 0
L 10.89200006 18.22900088 11.14600006 18.22900088 0 P 0
L 11.04199976 29.57100004 11.29599976 29.57100004 0 P 0
L 11.04199976 29.57100004 11.29599976 29.82500004 0 P 0
L 11.04199976 30.07900004 11.29599976 29.82500004 0 P 0
L 11.04199976 30.07900004 11.29599976 30.07900004 0 P 0
L 11.04199976 33.67099946 11.29599976 33.67099946 0 P 0
L 11.04199976 33.67099946 11.29599976 33.92499946 0 P 0
L 11.04199976 34.17899946 11.29599976 33.92499946 0 P 0
L 11.04199976 34.17899946 11.29599976 34.17899946 0 P 0
L 11.11700088 22.87100074 11.37100088 22.87100074 0 P 0
L 11.11700088 22.87100074 11.37100088 23.12500074 0 P 0
L 11.11700088 23.37900074 11.37100088 23.12500074 0 P 0
L 11.11700088 23.37900074 11.37100088 23.37900074 0 P 0
L 11.14199956 16.87100004 11.39599956 16.87100004 0 P 0
L 11.14199956 16.87100004 11.39599956 17.12500004 0 P 0
L 11.14199956 17.37900004 11.39599956 17.12500004 0 P 0
L 11.14199956 17.37900004 11.39599956 17.37900004 0 P 0
L 11.14600006 17.72100088 11.40000006 17.46700088 0 P 0
L 11.14600006 18.22900088 11.40000006 18.48300088 0 P 0
L 11.16700078 11.12099884 11.42100078 11.12099884 0 P 0
L 11.16700078 11.12099884 11.42100078 11.37499884 0 P 0
L 11.16700078 11.62899884 11.42100078 11.37499884 0 P 0
L 11.16700078 11.62899884 11.42100078 11.62899884 0 P 0
L 11.24199682 23.9960023 11.49599682 23.9960023 0 P 0
L 11.24199682 23.9960023 11.49599682 24.2500023 0 P 0
L 11.24199682 24.5040023 11.49599682 24.2500023 0 P 0
L 11.24199682 24.5040023 11.49599682 24.5040023 0 P 0
L 11.2420019 35.82100024 11.4960019 35.82100024 0 P 0
L 11.2420019 35.82100024 11.4960019 36.07500024 0 P 0
L 11.2420019 36.32900024 11.4960019 36.07500024 0 P 0
L 11.2420019 36.32900024 11.4960019 36.32900024 0 P 0
L 11.29599976 29.57100004 11.54999976 29.31700004 0 P 0
L 11.29599976 30.07900004 11.54999976 30.33300004 0 P 0
L 11.29599976 33.67099946 11.54999976 33.41699946 0 P 0
L 11.29599976 34.17899946 11.54999976 34.43299946 0 P 0
L 11.36700038 24.9960003 11.62100038 24.9960003 0 P 0
L 11.36700038 24.9960003 11.62100038 25.2500003 0 P 0
L 11.36700038 25.5040003 11.62100038 25.2500003 0 P 0
L 11.36700038 25.5040003 11.62100038 25.5040003 0 P 0
L 11.37100088 22.87100074 11.62500088 22.61700074 0 P 0
L 11.37100088 23.37900074 11.62500088 23.63300074 0 P 0
L 11.39599956 16.87100004 11.64999956 16.61700004 0 P 0
L 11.39599956 17.37900004 11.64999956 17.63300004 0 P 0
L 11.40000006 17.46700088 11.65400006 17.72100088 0 P 0
L 11.40000006 18.48300088 11.65400006 18.22900088 0 P 0
L 11.42100078 11.12099884 11.67500078 10.86699884 0 P 0
L 11.42100078 11.62899884 11.67500078 11.88299884 0 P 0
L 11.49599682 23.9960023 11.74999682 23.7420023 0 P 0
L 11.49599682 24.5040023 11.74999682 24.7580023 0 P 0
L 11.4960019 35.82100024 11.7500019 35.56700024 0 P 0
L 11.4960019 36.32900024 11.7500019 36.58300024 0 P 0
L 11.54999976 29.31700004 11.80399976 29.57100004 0 P 0
L 11.54999976 30.33300004 11.80399976 30.07900004 0 P 0
L 11.54999976 33.41699946 11.80399976 33.67099946 0 P 0
L 11.54999976 34.43299946 11.80399976 34.17899946 0 P 0
L 11.62100038 24.9960003 11.87500038 24.7420003 0 P 0
L 11.62100038 25.5040003 11.87500038 25.7580003 0 P 0
L 11.62500088 22.61700074 11.87900088 22.87100074 0 P 0
L 11.62500088 23.63300074 11.87900088 23.37900074 0 P 0
L 11.64999956 16.61700004 11.90399956 16.87100004 0 P 0
L 11.64999956 17.63300004 11.90399956 17.37900004 0 P 0
L 11.65400006 17.72100088 11.90800006 17.72100088 0 P 0
L 11.65400006 17.97500088 11.90800006 17.72100088 0 P 0
L 11.65400006 17.97500088 11.90800006 18.22900088 0 P 0
L 11.65400006 18.22900088 11.90800006 18.22900088 0 P 0
L 11.67500078 10.86699884 11.92900078 11.12099884 0 P 0
L 11.67500078 11.88299884 11.92900078 11.62899884 0 P 0
L 11.74999682 23.7420023 12.00399682 23.9960023 0 P 0
L 11.74999682 24.7580023 12.00399682 24.5040023 0 P 0
L 11.7500019 35.56700024 12.0040019 35.82100024 0 P 0
L 11.7500019 36.58300024 12.0040019 36.32900024 0 P 0
L 11.76200086 3.71199918 11.76200086 4.72799918 0 P 0
L 11.76200086 3.71199918 12.77800086 3.71199918 0 P 0
L 11.76200086 4.72799918 12.77800086 4.72799918 0 P 0
L 11.80399976 29.57100004 12.05799976 29.57100004 0 P 0
L 11.80399976 29.82500004 12.05799976 29.57100004 0 P 0
L 11.80399976 29.82500004 12.05799976 30.07900004 0 P 0
L 11.80399976 30.07900004 12.05799976 30.07900004 0 P 0
L 11.80399976 33.67099946 12.05799976 33.67099946 0 P 0
L 11.80399976 33.92499946 12.05799976 33.67099946 0 P 0
L 11.80399976 33.92499946 12.05799976 34.17899946 0 P 0
L 11.80399976 34.17899946 12.05799976 34.17899946 0 P 0
L 11.86699938 31.4460001 12.12099938 31.4460001 0 P 0
L 11.86699938 31.4460001 12.12099938 31.7000001 0 P 0
L 11.86699938 31.9540001 12.12099938 31.7000001 0 P 0
L 11.86699938 31.9540001 12.12099938 31.9540001 0 P 0
L 11.86699938 32.5459979 12.12099938 32.5459979 0 P 0
L 11.86699938 32.5459979 12.12099938 32.7999979 0 P 0
L 11.86699938 33.0539979 12.12099938 32.7999979 0 P 0
L 11.86699938 33.0539979 12.12099938 33.0539979 0 P 0
L 11.86699938 33.67099946 12.12099938 33.67099946 0 P 0
L 11.86699938 33.67099946 12.12099938 33.92499946 0 P 0
L 11.86699938 34.17899946 12.12099938 33.92499946 0 P 0
L 11.86699938 34.17899946 12.12099938 34.17899946 0 P 0
L 11.86699938 34.74599858 12.12099938 34.74599858 0 P 0
L 11.86699938 34.74599858 12.12099938 34.99999858 0 P 0
L 11.86699938 35.25399858 12.12099938 34.99999858 0 P 0
L 11.86699938 35.25399858 12.12099938 35.25399858 0 P 0
L 11.87500038 24.7420003 12.12900038 24.9960003 0 P 0
L 11.87500038 25.7580003 12.12900038 25.5040003 0 P 0
L 11.87900088 22.87100074 12.13300088 22.87100074 0 P 0
L 11.87900088 23.12500074 12.13300088 22.87100074 0 P 0
L 11.87900088 23.12500074 12.13300088 23.37900074 0 P 0
L 11.87900088 23.37900074 12.13300088 23.37900074 0 P 0
L 11.90399956 16.87100004 12.15799956 16.87100004 0 P 0
L 11.90399956 17.12500004 12.15799956 16.87100004 0 P 0
L 11.90399956 17.12500004 12.15799956 17.37900004 0 P 0
L 11.90399956 17.37900004 12.15799956 17.37900004 0 P 0
L 11.92900078 11.12099884 12.18300078 11.12099884 0 P 0
L 11.92900078 11.37499884 12.18300078 11.12099884 0 P 0
L 11.92900078 11.37499884 12.18300078 11.62899884 0 P 0
L 11.92900078 11.62899884 12.18300078 11.62899884 0 P 0
L 11.9420005 35.82100024 12.1960005 35.82100024 0 P 0
L 11.9420005 35.82100024 12.1960005 36.07500024 0 P 0
L 11.9420005 36.32900024 12.1960005 36.07500024 0 P 0
L 11.9420005 36.32900024 12.1960005 36.32900024 0 P 0
L 12.00399682 23.9960023 12.25799682 23.9960023 0 P 0
L 12.00399682 24.2500023 12.25799682 23.9960023 0 P 0
L 12.00399682 24.2500023 12.25799682 24.5040023 0 P 0
L 12.00399682 24.5040023 12.25799682 24.5040023 0 P 0
L 12.0040019 35.82100024 12.2580019 35.82100024 0 P 0
L 12.0040019 36.07500024 12.2580019 35.82100024 0 P 0
L 12.0040019 36.07500024 12.2580019 36.32900024 0 P 0
L 12.0040019 36.32900024 12.2580019 36.32900024 0 P 0
L 12.12099938 31.4460001 12.37499938 31.1920001 0 P 0
L 12.12099938 31.9540001 12.37499938 32.2080001 0 P 0
L 12.12099938 32.5459979 12.37499938 32.2919979 0 P 0
L 12.12099938 33.0539979 12.37499938 33.3079979 0 P 0
L 12.12099938 33.67099946 12.37499938 33.41699946 0 P 0
L 12.12099938 34.17899946 12.37499938 34.43299946 0 P 0
L 12.12099938 34.74599858 12.37499938 34.49199858 0 P 0
L 12.12099938 35.25399858 12.37499938 35.50799858 0 P 0
L 12.12900038 24.9960003 12.38300038 24.9960003 0 P 0
L 12.12900038 25.2500003 12.38300038 24.9960003 0 P 0
L 12.12900038 25.2500003 12.38300038 25.5040003 0 P 0
L 12.12900038 25.5040003 12.38300038 25.5040003 0 P 0
L 12.1960005 35.82100024 12.4500005 35.56700024 0 P 0
L 12.1960005 36.32900024 12.4500005 36.58300024 0 P 0
L 12.37499938 31.1920001 12.62899938 31.4460001 0 P 0
L 12.37499938 32.2080001 12.62899938 31.9540001 0 P 0
L 12.37499938 32.2919979 12.62899938 32.5459979 0 P 0
L 12.37499938 33.3079979 12.62899938 33.0539979 0 P 0
L 12.37499938 33.41699946 12.62899938 33.67099946 0 P 0
L 12.37499938 34.43299946 12.62899938 34.17899946 0 P 0
L 12.37499938 34.49199858 12.62899938 34.74599858 0 P 0
L 12.37499938 35.50799858 12.62899938 35.25399858 0 P 0
L 12.4500005 35.56700024 12.7040005 35.82100024 0 P 0
L 12.4500005 36.58300024 12.7040005 36.32900024 0 P 0
L 12.62899938 31.4460001 12.88299938 31.4460001 0 P 0
L 12.62899938 31.7000001 12.88299938 31.4460001 0 P 0
L 12.62899938 31.7000001 12.88299938 31.9540001 0 P 0
L 12.62899938 31.9540001 12.88299938 31.9540001 0 P 0
L 12.62899938 32.5459979 12.88299938 32.5459979 0 P 0
L 12.62899938 32.7999979 12.88299938 32.5459979 0 P 0
L 12.62899938 32.7999979 12.88299938 33.0539979 0 P 0
L 12.62899938 33.0539979 12.88299938 33.0539979 0 P 0
L 12.62899938 33.67099946 12.88299938 33.67099946 0 P 0
L 12.62899938 33.92499946 12.88299938 33.67099946 0 P 0
L 12.62899938 33.92499946 12.88299938 34.17899946 0 P 0
L 12.62899938 34.17899946 12.88299938 34.17899946 0 P 0
L 12.62899938 34.74599858 12.88299938 34.74599858 0 P 0
L 12.62899938 34.99999858 12.88299938 34.74599858 0 P 0
L 12.62899938 34.99999858 12.88299938 35.25399858 0 P 0
L 12.62899938 35.25399858 12.88299938 35.25399858 0 P 0
L 12.691999 23.99599976 12.945999 23.99599976 0 P 0
L 12.691999 23.99599976 12.945999 24.24999976 0 P 0
L 12.691999 24.50399976 12.945999 24.24999976 0 P 0
L 12.691999 24.50399976 12.945999 24.50399976 0 P 0
L 12.691999 24.9960003 12.945999 24.9960003 0 P 0
L 12.691999 24.9960003 12.945999 25.2500003 0 P 0
L 12.691999 25.5040003 12.945999 25.2500003 0 P 0
L 12.691999 25.5040003 12.945999 25.5040003 0 P 0
L 12.7040005 35.82100024 12.9580005 35.82100024 0 P 0
L 12.7040005 36.07500024 12.9580005 35.82100024 0 P 0
L 12.7040005 36.07500024 12.9580005 36.32900024 0 P 0
L 12.7040005 36.32900024 12.9580005 36.32900024 0 P 0
L 12.77800086 3.71199918 12.77800086 4.72799918 0 P 0
L 12.945999 23.99599976 13.199999 23.74199976 0 P 0
L 12.945999 24.50399976 13.199999 24.75799976 0 P 0
L 12.945999 24.9960003 13.199999 24.7420003 0 P 0
L 12.945999 25.5040003 13.199999 25.7580003 0 P 0
L 13.199999 23.74199976 13.453999 23.99599976 0 P 0
L 13.199999 24.7420003 13.453999 24.9960003 0 P 0
L 13.199999 24.75799976 13.453999 24.50399976 0 P 0
L 13.199999 25.7580003 13.453999 25.5040003 0 P 0
L 13.453999 23.99599976 13.707999 23.99599976 0 P 0
L 13.453999 24.24999976 13.707999 23.99599976 0 P 0
L 13.453999 24.24999976 13.707999 24.50399976 0 P 0
L 13.453999 24.50399976 13.707999 24.50399976 0 P 0
L 13.453999 24.9960003 13.707999 24.9960003 0 P 0
L 13.453999 25.2500003 13.707999 24.9960003 0 P 0
L 13.453999 25.2500003 13.707999 25.5040003 0 P 0
L 13.453999 25.5040003 13.707999 25.5040003 0 P 0
L 13.49199994 9.74600032 13.74599994 9.74600032 0 P 0
L 13.49199994 9.74600032 13.74599994 10.00000032 0 P 0
L 13.49199994 10.25400032 13.74599994 10.00000032 0 P 0
L 13.49199994 10.25400032 13.74599994 10.25400032 0 P 0
L 13.74599994 9.74600032 13.99999994 9.49200032 0 P 0
L 13.74599994 10.25400032 13.99999994 10.50800032 0 P 0
L 13.99999994 9.49200032 14.25399994 9.74600032 0 P 0
L 13.99999994 10.50800032 14.25399994 10.25400032 0 P 0
L 14.11699996 21.17099906 14.37099996 21.17099906 0 P 0
L 14.11699996 21.17099906 14.37099996 21.42499906 0 P 0
L 14.11699996 21.67899906 14.37099996 21.42499906 0 P 0
L 14.11699996 21.67899906 14.37099996 21.67899906 0 P 0
L 14.1216888 6.62569668 14.3756888 6.62569668 0 P 0
L 14.1216888 6.62569668 14.3756888 6.87969668 0 P 0
L 14.1216888 7.13369668 14.3756888 6.87969668 0 P 0
L 14.1216888 7.13369668 14.3756888 7.13369668 0 P 0
L 14.25399994 9.74600032 14.50799994 9.74600032 0 P 0
L 14.25399994 10.00000032 14.50799994 9.74600032 0 P 0
L 14.25399994 10.00000032 14.50799994 10.25400032 0 P 0
L 14.25399994 10.25400032 14.50799994 10.25400032 0 P 0
L 14.30200086 3.71199918 14.30200086 4.72799918 0 P 0
L 14.30200086 3.71199918 15.31800086 3.71199918 0 P 0
L 14.30200086 4.72799918 15.31800086 4.72799918 0 P 0
L 14.36699946 23.74600026 14.62099946 23.74600026 0 P 0
L 14.36699946 23.74600026 14.62099946 24.00000026 0 P 0
L 14.36699946 24.25400026 14.62099946 24.00000026 0 P 0
L 14.36699946 24.25400026 14.62099946 24.25400026 0 P 0
L 14.37099996 21.17099906 14.62499996 20.91699906 0 P 0
L 14.37099996 21.67899906 14.62499996 21.93299906 0 P 0
L 14.3756888 6.62569668 14.6296888 6.37169668 0 P 0
L 14.3756888 7.13369668 14.6296888 7.38769668 0 P 0
L 14.62099946 23.74600026 14.87499946 23.49200026 0 P 0
L 14.62099946 24.25400026 14.87499946 24.50800026 0 P 0
L 14.62499996 20.91699906 14.87899996 21.17099906 0 P 0
L 14.62499996 21.93299906 14.87899996 21.67899906 0 P 0
L 14.6296888 6.37169668 14.8836888 6.62569668 0 P 0
L 14.6296888 7.38769668 14.8836888 7.13369668 0 P 0
L 14.74199998 21.17099906 14.99599998 21.17099906 0 P 0
L 14.74199998 21.17099906 14.99599998 21.42499906 0 P 0
L 14.74199998 21.67899906 14.99599998 21.42499906 0 P 0
L 14.74199998 21.67899906 14.99599998 21.67899906 0 P 0
L 14.87499946 23.49200026 15.12899946 23.74600026 0 P 0
L 14.87499946 24.50800026 15.12899946 24.25400026 0 P 0
L 14.87899996 21.17099906 15.13299996 21.17099906 0 P 0
L 14.87899996 21.42499906 15.13299996 21.17099906 0 P 0
L 14.87899996 21.42499906 15.13299996 21.67899906 0 P 0
L 14.87899996 21.67899906 15.13299996 21.67899906 0 P 0
L 14.8836888 6.62569668 15.1376888 6.62569668 0 P 0
L 14.8836888 6.87969668 15.1376888 6.62569668 0 P 0
L 14.8836888 6.87969668 15.1376888 7.13369668 0 P 0
L 14.8836888 7.13369668 15.1376888 7.13369668 0 P 0
L 14.89199968 25.1959999 15.14599968 25.1959999 0 P 0
L 14.89199968 25.1959999 15.14599968 25.4499999 0 P 0
L 14.89199968 25.7039999 15.14599968 25.4499999 0 P 0
L 14.89199968 25.7039999 15.14599968 25.7039999 0 P 0
L 14.99599998 21.17099906 15.24999998 20.91699906 0 P 0
L 14.99599998 21.67899906 15.24999998 21.93299906 0 P 0
L 15.12899946 23.74600026 15.38299946 23.74600026 0 P 0
L 15.12899946 24.00000026 15.38299946 23.74600026 0 P 0
L 15.12899946 24.00000026 15.38299946 24.25400026 0 P 0
L 15.12899946 24.25400026 15.38299946 24.25400026 0 P 0
L 15.14599968 25.1959999 15.39999968 24.9419999 0 P 0
L 15.14599968 25.7039999 15.39999968 25.9579999 0 P 0
L 15.24999998 20.91699906 15.50399998 21.17099906 0 P 0
L 15.24999998 21.93299906 15.50399998 21.67899906 0 P 0
L 15.31800086 3.71199918 15.31800086 4.72799918 0 P 0
L 15.367 21.17099906 15.621 21.17099906 0 P 0
L 15.367 21.17099906 15.621 21.42499906 0 P 0
L 15.367 21.67899906 15.621 21.42499906 0 P 0
L 15.367 21.67899906 15.621 21.67899906 0 P 0
L 15.39999968 24.9419999 15.65399968 25.1959999 0 P 0
L 15.39999968 25.9579999 15.65399968 25.7039999 0 P 0
L 15.50399998 21.17099906 15.75799998 21.17099906 0 P 0
L 15.50399998 21.42499906 15.75799998 21.17099906 0 P 0
L 15.50399998 21.42499906 15.75799998 21.67899906 0 P 0
L 15.50399998 21.67899906 15.75799998 21.67899906 0 P 0
L 15.621 21.17099906 15.875 20.91699906 0 P 0
L 15.621 21.67899906 15.875 21.93299906 0 P 0
L 15.64200072 25.94600094 15.89600072 25.94600094 0 P 0
L 15.64200072 25.94600094 15.89600072 26.20000094 0 P 0
L 15.64200072 26.45400094 15.89600072 26.20000094 0 P 0
L 15.64200072 26.45400094 15.89600072 26.45400094 0 P 0
L 15.65399968 25.1959999 15.90799968 25.1959999 0 P 0
L 15.65399968 25.4499999 15.90799968 25.1959999 0 P 0
L 15.65399968 25.4499999 15.90799968 25.7039999 0 P 0
L 15.65399968 25.7039999 15.90799968 25.7039999 0 P 0
L 15.74199544 22.49600276 15.99599544 22.49600276 0 P 0
L 15.74199544 22.49600276 15.99599544 22.75000276 0 P 0
L 15.74199544 23.00400276 15.99599544 22.75000276 0 P 0
L 15.74199544 23.00400276 15.99599544 23.00400276 0 P 0
L 15.74199544 26.99600138 15.99599544 26.99600138 0 P 0
L 15.74199544 26.99600138 15.99599544 27.25000138 0 P 0
L 15.74199544 27.50400138 15.99599544 27.25000138 0 P 0
L 15.74199544 27.50400138 15.99599544 27.50400138 0 P 0
L 15.74199544 29.99600046 15.99599544 29.99600046 0 P 0
L 15.74199544 29.99600046 15.99599544 30.25000046 0 P 0
L 15.74199544 30.50400046 15.99599544 30.25000046 0 P 0
L 15.74199544 30.50400046 15.99599544 30.50400046 0 P 0
L 15.74199544 31.496 15.99599544 31.496 0 P 0
L 15.74199544 31.496 15.99599544 31.75 0 P 0
L 15.74199544 32.004 15.99599544 31.75 0 P 0
L 15.74199544 32.004 15.99599544 32.004 0 P 0
L 15.74199544 35.99599862 15.99599544 35.99599862 0 P 0
L 15.74199544 35.99599862 15.99599544 36.24999862 0 P 0
L 15.74199544 36.50399862 15.99599544 36.24999862 0 P 0
L 15.74199544 36.50399862 15.99599544 36.50399862 0 P 0
L 15.74199544 37.49599816 15.99599544 37.49599816 0 P 0
L 15.74199544 37.49599816 15.99599544 37.74999816 0 P 0
L 15.74199544 38.00399816 15.99599544 37.74999816 0 P 0
L 15.74199544 38.00399816 15.99599544 38.00399816 0 P 0
L 15.74199544 38.9959977 15.99599544 38.9959977 0 P 0
L 15.74199544 38.9959977 15.99599544 39.2499977 0 P 0
L 15.74199544 39.5039977 15.99599544 39.2499977 0 P 0
L 15.74199544 39.5039977 15.99599544 39.5039977 0 P 0
L 15.74200052 28.8709989 15.99600052 28.8709989 0 P 0
L 15.74200052 28.8709989 15.99600052 29.1249989 0 P 0
L 15.74200052 29.3789989 15.99600052 29.1249989 0 P 0
L 15.74200052 29.3789989 15.99600052 29.3789989 0 P 0
L 15.875 20.91699906 16.129 21.17099906 0 P 0
L 15.875 21.93299906 16.129 21.67899906 0 P 0
L 15.89600072 25.94600094 16.15000072 25.69200094 0 P 0
L 15.89600072 26.45400094 16.15000072 26.70800094 0 P 0
L 15.99599544 22.49600276 16.24999544 22.24200276 0 P 0
L 15.99599544 23.00400276 16.24999544 23.25800276 0 P 0
L 15.99599544 26.99600138 16.24999544 26.74200138 0 P 0
L 15.99599544 27.50400138 16.24999544 27.75800138 0 P 0
L 15.99599544 29.99600046 16.24999544 29.74200046 0 P 0
L 15.99599544 30.50400046 16.24999544 30.75800046 0 P 0
L 15.99599544 31.496 16.24999544 31.242 0 P 0
L 15.99599544 32.004 16.24999544 32.258 0 P 0
L 15.99599544 35.99599862 16.24999544 35.74199862 0 P 0
L 15.99599544 36.50399862 16.24999544 36.75799862 0 P 0
L 15.99599544 37.49599816 16.24999544 37.24199816 0 P 0
L 15.99599544 38.00399816 16.24999544 38.25799816 0 P 0
L 15.99599544 38.9959977 16.24999544 38.7419977 0 P 0
L 15.99599544 39.5039977 16.24999544 39.7579977 0 P 0
L 15.99600052 28.8709989 16.25000052 28.6169989 0 P 0
L 15.99600052 29.3789989 16.25000052 29.6329989 0 P 0
L 16.11700104 23.62099924 16.37100104 23.62099924 0 P 0
L 16.11700104 23.62099924 16.37100104 23.87499924 0 P 0
L 16.11700104 24.12899924 16.37100104 23.87499924 0 P 0
L 16.11700104 24.12899924 16.37100104 24.12899924 0 P 0
L 16.129 21.17099906 16.383 21.17099906 0 P 0
L 16.129 21.42499906 16.383 21.17099906 0 P 0
L 16.129 21.42499906 16.383 21.67899906 0 P 0
L 16.129 21.67899906 16.383 21.67899906 0 P 0
L 16.15000072 25.69200094 16.40400072 25.94600094 0 P 0
L 16.15000072 26.70800094 16.40400072 26.45400094 0 P 0
L 16.24999544 22.24200276 16.50399544 22.49600276 0 P 0
L 16.24999544 23.25800276 16.50399544 23.00400276 0 P 0
L 16.24999544 26.74200138 16.50399544 26.99600138 0 P 0
L 16.24999544 27.75800138 16.50399544 27.50400138 0 P 0
L 16.24999544 29.74200046 16.50399544 29.99600046 0 P 0
L 16.24999544 30.75800046 16.50399544 30.50400046 0 P 0
L 16.24999544 31.242 16.50399544 31.496 0 P 0
L 16.24999544 32.258 16.50399544 32.004 0 P 0
L 16.24999544 35.74199862 16.50399544 35.99599862 0 P 0
L 16.24999544 36.75799862 16.50399544 36.50399862 0 P 0
L 16.24999544 37.24199816 16.50399544 37.49599816 0 P 0
L 16.24999544 38.25799816 16.50399544 38.00399816 0 P 0
L 16.24999544 38.7419977 16.50399544 38.9959977 0 P 0
L 16.24999544 39.7579977 16.50399544 39.5039977 0 P 0
L 16.25000052 28.6169989 16.50400052 28.8709989 0 P 0
L 16.25000052 29.6329989 16.50400052 29.3789989 0 P 0
L 16.37100104 23.62099924 16.62500104 23.36699924 0 P 0
L 16.37100104 24.12899924 16.62500104 24.38299924 0 P 0
L 16.40400072 25.94600094 16.65800072 25.94600094 0 P 0
L 16.40400072 26.20000094 16.65800072 25.94600094 0 P 0
L 16.40400072 26.20000094 16.65800072 26.45400094 0 P 0
L 16.40400072 26.45400094 16.65800072 26.45400094 0 P 0
L 16.44199912 28.5209996 16.69599912 28.5209996 0 P 0
L 16.44199912 28.5209996 16.69599912 28.7749996 0 P 0
L 16.44199912 29.0289996 16.69599912 28.7749996 0 P 0
L 16.44199912 29.0289996 16.69599912 29.0289996 0 P 0
L 16.46700034 30.74599896 16.72100034 30.74599896 0 P 0
L 16.46700034 30.74599896 16.72100034 30.99999896 0 P 0
L 16.46700034 31.25399896 16.72100034 30.99999896 0 P 0
L 16.46700034 31.25399896 16.72100034 31.25399896 0 P 0
L 16.50399544 22.49600276 16.75799544 22.49600276 0 P 0
L 16.50399544 22.75000276 16.75799544 22.49600276 0 P 0
L 16.50399544 22.75000276 16.75799544 23.00400276 0 P 0
L 16.50399544 23.00400276 16.75799544 23.00400276 0 P 0
L 16.50399544 26.99600138 16.75799544 26.99600138 0 P 0
L 16.50399544 27.25000138 16.75799544 26.99600138 0 P 0
L 16.50399544 27.25000138 16.75799544 27.50400138 0 P 0
L 16.50399544 27.50400138 16.75799544 27.50400138 0 P 0
L 16.50399544 29.99600046 16.75799544 29.99600046 0 P 0
L 16.50399544 30.25000046 16.75799544 29.99600046 0 P 0
L 16.50399544 30.25000046 16.75799544 30.50400046 0 P 0
L 16.50399544 30.50400046 16.75799544 30.50400046 0 P 0
L 16.50399544 31.496 16.75799544 31.496 0 P 0
L 16.50399544 31.75 16.75799544 31.496 0 P 0
L 16.50399544 31.75 16.75799544 32.004 0 P 0
L 16.50399544 32.004 16.75799544 32.004 0 P 0
L 16.50399544 35.99599862 16.75799544 35.99599862 0 P 0
L 16.50399544 36.24999862 16.75799544 35.99599862 0 P 0
L 16.50399544 36.24999862 16.75799544 36.50399862 0 P 0
L 16.50399544 36.50399862 16.75799544 36.50399862 0 P 0
L 16.50399544 37.49599816 16.75799544 37.49599816 0 P 0
L 16.50399544 37.74999816 16.75799544 37.49599816 0 P 0
L 16.50399544 37.74999816 16.75799544 38.00399816 0 P 0
L 16.50399544 38.00399816 16.75799544 38.00399816 0 P 0
L 16.50399544 38.9959977 16.75799544 38.9959977 0 P 0
L 16.50399544 39.2499977 16.75799544 38.9959977 0 P 0
L 16.50399544 39.2499977 16.75799544 39.5039977 0 P 0
L 16.50399544 39.5039977 16.75799544 39.5039977 0 P 0
L 16.50400052 28.8709989 16.75800052 28.8709989 0 P 0
L 16.50400052 29.1249989 16.75800052 28.8709989 0 P 0
L 16.50400052 29.1249989 16.75800052 29.3789989 0 P 0
L 16.50400052 29.3789989 16.75800052 29.3789989 0 P 0
L 16.62500104 23.36699924 16.87900104 23.62099924 0 P 0
L 16.62500104 24.38299924 16.87900104 24.12899924 0 P 0
L 16.69599912 28.5209996 16.94999912 28.2669996 0 P 0
L 16.69599912 29.0289996 16.94999912 29.2829996 0 P 0
L 16.72100034 30.74599896 16.97500034 30.49199896 0 P 0
L 16.72100034 31.25399896 16.97500034 31.50799896 0 P 0
L 16.84200086 3.71199918 16.84200086 4.72799918 0 P 0
L 16.84200086 3.71199918 17.85800086 3.71199918 0 P 0
L 16.84200086 4.72799918 17.85800086 4.72799918 0 P 0
L 16.87900104 23.62099924 17.13300104 23.62099924 0 P 0
L 16.87900104 23.87499924 17.13300104 23.62099924 0 P 0
L 16.87900104 23.87499924 17.13300104 24.12899924 0 P 0
L 16.87900104 24.12899924 17.13300104 24.12899924 0 P 0
L 16.94999912 28.2669996 17.20399912 28.5209996 0 P 0
L 16.94999912 29.2829996 17.20399912 29.0289996 0 P 0
L 16.97500034 30.49199896 17.22900034 30.74599896 0 P 0
L 16.97500034 31.50799896 17.22900034 31.25399896 0 P 0
L 16.99200056 18.67099898 17.24600056 18.67099898 0 P 0
L 16.99200056 18.67099898 17.24600056 18.92499898 0 P 0
L 16.99200056 19.17899898 17.24600056 18.92499898 0 P 0
L 16.99200056 19.17899898 17.24600056 19.17899898 0 P 0
L 17.20399912 28.5209996 17.45799912 28.5209996 0 P 0
L 17.20399912 28.7749996 17.45799912 28.5209996 0 P 0
L 17.20399912 28.7749996 17.45799912 29.0289996 0 P 0
L 17.20399912 29.0289996 17.45799912 29.0289996 0 P 0
L 17.22900034 30.74599896 17.48300034 30.74599896 0 P 0
L 17.22900034 30.99999896 17.48300034 30.74599896 0 P 0
L 17.22900034 30.99999896 17.48300034 31.25399896 0 P 0
L 17.22900034 31.25399896 17.48300034 31.25399896 0 P 0
L 17.24199498 34.49599908 17.49599498 34.49599908 0 P 0
L 17.24199498 34.49599908 17.49599498 34.74999908 0 P 0
L 17.24199498 35.00399908 17.49599498 34.74999908 0 P 0
L 17.24199498 35.00399908 17.49599498 35.00399908 0 P 0
L 17.24199498 35.99599862 17.49599498 35.99599862 0 P 0
L 17.24199498 35.99599862 17.49599498 36.24999862 0 P 0
L 17.24199498 36.50399862 17.49599498 36.24999862 0 P 0
L 17.24199498 36.50399862 17.49599498 36.50399862 0 P 0
L 17.24199498 37.49599816 17.49599498 37.49599816 0 P 0
L 17.24199498 37.49599816 17.49599498 37.74999816 0 P 0
L 17.24199498 38.00399816 17.49599498 37.74999816 0 P 0
L 17.24199498 38.00399816 17.49599498 38.00399816 0 P 0
L 17.24199498 38.9959977 17.49599498 38.9959977 0 P 0
L 17.24199498 38.9959977 17.49599498 39.2499977 0 P 0
L 17.24199498 39.5039977 17.49599498 39.2499977 0 P 0
L 17.24199498 39.5039977 17.49599498 39.5039977 0 P 0
L 17.24600056 18.67099898 17.50000056 18.41699898 0 P 0
L 17.24600056 19.17899898 17.50000056 19.43299898 0 P 0
L 17.49599498 34.49599908 17.74999498 34.24199908 0 P 0
L 17.49599498 35.00399908 17.74999498 35.25799908 0 P 0
L 17.49599498 35.99599862 17.74999498 35.74199862 0 P 0
L 17.49599498 36.50399862 17.74999498 36.75799862 0 P 0
L 17.49599498 37.49599816 17.74999498 37.24199816 0 P 0
L 17.49599498 38.00399816 17.74999498 38.25799816 0 P 0
L 17.49599498 38.9959977 17.74999498 38.7419977 0 P 0
L 17.49599498 39.5039977 17.74999498 39.7579977 0 P 0
L 17.50000056 18.41699898 17.75400056 18.67099898 0 P 0
L 17.50000056 19.43299898 17.75400056 19.17899898 0 P 0
L 17.74999498 34.24199908 18.00399498 34.49599908 0 P 0
L 17.74999498 35.25799908 18.00399498 35.00399908 0 P 0
L 17.74999498 35.74199862 18.00399498 35.99599862 0 P 0
L 17.74999498 36.75799862 18.00399498 36.50399862 0 P 0
L 17.74999498 37.24199816 18.00399498 37.49599816 0 P 0
L 17.74999498 38.25799816 18.00399498 38.00399816 0 P 0
L 17.74999498 38.7419977 18.00399498 38.9959977 0 P 0
L 17.74999498 39.7579977 18.00399498 39.5039977 0 P 0
L 17.75400056 18.67099898 18.00800056 18.67099898 0 P 0
L 17.75400056 18.92499898 18.00800056 18.67099898 0 P 0
L 17.75400056 18.92499898 18.00800056 19.17899898 0 P 0
L 17.75400056 19.17899898 18.00800056 19.17899898 0 P 0
L 17.79199896 18.37099958 18.04599896 18.37099958 0 P 0
L 17.79199896 18.37099958 18.04599896 18.62499958 0 P 0
L 17.79199896 18.87899958 18.04599896 18.62499958 0 P 0
L 17.79199896 18.87899958 18.04599896 18.87899958 0 P 0
L 17.85800086 3.71199918 17.85800086 4.72799918 0 P 0
L 17.9920011 10.50800032 18.5000011 9.49200032 0 P 0
L 17.9920011 10.50800032 19.0080011 10.50800032 0 P 0
L 18.00399498 34.49599908 18.25799498 34.49599908 0 P 0
L 18.00399498 34.74999908 18.25799498 34.49599908 0 P 0
L 18.00399498 34.74999908 18.25799498 35.00399908 0 P 0
L 18.00399498 35.00399908 18.25799498 35.00399908 0 P 0
L 18.00399498 35.99599862 18.25799498 35.99599862 0 P 0
L 18.00399498 36.24999862 18.25799498 35.99599862 0 P 0
L 18.00399498 36.24999862 18.25799498 36.50399862 0 P 0
L 18.00399498 36.50399862 18.25799498 36.50399862 0 P 0
L 18.00399498 37.49599816 18.25799498 37.49599816 0 P 0
L 18.00399498 37.74999816 18.25799498 37.49599816 0 P 0
L 18.00399498 37.74999816 18.25799498 38.00399816 0 P 0
L 18.00399498 38.00399816 18.25799498 38.00399816 0 P 0
L 18.00399498 38.9959977 18.25799498 38.9959977 0 P 0
L 18.00399498 39.2499977 18.25799498 38.9959977 0 P 0
L 18.00399498 39.2499977 18.25799498 39.5039977 0 P 0
L 18.00399498 39.5039977 18.25799498 39.5039977 0 P 0
L 18.04599896 18.37099958 18.29999896 18.11699958 0 P 0
L 18.04599896 18.87899958 18.29999896 19.13299958 0 P 0
L 18.29999896 18.11699958 18.55399896 18.37099958 0 P 0
L 18.29999896 19.13299958 18.55399896 18.87899958 0 P 0
L 18.5000011 9.49200032 19.0080011 10.50800032 0 P 0
L 18.55399896 18.37099958 18.80799896 18.37099958 0 P 0
L 18.55399896 18.62499958 18.80799896 18.37099958 0 P 0
L 18.55399896 18.62499958 18.80799896 18.87899958 0 P 0
L 18.55399896 18.87899958 18.80799896 18.87899958 0 P 0
L 18.74199452 23.9960023 18.99599452 23.9960023 0 P 0
L 18.74199452 23.9960023 18.99599452 24.2500023 0 P 0
L 18.74199452 24.5040023 18.99599452 24.2500023 0 P 0
L 18.74199452 24.5040023 18.99599452 24.5040023 0 P 0
L 18.74199452 25.49600184 18.99599452 25.49600184 0 P 0
L 18.74199452 25.49600184 18.99599452 25.75000184 0 P 0
L 18.74199452 26.00400184 18.99599452 25.75000184 0 P 0
L 18.74199452 26.00400184 18.99599452 26.00400184 0 P 0
L 18.74199452 26.99600138 18.99599452 26.99600138 0 P 0
L 18.74199452 26.99600138 18.99599452 27.25000138 0 P 0
L 18.74199452 27.50400138 18.99599452 27.25000138 0 P 0
L 18.74199452 27.50400138 18.99599452 27.50400138 0 P 0
L 18.74199452 28.49600092 18.99599452 28.49600092 0 P 0
L 18.74199452 28.49600092 18.99599452 28.75000092 0 P 0
L 18.74199452 29.00400092 18.99599452 28.75000092 0 P 0
L 18.74199452 29.00400092 18.99599452 29.00400092 0 P 0
L 18.74199452 29.99600046 18.99599452 29.99600046 0 P 0
L 18.74199452 29.99600046 18.99599452 30.25000046 0 P 0
L 18.74199452 30.50400046 18.99599452 30.25000046 0 P 0
L 18.74199452 30.50400046 18.99599452 30.50400046 0 P 0
L 18.74199452 31.496 18.99599452 31.496 0 P 0
L 18.74199452 31.496 18.99599452 31.75 0 P 0
L 18.74199452 32.004 18.99599452 31.75 0 P 0
L 18.74199452 32.004 18.99599452 32.004 0 P 0
L 18.74199452 32.99599954 18.99599452 32.99599954 0 P 0
L 18.74199452 32.99599954 18.99599452 33.24999954 0 P 0
L 18.74199452 33.50399954 18.99599452 33.24999954 0 P 0
L 18.74199452 33.50399954 18.99599452 33.50399954 0 P 0
L 18.74199452 34.49599908 18.99599452 34.49599908 0 P 0
L 18.74199452 34.49599908 18.99599452 34.74999908 0 P 0
L 18.74199452 35.00399908 18.99599452 34.74999908 0 P 0
L 18.74199452 35.00399908 18.99599452 35.00399908 0 P 0
L 18.74199452 35.99599862 18.99599452 35.99599862 0 P 0
L 18.74199452 35.99599862 18.99599452 36.24999862 0 P 0
L 18.74199452 36.50399862 18.99599452 36.24999862 0 P 0
L 18.74199452 36.50399862 18.99599452 36.50399862 0 P 0
L 18.74199452 37.49599816 18.99599452 37.49599816 0 P 0
L 18.74199452 37.49599816 18.99599452 37.74999816 0 P 0
L 18.74199452 38.00399816 18.99599452 37.74999816 0 P 0
L 18.74199452 38.00399816 18.99599452 38.00399816 0 P 0
L 18.74199452 38.9959977 18.99599452 38.9959977 0 P 0
L 18.74199452 38.9959977 18.99599452 39.2499977 0 P 0
L 18.74199452 39.5039977 18.99599452 39.2499977 0 P 0
L 18.74199452 39.5039977 18.99599452 39.5039977 0 P 0
L 18.99599452 23.9960023 19.24999452 23.7420023 0 P 0
L 18.99599452 24.5040023 19.24999452 24.7580023 0 P 0
L 18.99599452 25.49600184 19.24999452 25.24200184 0 P 0
L 18.99599452 26.00400184 19.24999452 26.25800184 0 P 0
L 18.99599452 26.99600138 19.24999452 26.74200138 0 P 0
L 18.99599452 27.50400138 19.24999452 27.75800138 0 P 0
L 18.99599452 28.49600092 19.24999452 28.24200092 0 P 0
L 18.99599452 29.00400092 19.24999452 29.25800092 0 P 0
L 18.99599452 29.99600046 19.24999452 29.74200046 0 P 0
L 18.99599452 30.50400046 19.24999452 30.75800046 0 P 0
L 18.99599452 31.496 19.24999452 31.242 0 P 0
L 18.99599452 32.004 19.24999452 32.258 0 P 0
L 18.99599452 32.99599954 19.24999452 32.74199954 0 P 0
L 18.99599452 33.50399954 19.24999452 33.75799954 0 P 0
L 18.99599452 34.49599908 19.24999452 34.24199908 0 P 0
L 18.99599452 35.00399908 19.24999452 35.25799908 0 P 0
L 18.99599452 35.99599862 19.24999452 35.74199862 0 P 0
L 18.99599452 36.50399862 19.24999452 36.75799862 0 P 0
L 18.99599452 37.49599816 19.24999452 37.24199816 0 P 0
L 18.99599452 38.00399816 19.24999452 38.25799816 0 P 0
L 18.99599452 38.9959977 19.24999452 38.7419977 0 P 0
L 18.99599452 39.5039977 19.24999452 39.7579977 0 P 0
L 19.24999452 23.7420023 19.50399452 23.9960023 0 P 0
L 19.24999452 24.7580023 19.50399452 24.5040023 0 P 0
L 19.24999452 25.24200184 19.50399452 25.49600184 0 P 0
L 19.24999452 26.25800184 19.50399452 26.00400184 0 P 0
L 19.24999452 26.74200138 19.50399452 26.99600138 0 P 0
L 19.24999452 27.75800138 19.50399452 27.50400138 0 P 0
L 19.24999452 28.24200092 19.50399452 28.49600092 0 P 0
L 19.24999452 29.25800092 19.50399452 29.00400092 0 P 0
L 19.24999452 29.74200046 19.50399452 29.99600046 0 P 0
L 19.24999452 30.75800046 19.50399452 30.50400046 0 P 0
L 19.24999452 31.242 19.50399452 31.496 0 P 0
L 19.24999452 32.258 19.50399452 32.004 0 P 0
L 19.24999452 32.74199954 19.50399452 32.99599954 0 P 0
L 19.24999452 33.75799954 19.50399452 33.50399954 0 P 0
L 19.24999452 34.24199908 19.50399452 34.49599908 0 P 0
L 19.24999452 35.25799908 19.50399452 35.00399908 0 P 0
L 19.24999452 35.74199862 19.50399452 35.99599862 0 P 0
L 19.24999452 36.75799862 19.50399452 36.50399862 0 P 0
L 19.24999452 37.24199816 19.50399452 37.49599816 0 P 0
L 19.24999452 38.25799816 19.50399452 38.00399816 0 P 0
L 19.24999452 38.7419977 19.50399452 38.9959977 0 P 0
L 19.24999452 39.7579977 19.50399452 39.5039977 0 P 0
L 19.38200086 3.71199918 19.38200086 4.72799918 0 P 0
L 19.38200086 3.71199918 20.39800086 3.71199918 0 P 0
L 19.38200086 4.72799918 20.39800086 4.72799918 0 P 0
L 19.39200084 18.37099958 19.64600084 18.37099958 0 P 0
L 19.39200084 18.37099958 19.64600084 18.62499958 0 P 0
L 19.39200084 18.87899958 19.64600084 18.62499958 0 P 0
L 19.39200084 18.87899958 19.64600084 18.87899958 0 P 0
L 19.50399452 23.9960023 19.75799452 23.9960023 0 P 0
L 19.50399452 24.2500023 19.75799452 23.9960023 0 P 0
L 19.50399452 24.2500023 19.75799452 24.5040023 0 P 0
L 19.50399452 24.5040023 19.75799452 24.5040023 0 P 0
L 19.50399452 25.49600184 19.75799452 25.49600184 0 P 0
L 19.50399452 25.75000184 19.75799452 25.49600184 0 P 0
L 19.50399452 25.75000184 19.75799452 26.00400184 0 P 0
L 19.50399452 26.00400184 19.75799452 26.00400184 0 P 0
L 19.50399452 26.99600138 19.75799452 26.99600138 0 P 0
L 19.50399452 27.25000138 19.75799452 26.99600138 0 P 0
L 19.50399452 27.25000138 19.75799452 27.50400138 0 P 0
L 19.50399452 27.50400138 19.75799452 27.50400138 0 P 0
L 19.50399452 28.49600092 19.75799452 28.49600092 0 P 0
L 19.50399452 28.75000092 19.75799452 28.49600092 0 P 0
L 19.50399452 28.75000092 19.75799452 29.00400092 0 P 0
L 19.50399452 29.00400092 19.75799452 29.00400092 0 P 0
L 19.50399452 29.99600046 19.75799452 29.99600046 0 P 0
L 19.50399452 30.25000046 19.75799452 29.99600046 0 P 0
L 19.50399452 30.25000046 19.75799452 30.50400046 0 P 0
L 19.50399452 30.50400046 19.75799452 30.50400046 0 P 0
L 19.50399452 31.496 19.75799452 31.496 0 P 0
L 19.50399452 31.75 19.75799452 31.496 0 P 0
L 19.50399452 31.75 19.75799452 32.004 0 P 0
L 19.50399452 32.004 19.75799452 32.004 0 P 0
L 19.50399452 32.99599954 19.75799452 32.99599954 0 P 0
L 19.50399452 33.24999954 19.75799452 32.99599954 0 P 0
L 19.50399452 33.24999954 19.75799452 33.50399954 0 P 0
L 19.50399452 33.50399954 19.75799452 33.50399954 0 P 0
L 19.50399452 34.49599908 19.75799452 34.49599908 0 P 0
L 19.50399452 34.74999908 19.75799452 34.49599908 0 P 0
L 19.50399452 34.74999908 19.75799452 35.00399908 0 P 0
L 19.50399452 35.00399908 19.75799452 35.00399908 0 P 0
L 19.50399452 35.99599862 19.75799452 35.99599862 0 P 0
L 19.50399452 36.24999862 19.75799452 35.99599862 0 P 0
L 19.50399452 36.24999862 19.75799452 36.50399862 0 P 0
L 19.50399452 36.50399862 19.75799452 36.50399862 0 P 0
L 19.50399452 37.49599816 19.75799452 37.49599816 0 P 0
L 19.50399452 37.74999816 19.75799452 37.49599816 0 P 0
L 19.50399452 37.74999816 19.75799452 38.00399816 0 P 0
L 19.50399452 38.00399816 19.75799452 38.00399816 0 P 0
L 19.50399452 38.9959977 19.75799452 38.9959977 0 P 0
L 19.50399452 39.2499977 19.75799452 38.9959977 0 P 0
L 19.50399452 39.2499977 19.75799452 39.5039977 0 P 0
L 19.50399452 39.5039977 19.75799452 39.5039977 0 P 0
L 19.64600084 18.37099958 19.90000084 18.11699958 0 P 0
L 19.64600084 18.87899958 19.90000084 19.13299958 0 P 0
L 19.90000084 18.11699958 20.15400084 18.37099958 0 P 0
L 19.90000084 19.13299958 20.15400084 18.87899958 0 P 0
L 20.15400084 18.37099958 20.40800084 18.37099958 0 P 0
L 20.15400084 18.62499958 20.40800084 18.37099958 0 P 0
L 20.15400084 18.62499958 20.40800084 18.87899958 0 P 0
L 20.15400084 18.87899958 20.40800084 18.87899958 0 P 0
L 20.24199406 22.49600276 20.49599406 22.49600276 0 P 0
L 20.24199406 22.49600276 20.49599406 22.75000276 0 P 0
L 20.24199406 23.00400276 20.49599406 22.75000276 0 P 0
L 20.24199406 23.00400276 20.49599406 23.00400276 0 P 0
L 20.24199406 23.9960023 20.49599406 23.9960023 0 P 0
L 20.24199406 23.9960023 20.49599406 24.2500023 0 P 0
L 20.24199406 24.5040023 20.49599406 24.2500023 0 P 0
L 20.24199406 24.5040023 20.49599406 24.5040023 0 P 0
L 20.24199406 25.49600184 20.49599406 25.49600184 0 P 0
L 20.24199406 25.49600184 20.49599406 25.75000184 0 P 0
L 20.24199406 26.00400184 20.49599406 25.75000184 0 P 0
L 20.24199406 26.00400184 20.49599406 26.00400184 0 P 0
L 20.24199406 26.99600138 20.49599406 26.99600138 0 P 0
L 20.24199406 26.99600138 20.49599406 27.25000138 0 P 0
L 20.24199406 27.50400138 20.49599406 27.25000138 0 P 0
L 20.24199406 27.50400138 20.49599406 27.50400138 0 P 0
L 20.24199406 28.49600092 20.49599406 28.49600092 0 P 0
L 20.24199406 28.49600092 20.49599406 28.75000092 0 P 0
L 20.24199406 29.00400092 20.49599406 28.75000092 0 P 0
L 20.24199406 29.00400092 20.49599406 29.00400092 0 P 0
L 20.24199406 29.99600046 20.49599406 29.99600046 0 P 0
L 20.24199406 29.99600046 20.49599406 30.25000046 0 P 0
L 20.24199406 30.50400046 20.49599406 30.25000046 0 P 0
L 20.24199406 30.50400046 20.49599406 30.50400046 0 P 0
L 20.24199406 31.496 20.49599406 31.496 0 P 0
L 20.24199406 31.496 20.49599406 31.75 0 P 0
L 20.24199406 32.004 20.49599406 31.75 0 P 0
L 20.24199406 32.004 20.49599406 32.004 0 P 0
L 20.24199406 32.99599954 20.49599406 32.99599954 0 P 0
L 20.24199406 32.99599954 20.49599406 33.24999954 0 P 0
L 20.24199406 33.50399954 20.49599406 33.24999954 0 P 0
L 20.24199406 33.50399954 20.49599406 33.50399954 0 P 0
L 20.24199406 34.49599908 20.49599406 34.49599908 0 P 0
L 20.24199406 34.49599908 20.49599406 34.74999908 0 P 0
L 20.24199406 35.00399908 20.49599406 34.74999908 0 P 0
L 20.24199406 35.00399908 20.49599406 35.00399908 0 P 0
L 20.24199406 35.99599862 20.49599406 35.99599862 0 P 0
L 20.24199406 35.99599862 20.49599406 36.24999862 0 P 0
L 20.24199406 36.50399862 20.49599406 36.24999862 0 P 0
L 20.24199406 36.50399862 20.49599406 36.50399862 0 P 0
L 20.24199406 37.49599816 20.49599406 37.49599816 0 P 0
L 20.24199406 37.49599816 20.49599406 37.74999816 0 P 0
L 20.24199406 38.00399816 20.49599406 37.74999816 0 P 0
L 20.24199406 38.00399816 20.49599406 38.00399816 0 P 0
L 20.24199406 38.9959977 20.49599406 38.9959977 0 P 0
L 20.24199406 38.9959977 20.49599406 39.2499977 0 P 0
L 20.24199406 39.5039977 20.49599406 39.2499977 0 P 0
L 20.24199406 39.5039977 20.49599406 39.5039977 0 P 0
L 20.39800086 3.71199918 20.39800086 4.72799918 0 P 0
L 20.49599406 22.49600276 20.74999406 22.24200276 0 P 0
L 20.49599406 23.00400276 20.74999406 23.25800276 0 P 0
L 20.49599406 23.9960023 20.74999406 23.7420023 0 P 0
L 20.49599406 24.5040023 20.74999406 24.7580023 0 P 0
L 20.49599406 25.49600184 20.74999406 25.24200184 0 P 0
L 20.49599406 26.00400184 20.74999406 26.25800184 0 P 0
L 20.49599406 26.99600138 20.74999406 26.74200138 0 P 0
L 20.49599406 27.50400138 20.74999406 27.75800138 0 P 0
L 20.49599406 28.49600092 20.74999406 28.24200092 0 P 0
L 20.49599406 29.00400092 20.74999406 29.25800092 0 P 0
L 20.49599406 29.99600046 20.74999406 29.74200046 0 P 0
L 20.49599406 30.50400046 20.74999406 30.75800046 0 P 0
L 20.49599406 31.496 20.74999406 31.242 0 P 0
L 20.49599406 32.004 20.74999406 32.258 0 P 0
L 20.49599406 32.99599954 20.74999406 32.74199954 0 P 0
L 20.49599406 33.50399954 20.74999406 33.75799954 0 P 0
L 20.49599406 34.49599908 20.74999406 34.24199908 0 P 0
L 20.49599406 35.00399908 20.74999406 35.25799908 0 P 0
L 20.49599406 35.99599862 20.74999406 35.74199862 0 P 0
L 20.49599406 36.50399862 20.74999406 36.75799862 0 P 0
L 20.49599406 37.49599816 20.74999406 37.24199816 0 P 0
L 20.49599406 38.00399816 20.74999406 38.25799816 0 P 0
L 20.49599406 38.9959977 20.74999406 38.7419977 0 P 0
L 20.49599406 39.5039977 20.74999406 39.7579977 0 P 0
L 20.61699966 20.99600068 20.87099966 20.99600068 0 P 0
L 20.61699966 20.99600068 20.87099966 21.25000068 0 P 0
L 20.61699966 21.50400068 20.87099966 21.25000068 0 P 0
L 20.61699966 21.50400068 20.87099966 21.50400068 0 P 0
L 20.74999406 22.24200276 21.00399406 22.49600276 0 P 0
L 20.74999406 23.25800276 21.00399406 23.00400276 0 P 0
L 20.74999406 23.7420023 21.00399406 23.9960023 0 P 0
L 20.74999406 24.7580023 21.00399406 24.5040023 0 P 0
L 20.74999406 25.24200184 21.00399406 25.49600184 0 P 0
L 20.74999406 26.25800184 21.00399406 26.00400184 0 P 0
L 20.74999406 26.74200138 21.00399406 26.99600138 0 P 0
L 20.74999406 27.75800138 21.00399406 27.50400138 0 P 0
L 20.74999406 28.24200092 21.00399406 28.49600092 0 P 0
L 20.74999406 29.25800092 21.00399406 29.00400092 0 P 0
L 20.74999406 29.74200046 21.00399406 29.99600046 0 P 0
L 20.74999406 30.75800046 21.00399406 30.50400046 0 P 0
L 20.74999406 31.242 21.00399406 31.496 0 P 0
L 20.74999406 32.258 21.00399406 32.004 0 P 0
L 20.74999406 32.74199954 21.00399406 32.99599954 0 P 0
L 20.74999406 33.75799954 21.00399406 33.50399954 0 P 0
L 20.74999406 34.24199908 21.00399406 34.49599908 0 P 0
L 20.74999406 35.25799908 21.00399406 35.00399908 0 P 0
L 20.74999406 35.74199862 21.00399406 35.99599862 0 P 0
L 20.74999406 36.75799862 21.00399406 36.50399862 0 P 0
L 20.74999406 37.24199816 21.00399406 37.49599816 0 P 0
L 20.74999406 38.25799816 21.00399406 38.00399816 0 P 0
L 20.74999406 38.7419977 21.00399406 38.9959977 0 P 0
L 20.74999406 39.7579977 21.00399406 39.5039977 0 P 0
L 20.87099966 20.99600068 21.12499966 20.74200068 0 P 0
L 20.87099966 21.50400068 21.12499966 21.75800068 0 P 0
L 21.00399406 22.49600276 21.25799406 22.49600276 0 P 0
L 21.00399406 22.75000276 21.25799406 22.49600276 0 P 0
L 21.00399406 22.75000276 21.25799406 23.00400276 0 P 0
L 21.00399406 23.00400276 21.25799406 23.00400276 0 P 0
L 21.00399406 23.9960023 21.25799406 23.9960023 0 P 0
L 21.00399406 24.2500023 21.25799406 23.9960023 0 P 0
L 21.00399406 24.2500023 21.25799406 24.5040023 0 P 0
L 21.00399406 24.5040023 21.25799406 24.5040023 0 P 0
L 21.00399406 25.49600184 21.25799406 25.49600184 0 P 0
L 21.00399406 25.75000184 21.25799406 25.49600184 0 P 0
L 21.00399406 25.75000184 21.25799406 26.00400184 0 P 0
L 21.00399406 26.00400184 21.25799406 26.00400184 0 P 0
L 21.00399406 26.99600138 21.25799406 26.99600138 0 P 0
L 21.00399406 27.25000138 21.25799406 26.99600138 0 P 0
L 21.00399406 27.25000138 21.25799406 27.50400138 0 P 0
L 21.00399406 27.50400138 21.25799406 27.50400138 0 P 0
L 21.00399406 28.49600092 21.25799406 28.49600092 0 P 0
L 21.00399406 28.75000092 21.25799406 28.49600092 0 P 0
L 21.00399406 28.75000092 21.25799406 29.00400092 0 P 0
L 21.00399406 29.00400092 21.25799406 29.00400092 0 P 0
L 21.00399406 29.99600046 21.25799406 29.99600046 0 P 0
L 21.00399406 30.25000046 21.25799406 29.99600046 0 P 0
L 21.00399406 30.25000046 21.25799406 30.50400046 0 P 0
L 21.00399406 30.50400046 21.25799406 30.50400046 0 P 0
L 21.00399406 31.496 21.25799406 31.496 0 P 0
L 21.00399406 31.75 21.25799406 31.496 0 P 0
L 21.00399406 31.75 21.25799406 32.004 0 P 0
L 21.00399406 32.004 21.25799406 32.004 0 P 0
L 21.00399406 32.99599954 21.25799406 32.99599954 0 P 0
L 21.00399406 33.24999954 21.25799406 32.99599954 0 P 0
L 21.00399406 33.24999954 21.25799406 33.50399954 0 P 0
L 21.00399406 33.50399954 21.25799406 33.50399954 0 P 0
L 21.00399406 34.49599908 21.25799406 34.49599908 0 P 0
L 21.00399406 34.74999908 21.25799406 34.49599908 0 P 0
L 21.00399406 34.74999908 21.25799406 35.00399908 0 P 0
L 21.00399406 35.00399908 21.25799406 35.00399908 0 P 0
L 21.00399406 35.99599862 21.25799406 35.99599862 0 P 0
L 21.00399406 36.24999862 21.25799406 35.99599862 0 P 0
L 21.00399406 36.24999862 21.25799406 36.50399862 0 P 0
L 21.00399406 36.50399862 21.25799406 36.50399862 0 P 0
L 21.00399406 37.49599816 21.25799406 37.49599816 0 P 0
L 21.00399406 37.74999816 21.25799406 37.49599816 0 P 0
L 21.00399406 37.74999816 21.25799406 38.00399816 0 P 0
L 21.00399406 38.00399816 21.25799406 38.00399816 0 P 0
L 21.00399406 38.9959977 21.25799406 38.9959977 0 P 0
L 21.00399406 39.2499977 21.25799406 38.9959977 0 P 0
L 21.00399406 39.2499977 21.25799406 39.5039977 0 P 0
L 21.00399406 39.5039977 21.25799406 39.5039977 0 P 0
L 21.12499966 20.74200068 21.37899966 20.99600068 0 P 0
L 21.12499966 21.75800068 21.37899966 21.50400068 0 P 0
L 21.37899966 20.99600068 21.63299966 20.99600068 0 P 0
L 21.37899966 21.25000068 21.63299966 20.99600068 0 P 0
L 21.37899966 21.25000068 21.63299966 21.50400068 0 P 0
L 21.37899966 21.50400068 21.63299966 21.50400068 0 P 0
