UNITS=MM
#Layer_Color=16711935
#
#Feature symbol names
#
$0 r49.9999
$1 r99.9998

#
#Feature attribute names
#

#
#Layer features
#
A 3.38900008 2.50000008 3.38900008 2.50000008 2.50000008 2.50000008 0 P 0 N
A 38.3890012 2.50000008 38.3890012 2.50000008 37.5000012 2.50000008 0 P 0 N
L 0.52500022 10.19999992 0.52500022 10.79999872 0 P 0
L 0.52500022 10.19999992 1.62500056 10.19999992 0 P 0
L 0.52500022 10.79999872 1.62500056 10.79999872 0 P 0
L 1.06500168 11.50200138 1.06500168 18.00200108 0 P 0
L 1.06500168 11.50200138 7.56500138 11.50200138 0 P 0
L 1.06500168 18.00200108 7.56500138 18.00200108 0 P 0
L 1.62500056 10.19999992 1.62500056 10.79999872 0 P 0
L 1.68999916 7.6499974 1.68999916 8.69999784 1 P 0
L 1.68999916 7.6499974 2.23999806 7.6499974 1 P 0
L 1.68999916 8.69999784 2.23999806 8.69999784 1 P 0
L 2.23999806 7.6499974 2.23999806 8.69999784 1 P 0
L 3.01499778 7.82499832 3.01499778 9.42499766 0 P 0
L 3.01499778 7.82499832 6.3149988 7.82499832 0 P 0
L 3.01499778 9.42499766 6.3149988 9.42499766 0 P 0
L 6.3149988 7.82499832 6.3149988 9.42499766 0 P 0
L 7.08999852 7.6499974 7.08999852 8.69999784 1 P 0
L 7.08999852 7.6499974 7.63999742 7.6499974 1 P 0
L 7.08999852 8.69999784 7.63999742 8.69999784 1 P 0
L 7.56500138 11.50200138 7.56500138 18.00200108 0 P 0
L 7.63999742 7.6499974 7.63999742 8.69999784 1 P 0
L 9.84000064 0.12999974 9.84000064 2.66999974 1 P 0
L 9.84000064 0.12999974 30.16000064 0.12999974 1 P 0
L 9.84000064 2.66999974 30.16000064 2.66999974 1 P 0
L 12.3000008 18.64999826 12.3000008 19.7499986 0 P 0
L 12.3000008 18.64999826 12.8999996 18.64999826 0 P 0
L 12.3000008 19.7499986 12.8999996 19.7499986 0 P 0
L 12.8999996 18.64999826 12.8999996 19.7499986 0 P 0
L 13.5499983 17.84999986 13.5499983 19.95000074 0 P 0
L 13.5499983 17.84999986 15.64999918 17.84999986 0 P 0
L 13.5499983 19.95000074 15.64999918 19.95000074 0 P 0
L 15.2750139 14.1250797 15.2750139 14.92508064 0 P 0
L 15.2750139 14.1250797 15.87500508 14.1250797 0 P 0
L 15.2750139 14.92508064 15.87500508 14.92508064 0 P 0
L 15.64999918 17.84999986 15.64999918 19.95000074 0 P 0
L 15.87500508 14.1250797 15.87500508 14.92508064 0 P 0
L 16.30000042 18.34999886 16.30000042 19.4499992 0 P 0
L 16.30000042 18.34999886 16.89999922 18.34999886 0 P 0
L 16.30000042 19.4499992 16.89999922 19.4499992 0 P 0
L 16.89999922 18.34999886 16.89999922 19.4499992 0 P 0
L 16.9749978 12.8499997 16.9749978 15.34999978 0 P 0
L 16.9749978 12.8499997 20.97499996 12.8499997 0 P 0
L 16.9749978 15.34999978 18.12499804 15.34999978 0 P 0
L 17.30000096 18.3500014 17.30000096 19.45000174 0 P 0
L 17.30000096 18.3500014 17.89999976 18.3500014 0 P 0
L 17.30000096 19.45000174 17.89999976 19.45000174 0 P 0
L 17.89999976 18.3500014 17.89999976 19.45000174 0 P 0
L 18.12499804 15.34999978 18.12517076 15.34991342 0 P 0
L 18.12517076 15.34991342 19.82499972 15.34999978 0 P 0
L 19.82499972 15.34999978 20.97499996 15.34999978 0 P 0
L 20.00001334 9.62507854 20.00001334 10.42507948 0 P 0
L 20.00001334 9.62507854 20.60000452 9.62507854 0 P 0
L 20.00001334 10.42507948 20.60000452 10.42507948 0 P 0
L 20.60000452 9.62507854 20.60000452 10.42507948 0 P 0
L 20.97499996 12.8499997 20.97499996 15.34999978 0 P 0
L 21.52499886 8.35000108 21.52499886 10.85000116 0 P 0
L 21.52499886 8.35000108 25.52500102 8.35000108 0 P 0
L 21.52499886 10.85000116 22.6749991 10.85000116 0 P 0
L 22.6749991 10.85000116 22.67517182 10.8499148 0 P 0
L 22.67517182 10.8499148 24.37500078 10.85000116 0 P 0
L 24.37500078 10.85000116 25.52500102 10.85000116 0 P 0
L 25.52500102 8.35000108 25.52500102 10.85000116 0 P 0
L 30.16000064 0.12999974 30.16000064 2.66999974 1 P 0
