UNITS=MM
#Layer_Color=9474304
#
#Feature symbol names
#
$0 r127
$1 r169.33164

#
#Feature attribute names
#

#
#Layer features
#
A 2.61800086 4.21999918 2.61800086 4.21999918 2.11000086 4.21999918 1 P 0 N
A 5.15800086 4.21999918 5.15800086 4.21999918 4.65000086 4.21999918 1 P 0 N
A 7.69800086 4.21999918 7.69800086 4.21999918 7.19000086 4.21999918 1 P 0 N
A 10.23800086 4.21999918 10.23800086 4.21999918 9.73000086 4.21999918 1 P 0 N
A 12.77800086 4.21999918 12.77800086 4.21999918 12.27000086 4.21999918 1 P 0 N
A 15.31800086 4.21999918 15.31800086 4.21999918 14.81000086 4.21999918 1 P 0 N
A 17.85800086 4.21999918 17.85800086 4.21999918 17.35000086 4.21999918 1 P 0 N
A 20.39800086 4.21999918 20.39800086 4.21999918 19.89000086 4.21999918 1 P 0 N
L 0.49200054 32.81700066 0.74600054 33.32500066 0 P 0
L 0.49200054 32.81700066 1.00000054 33.07100066 0 P 0
L 0.49200054 33.83300066 0.74600054 33.32500066 0 P 0
L 0.49200054 33.83300066 1.00000054 33.57900066 0 P 0
L 1.00000054 33.07100066 1.50800054 32.81700066 0 P 0
L 1.00000054 33.57900066 1.50800054 33.83300066 0 P 0
L 1.05094278 20.01557592 1.30494278 20.52357592 0 P 0
L 1.05094278 20.01557592 1.55894278 20.26957592 0 P 0
L 1.05094278 21.03157592 1.30494278 20.52357592 0 P 0
L 1.05094278 21.03157592 1.55894278 20.77757592 0 P 0
L 1.25400054 33.32500066 1.50800054 32.81700066 0 P 0
L 1.25400054 33.32500066 1.50800054 33.83300066 0 P 0
L 1.49200108 23.74200484 1.74600108 24.25000484 0 P 0
L 1.49200108 23.74200484 2.00000108 23.99600484 0 P 0
L 1.49200108 24.75800484 1.74600108 24.25000484 0 P 0
L 1.49200108 24.75800484 2.00000108 24.50400484 0 P 0
L 1.49200108 26.99200088 1.74600108 27.50000088 0 P 0
L 1.49200108 26.99200088 2.00000108 27.24600088 0 P 0
L 1.49200108 28.00800088 1.74600108 27.50000088 0 P 0
L 1.49200108 28.00800088 2.00000108 27.75400088 0 P 0
L 1.55894278 20.26957592 2.06694278 20.01557592 0 P 0
L 1.55894278 20.77757592 2.06694278 21.03157592 0 P 0
L 1.71720002 33.08849618 1.97120002 33.59649618 0 P 0
L 1.71720002 33.08849618 2.22520002 33.34249618 0 P 0
L 1.71720002 34.10449618 1.97120002 33.59649618 0 P 0
L 1.71720002 34.10449618 2.22520002 33.85049618 0 P 0
L 1.81294278 20.52357592 2.06694278 20.01557592 0 P 0
L 1.81294278 20.52357592 2.06694278 21.03157592 0 P 0
L 2.00000108 23.99600484 2.50800108 23.74200484 0 P 0
L 2.00000108 24.50400484 2.50800108 24.75800484 0 P 0
L 2.00000108 27.24600088 2.50800108 26.99200088 0 P 0
L 2.00000108 27.75400088 2.50800108 28.00800088 0 P 0
L 2.22520002 33.34249618 2.73320002 33.08849618 0 P 0
L 2.22520002 33.85049618 2.73320002 34.10449618 0 P 0
L 2.22600012 30.05800186 2.48000012 30.56600186 0 P 0
L 2.22600012 30.05800186 2.73400012 30.31200186 0 P 0
L 2.22600012 31.07400186 2.48000012 30.56600186 0 P 0
L 2.22600012 31.07400186 2.73400012 30.82000186 0 P 0
L 2.25400108 24.25000484 2.50800108 23.74200484 0 P 0
L 2.25400108 24.25000484 2.50800108 24.75800484 0 P 0
L 2.25400108 27.50000088 2.50800108 26.99200088 0 P 0
L 2.25400108 27.50000088 2.50800108 28.00800088 0 P 0
L 2.34200192 32.16699942 2.59600192 32.67499942 0 P 0
L 2.34200192 32.16699942 2.85000192 32.42099942 0 P 0
L 2.34200192 33.09199884 2.59600192 33.59999884 0 P 0
L 2.34200192 33.09199884 2.85000192 33.34599884 0 P 0
L 2.34200192 33.18299942 2.59600192 32.67499942 0 P 0
L 2.34200192 33.18299942 2.85000192 32.92899942 0 P 0
L 2.34200192 34.10799884 2.59600192 33.59999884 0 P 0
L 2.34200192 34.10799884 2.85000192 33.85399884 0 P 0
L 2.47920002 33.59649618 2.73320002 33.08849618 0 P 0
L 2.47920002 33.59649618 2.73320002 34.10449618 0 P 0
L 2.5654 31.2928 2.8194 31.8008 0 P 0
L 2.5654 31.2928 3.0734 31.5468 0 P 0
L 2.5654 32.3088 2.8194 31.8008 0 P 0
L 2.5654 32.3088 3.0734 32.0548 0 P 0
L 2.73400012 30.31200186 3.24200012 30.05800186 0 P 0
L 2.73400012 30.82000186 3.24200012 31.07400186 0 P 0
L 2.85000192 32.42099942 3.35800192 32.16699942 0 P 0
L 2.85000192 32.92899942 3.35800192 33.18299942 0 P 0
L 2.85000192 33.34599884 3.35800192 33.09199884 0 P 0
L 2.85000192 33.85399884 3.35800192 34.10799884 0 P 0
L 2.89120326 17.4752 3.14520326 17.9832 0 P 0
L 2.89120326 17.4752 3.39920326 17.7292 0 P 0
L 2.89120326 18.4912 3.14520326 17.9832 0 P 0
L 2.89120326 18.4912 3.39920326 18.2372 0 P 0
L 2.98800012 30.56600186 3.24200012 30.05800186 0 P 0
L 2.98800012 30.56600186 3.24200012 31.07400186 0 P 0
L 2.99200062 10.50800032 3.50000062 9.49200032 0 P 0
L 2.99200062 10.50800032 4.00800062 10.50800032 0 P 0
L 2.99200062 22.2420053 3.24600062 22.7500053 0 P 0
L 2.99200062 22.2420053 3.50000062 22.4960053 0 P 0
L 2.99200062 23.2580053 3.24600062 22.7500053 0 P 0
L 2.99200062 23.2580053 3.50000062 23.0040053 0 P 0
L 2.99200062 23.74200484 3.24600062 24.25000484 0 P 0
L 2.99200062 23.74200484 3.50000062 23.99600484 0 P 0
L 2.99200062 24.75800484 3.24600062 24.25000484 0 P 0
L 2.99200062 24.75800484 3.50000062 24.50400484 0 P 0
L 2.99200062 28.24200346 3.24600062 28.75000346 0 P 0
L 2.99200062 28.24200346 3.50000062 28.49600346 0 P 0
L 2.99200062 29.25800346 3.24600062 28.75000346 0 P 0
L 2.99200062 29.25800346 3.50000062 29.00400346 0 P 0
L 3.0734 31.5468 3.5814 31.2928 0 P 0
L 3.0734 32.0548 3.5814 32.3088 0 P 0
L 3.10400192 32.67499942 3.35800192 32.16699942 0 P 0
L 3.10400192 32.67499942 3.35800192 33.18299942 0 P 0
L 3.10400192 33.59999884 3.35800192 33.09199884 0 P 0
L 3.10400192 33.59999884 3.35800192 34.10799884 0 P 0
L 3.24200012 32.51699872 3.49600012 33.02499872 0 P 0
L 3.24200012 32.51699872 3.75000012 32.77099872 0 P 0
L 3.24200012 33.53299872 3.49600012 33.02499872 0 P 0
L 3.24200012 33.53299872 3.75000012 33.27899872 0 P 0
L 3.3274 31.8008 3.5814 31.2928 0 P 0
L 3.3274 31.8008 3.5814 32.3088 0 P 0
L 3.39920326 17.7292 3.90720326 17.4752 0 P 0
L 3.39920326 18.2372 3.90720326 18.4912 0 P 0
L 3.50000062 9.49200032 4.00800062 10.50800032 0 P 0
L 3.50000062 22.4960053 4.00800062 22.2420053 0 P 0
L 3.50000062 23.0040053 4.00800062 23.2580053 0 P 0
L 3.50000062 23.99600484 4.00800062 23.74200484 0 P 0
L 3.50000062 24.50400484 4.00800062 24.75800484 0 P 0
L 3.50000062 28.49600346 4.00800062 28.24200346 0 P 0
L 3.50000062 29.00400346 4.00800062 29.25800346 0 P 0
L 3.65320326 17.9832 3.90720326 17.4752 0 P 0
L 3.65320326 17.9832 3.90720326 18.4912 0 P 0
L 3.75000012 32.77099872 4.25800012 32.51699872 0 P 0
L 3.75000012 33.27899872 4.25800012 33.53299872 0 P 0
L 3.75400062 22.7500053 4.00800062 22.2420053 0 P 0
L 3.75400062 22.7500053 4.00800062 23.2580053 0 P 0
L 3.75400062 24.25000484 4.00800062 23.74200484 0 P 0
L 3.75400062 24.25000484 4.00800062 24.75800484 0 P 0
L 3.75400062 28.75000346 4.00800062 28.24200346 0 P 0
L 3.75400062 28.75000346 4.00800062 29.25800346 0 P 0
L 3.84624834 31.58774734 4.10024834 32.09574734 0 P 0
L 3.84624834 31.58774734 4.35424834 31.84174734 0 P 0
L 3.84624834 32.60374734 4.10024834 32.09574734 0 P 0
L 3.84624834 32.60374734 4.35424834 32.34974734 0 P 0
L 3.89120126 17.4752 4.14520126 17.9832 0 P 0
L 3.89120126 17.4752 4.39920126 17.7292 0 P 0
L 3.89120126 18.4912 4.14520126 17.9832 0 P 0
L 3.89120126 18.4912 4.39920126 18.2372 0 P 0
L 3.89199628 19.79200004 4.14599628 20.30000004 0 P 0
L 3.89199628 19.79200004 4.39999628 20.04600004 0 P 0
L 3.89199628 20.80800004 4.14599628 20.30000004 0 P 0
L 3.89199628 20.80800004 4.39999628 20.55400004 0 P 0
L 3.91700004 32.51699872 4.17100004 33.02499872 0 P 0
L 3.91700004 32.51699872 4.42500004 32.77099872 0 P 0
L 3.91700004 33.53299872 4.17100004 33.02499872 0 P 0
L 3.91700004 33.53299872 4.42500004 33.27899872 0 P 0
L 3.99200116 26.49199934 4.24600116 26.99999934 0 P 0
L 3.99200116 26.49199934 4.50000116 26.74599934 0 P 0
L 3.99200116 27.50799934 4.24600116 26.99999934 0 P 0
L 3.99200116 27.50799934 4.50000116 27.25399934 0 P 0
L 4.00400012 33.02499872 4.25800012 32.51699872 0 P 0
L 4.00400012 33.02499872 4.25800012 33.53299872 0 P 0
L 4.35424834 31.84174734 4.86224834 31.58774734 0 P 0
L 4.35424834 32.34974734 4.86224834 32.60374734 0 P 0
L 4.39920126 17.7292 4.90720126 17.4752 0 P 0
L 4.39920126 18.2372 4.90720126 18.4912 0 P 0
L 4.39999628 20.04600004 4.90799628 19.79200004 0 P 0
L 4.39999628 20.55400004 4.90799628 20.80800004 0 P 0
L 4.42500004 32.77099872 4.93300004 32.51699872 0 P 0
L 4.42500004 33.27899872 4.93300004 33.53299872 0 P 0
L 4.49200016 22.2420053 4.74600016 22.7500053 0 P 0
L 4.49200016 22.2420053 5.00000016 22.4960053 0 P 0
L 4.49200016 23.2580053 4.74600016 22.7500053 0 P 0
L 4.49200016 23.2580053 5.00000016 23.0040053 0 P 0
L 4.49200016 23.74200484 4.74600016 24.25000484 0 P 0
L 4.49200016 23.74200484 5.00000016 23.99600484 0 P 0
L 4.49200016 24.75800484 4.74600016 24.25000484 0 P 0
L 4.49200016 24.75800484 5.00000016 24.50400484 0 P 0
L 4.49200016 25.24200438 4.74600016 25.75000438 0 P 0
L 4.49200016 25.24200438 5.00000016 25.49600438 0 P 0
L 4.49200016 26.25800438 4.74600016 25.75000438 0 P 0
L 4.49200016 26.25800438 5.00000016 26.00400438 0 P 0
L 4.50000116 26.74599934 5.00800116 26.49199934 0 P 0
L 4.50000116 27.25399934 5.00800116 27.50799934 0 P 0
L 4.60824834 32.09574734 4.86224834 31.58774734 0 P 0
L 4.60824834 32.09574734 4.86224834 32.60374734 0 P 0
L 4.61700118 35.0669987 4.87100118 35.5749987 0 P 0
L 4.61700118 35.0669987 5.12500118 35.3209987 0 P 0
L 4.61700118 36.0829987 4.87100118 35.5749987 0 P 0
L 4.61700118 36.0829987 5.12500118 35.8289987 0 P 0
L 4.65320126 17.9832 4.90720126 17.4752 0 P 0
L 4.65320126 17.9832 4.90720126 18.4912 0 P 0
L 4.65399628 20.30000004 4.90799628 19.79200004 0 P 0
L 4.65399628 20.30000004 4.90799628 20.80800004 0 P 0
L 4.67900004 33.02499872 4.93300004 32.51699872 0 P 0
L 4.67900004 33.02499872 4.93300004 33.53299872 0 P 0
L 4.75400116 26.99999934 5.00800116 26.49199934 0 P 0
L 4.75400116 26.99999934 5.00800116 27.50799934 0 P 0
L 4.8514 34.2392 5.1054 34.7472 0 P 0
L 4.8514 34.2392 5.3594 34.4932 0 P 0
L 4.8514 35.2552 5.1054 34.7472 0 P 0
L 4.8514 35.2552 5.3594 35.0012 0 P 0
L 4.99199916 19.99199964 5.24599916 20.49999964 0 P 0
L 4.99199916 19.99199964 5.49999916 20.24599964 0 P 0
L 4.99199916 21.00799964 5.24599916 20.49999964 0 P 0
L 4.99199916 21.00799964 5.49999916 20.75399964 0 P 0
L 5.00000016 22.4960053 5.50800016 22.2420053 0 P 0
L 5.00000016 23.0040053 5.50800016 23.2580053 0 P 0
L 5.00000016 23.99600484 5.50800016 23.74200484 0 P 0
L 5.00000016 24.50400484 5.50800016 24.75800484 0 P 0
L 5.00000016 25.49600438 5.50800016 25.24200438 0 P 0
L 5.00000016 26.00400438 5.50800016 26.25800438 0 P 0
L 5.12500118 35.3209987 5.63300118 35.0669987 0 P 0
L 5.12500118 35.8289987 5.63300118 36.0829987 0 P 0
L 5.1562 31.5468 5.4102 32.0548 0 P 0
L 5.1562 31.5468 5.6642 31.8008 0 P 0
L 5.1562 32.5628 5.4102 32.0548 0 P 0
L 5.1562 32.5628 5.6642 32.3088 0 P 0
L 5.1816 30.7086 5.4356 31.2166 0 P 0
L 5.1816 30.7086 5.6896 30.9626 0 P 0
L 5.1816 31.7246 5.4356 31.2166 0 P 0
L 5.1816 31.7246 5.6896 31.4706 0 P 0
L 5.2420012 27.74199938 5.4960012 28.24999938 0 P 0
L 5.2420012 27.74199938 5.7500012 27.99599938 0 P 0
L 5.2420012 28.75799938 5.4960012 28.24999938 0 P 0
L 5.2420012 28.75799938 5.7500012 28.50399938 0 P 0
L 5.25400016 22.7500053 5.50800016 22.2420053 0 P 0
L 5.25400016 22.7500053 5.50800016 23.2580053 0 P 0
L 5.25400016 24.25000484 5.50800016 23.74200484 0 P 0
L 5.25400016 24.25000484 5.50800016 24.75800484 0 P 0
L 5.25400016 25.75000438 5.50800016 25.24200438 0 P 0
L 5.25400016 25.75000438 5.50800016 26.25800438 0 P 0
L 5.3594 34.4932 5.8674 34.2392 0 P 0
L 5.3594 35.0012 5.8674 35.2552 0 P 0
L 5.36700222 35.0669987 5.62100222 35.5749987 0 P 0
L 5.36700222 35.0669987 5.87500222 35.3209987 0 P 0
L 5.36700222 36.0829987 5.62100222 35.5749987 0 P 0
L 5.36700222 36.0829987 5.87500222 35.8289987 0 P 0
L 5.37900118 35.5749987 5.63300118 35.0669987 0 P 0
L 5.37900118 35.5749987 5.63300118 36.0829987 0 P 0
L 5.4102 32.5374 5.6642 33.0454 0 P 0
L 5.4102 32.5374 5.9182 32.7914 0 P 0
L 5.4102 33.5534 5.6642 33.0454 0 P 0
L 5.4102 33.5534 5.9182 33.2994 0 P 0
L 5.49999916 20.24599964 6.00799916 19.99199964 0 P 0
L 5.49999916 20.75399964 6.00799916 21.00799964 0 P 0
L 5.5626 29.972 5.8166 30.48 0 P 0
L 5.5626 29.972 6.0706 30.226 0 P 0
L 5.5626 30.988 5.8166 30.48 0 P 0
L 5.5626 30.988 6.0706 30.734 0 P 0
L 5.6134 34.7472 5.8674 34.2392 0 P 0
L 5.6134 34.7472 5.8674 35.2552 0 P 0
L 5.6642 31.8008 6.1722 31.5468 0 P 0
L 5.6642 32.3088 6.1722 32.5628 0 P 0
L 5.6896 30.9626 6.1976 30.7086 0 P 0
L 5.6896 31.4706 6.1976 31.7246 0 P 0
L 5.7500012 27.99599938 6.2580012 27.74199938 0 P 0
L 5.7500012 28.50399938 6.2580012 28.75799938 0 P 0
L 5.75399916 20.49999964 6.00799916 19.99199964 0 P 0
L 5.75399916 20.49999964 6.00799916 21.00799964 0 P 0
L 5.87500222 35.3209987 6.38300222 35.0669987 0 P 0
L 5.87500222 35.8289987 6.38300222 36.0829987 0 P 0
L 5.9182 32.0548 6.1722 31.5468 0 P 0
L 5.9182 32.0548 6.1722 32.5628 0 P 0
L 5.9182 32.7914 6.4262 32.5374 0 P 0
L 5.9182 33.2994 6.4262 33.5534 0 P 0
L 5.9436 31.2166 6.1976 30.7086 0 P 0
L 5.9436 31.2166 6.1976 31.7246 0 P 0
L 5.9919997 22.2420053 6.2459997 22.7500053 0 P 0
L 5.9919997 22.2420053 6.4999997 22.4960053 0 P 0
L 5.9919997 23.2580053 6.2459997 22.7500053 0 P 0
L 5.9919997 23.2580053 6.4999997 23.0040053 0 P 0
L 5.9919997 23.74200484 6.2459997 24.25000484 0 P 0
L 5.9919997 23.74200484 6.4999997 23.99600484 0 P 0
L 5.9919997 24.75800484 6.2459997 24.25000484 0 P 0
L 5.9919997 24.75800484 6.4999997 24.50400484 0 P 0
L 5.9919997 34.24200162 6.2459997 34.75000162 0 P 0
L 5.9919997 34.24200162 6.4999997 34.49600162 0 P 0
L 5.9919997 35.25800162 6.2459997 34.75000162 0 P 0
L 5.9919997 35.25800162 6.4999997 35.00400162 0 P 0
L 6.0040012 28.24999938 6.2580012 27.74199938 0 P 0
L 6.0040012 28.24999938 6.2580012 28.75799938 0 P 0
L 6.0706 30.226 6.5786 29.972 0 P 0
L 6.0706 30.734 6.5786 30.988 0 P 0
L 6.11700072 35.0669987 6.37100072 35.5749987 0 P 0
L 6.11700072 35.0669987 6.62500072 35.3209987 0 P 0
L 6.11700072 36.0829987 6.37100072 35.5749987 0 P 0
L 6.11700072 36.0829987 6.62500072 35.8289987 0 P 0
L 6.12900222 35.5749987 6.38300222 35.0669987 0 P 0
L 6.12900222 35.5749987 6.38300222 36.0829987 0 P 0
L 6.1722 33.0454 6.4262 32.5374 0 P 0
L 6.1722 33.0454 6.4262 33.5534 0 P 0
L 6.3246 30.48 6.5786 29.972 0 P 0
L 6.3246 30.48 6.5786 30.988 0 P 0
L 6.4999997 22.4960053 7.0079997 22.2420053 0 P 0
L 6.4999997 23.0040053 7.0079997 23.2580053 0 P 0
L 6.4999997 23.99600484 7.0079997 23.74200484 0 P 0
L 6.4999997 24.50400484 7.0079997 24.75800484 0 P 0
L 6.4999997 34.49600162 7.0079997 34.24200162 0 P 0
L 6.4999997 35.00400162 7.0079997 35.25800162 0 P 0
L 6.62500072 35.3209987 7.13300072 35.0669987 0 P 0
L 6.62500072 35.8289987 7.13300072 36.0829987 0 P 0
L 6.7539997 22.7500053 7.0079997 22.2420053 0 P 0
L 6.7539997 22.7500053 7.0079997 23.2580053 0 P 0
L 6.7539997 24.25000484 7.0079997 23.74200484 0 P 0
L 6.7539997 24.25000484 7.0079997 24.75800484 0 P 0
L 6.7539997 34.75000162 7.0079997 34.24200162 0 P 0
L 6.7539997 34.75000162 7.0079997 35.25800162 0 P 0
L 6.87900072 35.5749987 7.13300072 35.0669987 0 P 0
L 6.87900072 35.5749987 7.13300072 36.0829987 0 P 0
L 7.3152 18.542 7.5692 19.05 0 P 0
L 7.3152 18.542 7.8232 18.796 0 P 0
L 7.3152 19.558 7.5692 19.05 0 P 0
L 7.3152 19.558 7.8232 19.304 0 P 0
L 7.49199924 19.99199964 7.74599924 20.49999964 0 P 0
L 7.49199924 19.99199964 7.99999924 20.24599964 0 P 0
L 7.49199924 21.00799964 7.74599924 20.49999964 0 P 0
L 7.49199924 21.00799964 7.99999924 20.75399964 0 P 0
L 7.49199924 22.2420053 7.74599924 22.7500053 0 P 0
L 7.49199924 22.2420053 7.99999924 22.4960053 0 P 0
L 7.49199924 23.2580053 7.74599924 22.7500053 0 P 0
L 7.49199924 23.2580053 7.99999924 23.0040053 0 P 0
L 7.49199924 23.74200484 7.74599924 24.25000484 0 P 0
L 7.49199924 23.74200484 7.99999924 23.99600484 0 P 0
L 7.49199924 24.75800484 7.74599924 24.25000484 0 P 0
L 7.49199924 24.75800484 7.99999924 24.50400484 0 P 0
L 7.49199924 34.24200162 7.74599924 34.75000162 0 P 0
L 7.49199924 34.24200162 7.99999924 34.49600162 0 P 0
L 7.49199924 35.25800162 7.74599924 34.75000162 0 P 0
L 7.49199924 35.25800162 7.99999924 35.00400162 0 P 0
L 7.49199924 35.74200116 7.74599924 36.25000116 0 P 0
L 7.49199924 35.74200116 7.99999924 35.99600116 0 P 0
L 7.49199924 36.75800116 7.74599924 36.25000116 0 P 0
L 7.49199924 36.75800116 7.99999924 36.50400116 0 P 0
L 7.49199924 37.2420007 7.74599924 37.7500007 0 P 0
L 7.49199924 37.2420007 7.99999924 37.4960007 0 P 0
L 7.49199924 38.2580007 7.74599924 37.7500007 0 P 0
L 7.49199924 38.2580007 7.99999924 38.0040007 0 P 0
L 7.49199924 38.74200024 7.74599924 39.25000024 0 P 0
L 7.49199924 38.74200024 7.99999924 38.99600024 0 P 0
L 7.49199924 39.75800024 7.74599924 39.25000024 0 P 0
L 7.49199924 39.75800024 7.99999924 39.50400024 0 P 0
L 7.74199874 32.74199954 7.99599874 33.24999954 0 P 0
L 7.74199874 32.74199954 8.24999874 32.99599954 0 P 0
L 7.74199874 33.75799954 7.99599874 33.24999954 0 P 0
L 7.74199874 33.75799954 8.24999874 33.50399954 0 P 0
L 7.8232 18.796 8.3312 18.542 0 P 0
L 7.8232 19.304 8.3312 19.558 0 P 0
L 7.95200086 9.49200032 7.95200086 10.50800032 0 P 0
L 7.95200086 9.49200032 8.96800086 9.49200032 0 P 0
L 7.95200086 10.50800032 8.96800086 10.50800032 0 P 0
L 7.99999924 20.24599964 8.50799924 19.99199964 0 P 0
L 7.99999924 20.75399964 8.50799924 21.00799964 0 P 0
L 7.99999924 22.4960053 8.50799924 22.2420053 0 P 0
L 7.99999924 23.0040053 8.50799924 23.2580053 0 P 0
L 7.99999924 23.99600484 8.50799924 23.74200484 0 P 0
L 7.99999924 24.50400484 8.50799924 24.75800484 0 P 0
L 7.99999924 34.49600162 8.50799924 34.24200162 0 P 0
L 7.99999924 35.00400162 8.50799924 35.25800162 0 P 0
L 7.99999924 35.99600116 8.50799924 35.74200116 0 P 0
L 7.99999924 36.50400116 8.50799924 36.75800116 0 P 0
L 7.99999924 37.4960007 8.50799924 37.2420007 0 P 0
L 7.99999924 38.0040007 8.50799924 38.2580007 0 P 0
L 7.99999924 38.99600024 8.50799924 38.74200024 0 P 0
L 7.99999924 39.50400024 8.50799924 39.75800024 0 P 0
L 8.0772 19.05 8.3312 18.542 0 P 0
L 8.0772 19.05 8.3312 19.558 0 P 0
L 8.24999874 32.99599954 8.75799874 32.74199954 0 P 0
L 8.24999874 33.50399954 8.75799874 33.75799954 0 P 0
L 8.25399924 20.49999964 8.50799924 19.99199964 0 P 0
L 8.25399924 20.49999964 8.50799924 21.00799964 0 P 0
L 8.25399924 22.7500053 8.50799924 22.2420053 0 P 0
L 8.25399924 22.7500053 8.50799924 23.2580053 0 P 0
L 8.25399924 24.25000484 8.50799924 23.74200484 0 P 0
L 8.25399924 24.25000484 8.50799924 24.75800484 0 P 0
L 8.25399924 34.75000162 8.50799924 34.24200162 0 P 0
L 8.25399924 34.75000162 8.50799924 35.25800162 0 P 0
L 8.25399924 36.25000116 8.50799924 35.74200116 0 P 0
L 8.25399924 36.25000116 8.50799924 36.75800116 0 P 0
L 8.25399924 37.7500007 8.50799924 37.2420007 0 P 0
L 8.25399924 37.7500007 8.50799924 38.2580007 0 P 0
L 8.25399924 39.25000024 8.50799924 38.74200024 0 P 0
L 8.25399924 39.25000024 8.50799924 39.75800024 0 P 0
L 8.50399874 33.24999954 8.75799874 32.74199954 0 P 0
L 8.50399874 33.24999954 8.75799874 33.75799954 0 P 0
L 8.59120202 17.4752 8.84520202 17.9832 0 P 0
L 8.59120202 17.4752 9.09920202 17.7292 0 P 0
L 8.59120202 18.4912 8.84520202 17.9832 0 P 0
L 8.59120202 18.4912 9.09920202 18.2372 0 P 0
L 8.96800086 9.49200032 8.96800086 10.50800032 0 P 0
L 8.99199878 31.4919995 9.24599878 31.9999995 0 P 0
L 8.99199878 31.4919995 9.49999878 31.7459995 0 P 0
L 8.99199878 32.5079995 9.24599878 31.9999995 0 P 0
L 8.99199878 32.5079995 9.49999878 32.2539995 0 P 0
L 8.99199878 34.24200162 9.24599878 34.75000162 0 P 0
L 8.99199878 34.24200162 9.49999878 34.49600162 0 P 0
L 8.99199878 35.25800162 9.24599878 34.75000162 0 P 0
L 8.99199878 35.25800162 9.49999878 35.00400162 0 P 0
L 8.99199878 35.74200116 9.24599878 36.25000116 0 P 0
L 8.99199878 35.74200116 9.49999878 35.99600116 0 P 0
L 8.99199878 36.75800116 9.24599878 36.25000116 0 P 0
L 8.99199878 36.75800116 9.49999878 36.50400116 0 P 0
L 8.99199878 37.2420007 9.24599878 37.7500007 0 P 0
L 8.99199878 37.2420007 9.49999878 37.4960007 0 P 0
L 8.99199878 38.2580007 9.24599878 37.7500007 0 P 0
L 8.99199878 38.2580007 9.49999878 38.0040007 0 P 0
L 8.99199878 38.74200024 9.24599878 39.25000024 0 P 0
L 8.99199878 38.74200024 9.49999878 38.99600024 0 P 0
L 8.99199878 39.75800024 9.24599878 39.25000024 0 P 0
L 8.99199878 39.75800024 9.49999878 39.50400024 0 P 0
L 9.09920202 17.7292 9.60720202 17.4752 0 P 0
L 9.09920202 18.2372 9.60720202 18.4912 0 P 0
L 9.35320202 17.9832 9.60720202 17.4752 0 P 0
L 9.35320202 17.9832 9.60720202 18.4912 0 P 0
L 9.49999878 31.7459995 10.00799878 31.4919995 0 P 0
L 9.49999878 32.2539995 10.00799878 32.5079995 0 P 0
L 9.49999878 34.49600162 10.00799878 34.24200162 0 P 0
L 9.49999878 35.00400162 10.00799878 35.25800162 0 P 0
L 9.49999878 35.99600116 10.00799878 35.74200116 0 P 0
L 9.49999878 36.50400116 10.00799878 36.75800116 0 P 0
L 9.49999878 37.4960007 10.00799878 37.2420007 0 P 0
L 9.49999878 38.0040007 10.00799878 38.2580007 0 P 0
L 9.49999878 38.99600024 10.00799878 38.74200024 0 P 0
L 9.49999878 39.50400024 10.00799878 39.75800024 0 P 0
L 9.59120256 17.4752 9.84520256 17.9832 0 P 0
L 9.59120256 17.4752 10.09920256 17.7292 0 P 0
L 9.59120256 18.4912 9.84520256 17.9832 0 P 0
L 9.59120256 18.4912 10.09920256 18.2372 0 P 0
L 9.75399878 31.9999995 10.00799878 31.4919995 0 P 0
L 9.75399878 31.9999995 10.00799878 32.5079995 0 P 0
L 9.75399878 34.75000162 10.00799878 34.24200162 0 P 0
L 9.75399878 34.75000162 10.00799878 35.25800162 0 P 0
L 9.75399878 36.25000116 10.00799878 35.74200116 0 P 0
L 9.75399878 36.25000116 10.00799878 36.75800116 0 P 0
L 9.75399878 37.7500007 10.00799878 37.2420007 0 P 0
L 9.75399878 37.7500007 10.00799878 38.2580007 0 P 0
L 9.75399878 39.25000024 10.00799878 38.74200024 0 P 0
L 9.75399878 39.25000024 10.00799878 39.75800024 0 P 0
L 9.84199962 12.691999 10.09599962 13.199999 0 P 0
L 9.84199962 12.691999 10.34999962 12.945999 0 P 0
L 9.84199962 13.707999 10.09599962 13.199999 0 P 0
L 9.84199962 13.707999 10.34999962 13.453999 0 P 0
L 10.09920256 17.7292 10.60720256 17.4752 0 P 0
L 10.09920256 18.2372 10.60720256 18.4912 0 P 0
L 10.34999962 12.945999 10.85799962 12.691999 0 P 0
L 10.34999962 13.453999 10.85799962 13.707999 0 P 0
L 10.35320256 17.9832 10.60720256 17.4752 0 P 0
L 10.35320256 17.9832 10.60720256 18.4912 0 P 0
L 10.4912033 8.14019962 10.7452033 8.64819962 0 P 0
L 10.4912033 8.14019962 10.9992033 8.39419962 0 P 0
L 10.4912033 9.15619962 10.7452033 8.64819962 0 P 0
L 10.4912033 9.15619962 10.9992033 8.90219962 0 P 0
L 10.49199832 22.2420053 10.74599832 22.7500053 0 P 0
L 10.49199832 22.2420053 10.99999832 22.4960053 0 P 0
L 10.49199832 23.2580053 10.74599832 22.7500053 0 P 0
L 10.49199832 23.2580053 10.99999832 23.0040053 0 P 0
L 10.49199832 23.74200484 10.74599832 24.25000484 0 P 0
L 10.49199832 23.74200484 10.99999832 23.99600484 0 P 0
L 10.49199832 24.75800484 10.74599832 24.25000484 0 P 0
L 10.49199832 24.75800484 10.99999832 24.50400484 0 P 0
L 10.49199832 32.74200208 10.74599832 33.25000208 0 P 0
L 10.49199832 32.74200208 10.99999832 32.99600208 0 P 0
L 10.49199832 33.75800208 10.74599832 33.25000208 0 P 0
L 10.49199832 33.75800208 10.99999832 33.50400208 0 P 0
L 10.49199832 34.24200162 10.74599832 34.75000162 0 P 0
L 10.49199832 34.24200162 10.99999832 34.49600162 0 P 0
L 10.49199832 35.25800162 10.74599832 34.75000162 0 P 0
L 10.49199832 35.25800162 10.99999832 35.00400162 0 P 0
L 10.49199832 35.74200116 10.74599832 36.25000116 0 P 0
L 10.49199832 35.74200116 10.99999832 35.99600116 0 P 0
L 10.49199832 36.75800116 10.74599832 36.25000116 0 P 0
L 10.49199832 36.75800116 10.99999832 36.50400116 0 P 0
L 10.49199832 37.2420007 10.74599832 37.7500007 0 P 0
L 10.49199832 37.2420007 10.99999832 37.4960007 0 P 0
L 10.49199832 38.2580007 10.74599832 37.7500007 0 P 0
L 10.49199832 38.2580007 10.99999832 38.0040007 0 P 0
L 10.49199832 38.74200024 10.74599832 39.25000024 0 P 0
L 10.49199832 38.74200024 10.99999832 38.99600024 0 P 0
L 10.49199832 39.75800024 10.74599832 39.25000024 0 P 0
L 10.49199832 39.75800024 10.99999832 39.50400024 0 P 0
L 10.49200086 29.99199996 10.74600086 30.49999996 0 P 0
L 10.49200086 29.99199996 11.00000086 30.24599996 0 P 0
L 10.49200086 31.00799996 10.74600086 30.49999996 0 P 0
L 10.49200086 31.00799996 11.00000086 30.75399996 0 P 0
L 10.5912031 17.4752 10.8452031 17.9832 0 P 0
L 10.5912031 17.4752 11.0992031 17.7292 0 P 0
L 10.5912031 18.4912 10.8452031 17.9832 0 P 0
L 10.5912031 18.4912 11.0992031 18.2372 0 P 0
L 10.60399962 13.199999 10.85799962 12.691999 0 P 0
L 10.60399962 13.199999 10.85799962 13.707999 0 P 0
L 10.9992033 8.39419962 11.5072033 8.14019962 0 P 0
L 10.9992033 8.90219962 11.5072033 9.15619962 0 P 0
L 10.99999832 22.4960053 11.50799832 22.2420053 0 P 0
L 10.99999832 23.0040053 11.50799832 23.2580053 0 P 0
L 10.99999832 23.99600484 11.50799832 23.74200484 0 P 0
L 10.99999832 24.50400484 11.50799832 24.75800484 0 P 0
L 10.99999832 32.99600208 11.50799832 32.74200208 0 P 0
L 10.99999832 33.50400208 11.50799832 33.75800208 0 P 0
L 10.99999832 34.49600162 11.50799832 34.24200162 0 P 0
L 10.99999832 35.00400162 11.50799832 35.25800162 0 P 0
L 10.99999832 35.99600116 11.50799832 35.74200116 0 P 0
L 10.99999832 36.50400116 11.50799832 36.75800116 0 P 0
L 10.99999832 37.4960007 11.50799832 37.2420007 0 P 0
L 10.99999832 38.0040007 11.50799832 38.2580007 0 P 0
L 10.99999832 38.99600024 11.50799832 38.74200024 0 P 0
L 10.99999832 39.50400024 11.50799832 39.75800024 0 P 0
L 11.00000086 30.24599996 11.50800086 29.99199996 0 P 0
L 11.00000086 30.75399996 11.50800086 31.00799996 0 P 0
L 11.0992031 17.7292 11.6072031 17.4752 0 P 0
L 11.0992031 18.2372 11.6072031 18.4912 0 P 0
L 11.2014 10.8204 11.4554 11.3284 0 P 0
L 11.2014 10.8204 11.7094 11.0744 0 P 0
L 11.2014 11.8364 11.4554 11.3284 0 P 0
L 11.2014 11.8364 11.7094 11.5824 0 P 0
L 11.2532033 8.64819962 11.5072033 8.14019962 0 P 0
L 11.2532033 8.64819962 11.5072033 9.15619962 0 P 0
L 11.25399832 22.7500053 11.50799832 22.2420053 0 P 0
L 11.25399832 22.7500053 11.50799832 23.2580053 0 P 0
L 11.25399832 24.25000484 11.50799832 23.74200484 0 P 0
L 11.25399832 24.25000484 11.50799832 24.75800484 0 P 0
L 11.25399832 33.25000208 11.50799832 32.74200208 0 P 0
L 11.25399832 33.25000208 11.50799832 33.75800208 0 P 0
L 11.25399832 34.75000162 11.50799832 34.24200162 0 P 0
L 11.25399832 34.75000162 11.50799832 35.25800162 0 P 0
L 11.25399832 36.25000116 11.50799832 35.74200116 0 P 0
L 11.25399832 36.25000116 11.50799832 36.75800116 0 P 0
L 11.25399832 37.7500007 11.50799832 37.2420007 0 P 0
L 11.25399832 37.7500007 11.50799832 38.2580007 0 P 0
L 11.25399832 39.25000024 11.50799832 38.74200024 0 P 0
L 11.25399832 39.25000024 11.50799832 39.75800024 0 P 0
L 11.25400086 30.49999996 11.50800086 29.99199996 0 P 0
L 11.25400086 30.49999996 11.50800086 31.00799996 0 P 0
L 11.3532031 17.9832 11.6072031 17.4752 0 P 0
L 11.3532031 17.9832 11.6072031 18.4912 0 P 0
L 11.59199866 19.7919975 11.84599866 20.2999975 0 P 0
L 11.59199866 19.7919975 12.09999866 20.0459975 0 P 0
L 11.59199866 20.8079975 11.84599866 20.2999975 0 P 0
L 11.59199866 20.8079975 12.09999866 20.5539975 0 P 0
L 11.7094 11.0744 12.2174 10.8204 0 P 0
L 11.7094 11.5824 12.2174 11.8364 0 P 0
L 11.9634 11.3284 12.2174 10.8204 0 P 0
L 11.9634 11.3284 12.2174 11.8364 0 P 0
L 11.99199786 31.24200254 12.24599786 31.75000254 0 P 0
L 11.99199786 31.24200254 12.49999786 31.49600254 0 P 0
L 11.99199786 32.25800254 12.24599786 31.75000254 0 P 0
L 11.99199786 32.25800254 12.49999786 32.00400254 0 P 0
L 11.99199786 32.74200208 12.24599786 33.25000208 0 P 0
L 11.99199786 32.74200208 12.49999786 32.99600208 0 P 0
L 11.99199786 33.75800208 12.24599786 33.25000208 0 P 0
L 11.99199786 33.75800208 12.49999786 33.50400208 0 P 0
L 11.99199786 34.24200162 12.24599786 34.75000162 0 P 0
L 11.99199786 34.24200162 12.49999786 34.49600162 0 P 0
L 11.99199786 35.25800162 12.24599786 34.75000162 0 P 0
L 11.99199786 35.25800162 12.49999786 35.00400162 0 P 0
L 11.99199786 35.74200116 12.24599786 36.25000116 0 P 0
L 11.99199786 35.74200116 12.49999786 35.99600116 0 P 0
L 11.99199786 36.75800116 12.24599786 36.25000116 0 P 0
L 11.99199786 36.75800116 12.49999786 36.50400116 0 P 0
L 11.99199786 37.2420007 12.24599786 37.7500007 0 P 0
L 11.99199786 37.2420007 12.49999786 37.4960007 0 P 0
L 11.99199786 38.2580007 12.24599786 37.7500007 0 P 0
L 11.99199786 38.2580007 12.49999786 38.0040007 0 P 0
L 11.99199786 38.74200024 12.24599786 39.25000024 0 P 0
L 11.99199786 38.74200024 12.49999786 38.99600024 0 P 0
L 11.99199786 39.75800024 12.24599786 39.25000024 0 P 0
L 11.99199786 39.75800024 12.49999786 39.50400024 0 P 0
L 11.9920004 28.49200042 12.2460004 29.00000042 0 P 0
L 11.9920004 28.49200042 12.5000004 28.74600042 0 P 0
L 11.9920004 29.50800042 12.2460004 29.00000042 0 P 0
L 11.9920004 29.50800042 12.5000004 29.25400042 0 P 0
L 12.09999866 20.0459975 12.60799866 19.7919975 0 P 0
L 12.09999866 20.5539975 12.60799866 20.8079975 0 P 0
L 12.35399866 20.2999975 12.60799866 19.7919975 0 P 0
L 12.35399866 20.2999975 12.60799866 20.8079975 0 P 0
L 12.49999786 31.49600254 13.00799786 31.24200254 0 P 0
L 12.49999786 32.00400254 13.00799786 32.25800254 0 P 0
L 12.49999786 32.99600208 13.00799786 32.74200208 0 P 0
L 12.49999786 33.50400208 13.00799786 33.75800208 0 P 0
L 12.49999786 34.49600162 13.00799786 34.24200162 0 P 0
L 12.49999786 35.00400162 13.00799786 35.25800162 0 P 0
L 12.49999786 35.99600116 13.00799786 35.74200116 0 P 0
L 12.49999786 36.50400116 13.00799786 36.75800116 0 P 0
L 12.49999786 37.4960007 13.00799786 37.2420007 0 P 0
L 12.49999786 38.0040007 13.00799786 38.2580007 0 P 0
L 12.49999786 38.99600024 13.00799786 38.74200024 0 P 0
L 12.49999786 39.50400024 13.00799786 39.75800024 0 P 0
L 12.5000004 28.74600042 13.0080004 28.49200042 0 P 0
L 12.5000004 29.25400042 13.0080004 29.50800042 0 P 0
L 12.52227366 15.1129238 12.77627366 15.6209238 0 P 0
L 12.52227366 15.1129238 13.03027366 15.3669238 0 P 0
L 12.52227366 16.1289238 12.77627366 15.6209238 0 P 0
L 12.52227366 16.1289238 13.03027366 15.8749238 0 P 0
L 12.59199666 19.7919975 12.84599666 20.2999975 0 P 0
L 12.59199666 19.7919975 13.09999666 20.0459975 0 P 0
L 12.59199666 20.8079975 12.84599666 20.2999975 0 P 0
L 12.59199666 20.8079975 13.09999666 20.5539975 0 P 0
L 12.7 16.002 12.954 16.51 0 P 0
L 12.7 16.002 13.208 16.256 0 P 0
L 12.7 17.018 12.954 16.51 0 P 0
L 12.7 17.018 13.208 16.764 0 P 0
L 12.75399786 31.75000254 13.00799786 31.24200254 0 P 0
L 12.75399786 31.75000254 13.00799786 32.25800254 0 P 0
L 12.75399786 33.25000208 13.00799786 32.74200208 0 P 0
L 12.75399786 33.25000208 13.00799786 33.75800208 0 P 0
L 12.75399786 34.75000162 13.00799786 34.24200162 0 P 0
L 12.75399786 34.75000162 13.00799786 35.25800162 0 P 0
L 12.75399786 36.25000116 13.00799786 35.74200116 0 P 0
L 12.75399786 36.25000116 13.00799786 36.75800116 0 P 0
L 12.75399786 37.7500007 13.00799786 37.2420007 0 P 0
L 12.75399786 37.7500007 13.00799786 38.2580007 0 P 0
L 12.75399786 39.25000024 13.00799786 38.74200024 0 P 0
L 12.75399786 39.25000024 13.00799786 39.75800024 0 P 0
L 12.7540004 29.00000042 13.0080004 28.49200042 0 P 0
L 12.7540004 29.00000042 13.0080004 29.50800042 0 P 0
L 13.03027366 15.3669238 13.53827366 15.1129238 0 P 0
L 13.03027366 15.8749238 13.53827366 16.1289238 0 P 0
L 13.03200086 8.47600032 13.03200086 9.49200032 0 P 0
L 13.03200086 8.47600032 14.04800086 8.47600032 0 P 0
L 13.03200086 9.49200032 14.04800086 9.49200032 0 P 0
L 13.03200086 10.50800032 13.03200086 11.52400032 0 P 0
L 13.03200086 10.50800032 14.04800086 10.50800032 0 P 0
L 13.03200086 11.52400032 14.04800086 11.52400032 0 P 0
L 13.09999666 20.0459975 13.60799666 19.7919975 0 P 0
L 13.09999666 20.5539975 13.60799666 20.8079975 0 P 0
L 13.208 16.256 13.716 16.002 0 P 0
L 13.208 16.764 13.716 17.018 0 P 0
L 13.28427366 15.6209238 13.53827366 15.1129238 0 P 0
L 13.28427366 15.6209238 13.53827366 16.1289238 0 P 0
L 13.35399666 20.2999975 13.60799666 19.7919975 0 P 0
L 13.35399666 20.2999975 13.60799666 20.8079975 0 P 0
L 13.462 16.51 13.716 16.002 0 P 0
L 13.462 16.51 13.716 17.018 0 P 0
L 13.4919974 29.742003 13.7459974 30.250003 0 P 0
L 13.4919974 29.742003 13.9999974 29.996003 0 P 0
L 13.4919974 30.758003 13.7459974 30.250003 0 P 0
L 13.4919974 30.758003 13.9999974 30.504003 0 P 0
L 13.4919974 31.24200254 13.7459974 31.75000254 0 P 0
L 13.4919974 31.24200254 13.9999974 31.49600254 0 P 0
L 13.4919974 32.25800254 13.7459974 31.75000254 0 P 0
L 13.4919974 32.25800254 13.9999974 32.00400254 0 P 0
L 13.4919974 32.74200208 13.7459974 33.25000208 0 P 0
L 13.4919974 32.74200208 13.9999974 32.99600208 0 P 0
L 13.4919974 33.75800208 13.7459974 33.25000208 0 P 0
L 13.4919974 33.75800208 13.9999974 33.50400208 0 P 0
L 13.4919974 34.24200162 13.7459974 34.75000162 0 P 0
L 13.4919974 34.24200162 13.9999974 34.49600162 0 P 0
L 13.4919974 35.25800162 13.7459974 34.75000162 0 P 0
L 13.4919974 35.25800162 13.9999974 35.00400162 0 P 0
L 13.4919974 35.74200116 13.7459974 36.25000116 0 P 0
L 13.4919974 35.74200116 13.9999974 35.99600116 0 P 0
L 13.4919974 36.75800116 13.7459974 36.25000116 0 P 0
L 13.4919974 36.75800116 13.9999974 36.50400116 0 P 0
L 13.4919974 37.2420007 13.7459974 37.7500007 0 P 0
L 13.4919974 37.2420007 13.9999974 37.4960007 0 P 0
L 13.4919974 38.2580007 13.7459974 37.7500007 0 P 0
L 13.4919974 38.2580007 13.9999974 38.0040007 0 P 0
L 13.4919974 38.74200024 13.7459974 39.25000024 0 P 0
L 13.4919974 38.74200024 13.9999974 38.99600024 0 P 0
L 13.4919974 39.75800024 13.7459974 39.25000024 0 P 0
L 13.4919974 39.75800024 13.9999974 39.50400024 0 P 0
L 13.49199994 26.99200088 13.74599994 27.50000088 0 P 0
L 13.49199994 26.99200088 13.99999994 27.24600088 0 P 0
L 13.49199994 28.00800088 13.74599994 27.50000088 0 P 0
L 13.49199994 28.00800088 13.99999994 27.75400088 0 P 0
L 13.5919972 19.7919975 13.8459972 20.2999975 0 P 0
L 13.5919972 19.7919975 14.0999972 20.0459975 0 P 0
L 13.5919972 20.8079975 13.8459972 20.2999975 0 P 0
L 13.5919972 20.8079975 14.0999972 20.5539975 0 P 0
L 13.9999974 29.996003 14.5079974 29.742003 0 P 0
L 13.9999974 30.504003 14.5079974 30.758003 0 P 0
L 13.9999974 31.49600254 14.5079974 31.24200254 0 P 0
L 13.9999974 32.00400254 14.5079974 32.25800254 0 P 0
L 13.9999974 32.99600208 14.5079974 32.74200208 0 P 0
L 13.9999974 33.50400208 14.5079974 33.75800208 0 P 0
L 13.9999974 34.49600162 14.5079974 34.24200162 0 P 0
L 13.9999974 35.00400162 14.5079974 35.25800162 0 P 0
L 13.9999974 35.99600116 14.5079974 35.74200116 0 P 0
L 13.9999974 36.50400116 14.5079974 36.75800116 0 P 0
L 13.9999974 37.4960007 14.5079974 37.2420007 0 P 0
L 13.9999974 38.0040007 14.5079974 38.2580007 0 P 0
L 13.9999974 38.99600024 14.5079974 38.74200024 0 P 0
L 13.9999974 39.50400024 14.5079974 39.75800024 0 P 0
L 13.99999994 27.24600088 14.50799994 26.99200088 0 P 0
L 13.99999994 27.75400088 14.50799994 28.00800088 0 P 0
L 14.04800086 8.47600032 14.04800086 9.49200032 0 P 0
L 14.04800086 10.50800032 14.04800086 11.52400032 0 P 0
L 14.0999972 20.0459975 14.6079972 19.7919975 0 P 0
L 14.0999972 20.5539975 14.6079972 20.8079975 0 P 0
L 14.2539974 30.250003 14.5079974 29.742003 0 P 0
L 14.2539974 30.250003 14.5079974 30.758003 0 P 0
L 14.2539974 31.75000254 14.5079974 31.24200254 0 P 0
L 14.2539974 31.75000254 14.5079974 32.25800254 0 P 0
L 14.2539974 33.25000208 14.5079974 32.74200208 0 P 0
L 14.2539974 33.25000208 14.5079974 33.75800208 0 P 0
L 14.2539974 34.75000162 14.5079974 34.24200162 0 P 0
L 14.2539974 34.75000162 14.5079974 35.25800162 0 P 0
L 14.2539974 36.25000116 14.5079974 35.74200116 0 P 0
L 14.2539974 36.25000116 14.5079974 36.75800116 0 P 0
L 14.2539974 37.7500007 14.5079974 37.2420007 0 P 0
L 14.2539974 37.7500007 14.5079974 38.2580007 0 P 0
L 14.2539974 39.25000024 14.5079974 38.74200024 0 P 0
L 14.2539974 39.25000024 14.5079974 39.75800024 0 P 0
L 14.25399994 27.50000088 14.50799994 26.99200088 0 P 0
L 14.25399994 27.50000088 14.50799994 28.00800088 0 P 0
L 14.3539972 20.2999975 14.6079972 19.7919975 0 P 0
L 14.3539972 20.2999975 14.6079972 20.8079975 0 P 0
L 14.99199694 28.24200346 15.24599694 28.75000346 0 P 0
L 14.99199694 28.24200346 15.49999694 28.49600346 0 P 0
L 14.99199694 29.25800346 15.24599694 28.75000346 0 P 0
L 14.99199694 29.25800346 15.49999694 29.00400346 0 P 0
L 14.99199694 29.742003 15.24599694 30.250003 0 P 0
L 14.99199694 29.742003 15.49999694 29.996003 0 P 0
L 14.99199694 30.758003 15.24599694 30.250003 0 P 0
L 14.99199694 30.758003 15.49999694 30.504003 0 P 0
L 14.99199694 31.24200254 15.24599694 31.75000254 0 P 0
L 14.99199694 31.24200254 15.49999694 31.49600254 0 P 0
L 14.99199694 32.25800254 15.24599694 31.75000254 0 P 0
L 14.99199694 32.25800254 15.49999694 32.00400254 0 P 0
L 14.99199694 32.74200208 15.24599694 33.25000208 0 P 0
L 14.99199694 32.74200208 15.49999694 32.99600208 0 P 0
L 14.99199694 33.75800208 15.24599694 33.25000208 0 P 0
L 14.99199694 33.75800208 15.49999694 33.50400208 0 P 0
L 14.99199694 34.24200162 15.24599694 34.75000162 0 P 0
L 14.99199694 34.24200162 15.49999694 34.49600162 0 P 0
L 14.99199694 35.25800162 15.24599694 34.75000162 0 P 0
L 14.99199694 35.25800162 15.49999694 35.00400162 0 P 0
L 14.99199694 35.74200116 15.24599694 36.25000116 0 P 0
L 14.99199694 35.74200116 15.49999694 35.99600116 0 P 0
L 14.99199694 36.75800116 15.24599694 36.25000116 0 P 0
L 14.99199694 36.75800116 15.49999694 36.50400116 0 P 0
L 14.99199694 37.2420007 15.24599694 37.7500007 0 P 0
L 14.99199694 37.2420007 15.49999694 37.4960007 0 P 0
L 14.99199694 38.2580007 15.24599694 37.7500007 0 P 0
L 14.99199694 38.2580007 15.49999694 38.0040007 0 P 0
L 14.99199694 38.74200024 15.24599694 39.25000024 0 P 0
L 14.99199694 38.74200024 15.49999694 38.99600024 0 P 0
L 14.99199694 39.75800024 15.24599694 39.25000024 0 P 0
L 14.99199694 39.75800024 15.49999694 39.50400024 0 P 0
L 14.99199948 25.4919988 15.24599948 25.9999988 0 P 0
L 14.99199948 25.4919988 15.49999948 25.7459988 0 P 0
L 14.99199948 26.5079988 15.24599948 25.9999988 0 P 0
L 14.99199948 26.5079988 15.49999948 26.2539988 0 P 0
L 15.49999694 28.49600346 16.00799694 28.24200346 0 P 0
L 15.49999694 29.00400346 16.00799694 29.25800346 0 P 0
L 15.49999694 29.996003 16.00799694 29.742003 0 P 0
L 15.49999694 30.504003 16.00799694 30.758003 0 P 0
L 15.49999694 31.49600254 16.00799694 31.24200254 0 P 0
L 15.49999694 32.00400254 16.00799694 32.25800254 0 P 0
L 15.49999694 32.99600208 16.00799694 32.74200208 0 P 0
L 15.49999694 33.50400208 16.00799694 33.75800208 0 P 0
L 15.49999694 34.49600162 16.00799694 34.24200162 0 P 0
L 15.49999694 35.00400162 16.00799694 35.25800162 0 P 0
L 15.49999694 35.99600116 16.00799694 35.74200116 0 P 0
L 15.49999694 36.50400116 16.00799694 36.75800116 0 P 0
L 15.49999694 37.4960007 16.00799694 37.2420007 0 P 0
L 15.49999694 38.0040007 16.00799694 38.2580007 0 P 0
L 15.49999694 38.99600024 16.00799694 38.74200024 0 P 0
L 15.49999694 39.50400024 16.00799694 39.75800024 0 P 0
L 15.49999948 25.7459988 16.00799948 25.4919988 0 P 0
L 15.49999948 26.2539988 16.00799948 26.5079988 0 P 0
L 15.5448 16.2306 15.7988 16.7386 0 P 0
L 15.5448 16.2306 16.0528 16.4846 0 P 0
L 15.5448 17.2466 15.7988 16.7386 0 P 0
L 15.5448 17.2466 16.0528 16.9926 0 P 0
L 15.75220116 17.4752 16.00620116 17.9832 0 P 0
L 15.75220116 17.4752 16.26020116 17.7292 0 P 0
L 15.75220116 18.4912 16.00620116 17.9832 0 P 0
L 15.75220116 18.4912 16.26020116 18.2372 0 P 0
L 15.75399694 28.75000346 16.00799694 28.24200346 0 P 0
L 15.75399694 28.75000346 16.00799694 29.25800346 0 P 0
L 15.75399694 30.250003 16.00799694 29.742003 0 P 0
L 15.75399694 30.250003 16.00799694 30.758003 0 P 0
L 15.75399694 31.75000254 16.00799694 31.24200254 0 P 0
L 15.75399694 31.75000254 16.00799694 32.25800254 0 P 0
L 15.75399694 33.25000208 16.00799694 32.74200208 0 P 0
L 15.75399694 33.25000208 16.00799694 33.75800208 0 P 0
L 15.75399694 34.75000162 16.00799694 34.24200162 0 P 0
L 15.75399694 34.75000162 16.00799694 35.25800162 0 P 0
L 15.75399694 36.25000116 16.00799694 35.74200116 0 P 0
L 15.75399694 36.25000116 16.00799694 36.75800116 0 P 0
L 15.75399694 37.7500007 16.00799694 37.2420007 0 P 0
L 15.75399694 37.7500007 16.00799694 38.2580007 0 P 0
L 15.75399694 39.25000024 16.00799694 38.74200024 0 P 0
L 15.75399694 39.25000024 16.00799694 39.75800024 0 P 0
L 15.75399948 25.9999988 16.00799948 25.4919988 0 P 0
L 15.75399948 25.9999988 16.00799948 26.5079988 0 P 0
L 16.0528 16.4846 16.5608 16.2306 0 P 0
L 16.0528 16.9926 16.5608 17.2466 0 P 0
L 16.26020116 17.7292 16.76820116 17.4752 0 P 0
L 16.26020116 18.2372 16.76820116 18.4912 0 P 0
L 16.3068 16.7386 16.5608 16.2306 0 P 0
L 16.3068 16.7386 16.5608 17.2466 0 P 0
L 16.49199648 26.74200392 16.74599648 27.25000392 0 P 0
L 16.49199648 26.74200392 16.99999648 26.99600392 0 P 0
L 16.49199648 27.75800392 16.74599648 27.25000392 0 P 0
L 16.49199648 27.75800392 16.99999648 27.50400392 0 P 0
L 16.49199648 28.24200346 16.74599648 28.75000346 0 P 0
L 16.49199648 28.24200346 16.99999648 28.49600346 0 P 0
L 16.49199648 29.25800346 16.74599648 28.75000346 0 P 0
L 16.49199648 29.25800346 16.99999648 29.00400346 0 P 0
L 16.49199648 29.742003 16.74599648 30.250003 0 P 0
L 16.49199648 29.742003 16.99999648 29.996003 0 P 0
L 16.49199648 30.758003 16.74599648 30.250003 0 P 0
L 16.49199648 30.758003 16.99999648 30.504003 0 P 0
L 16.49199648 31.24200254 16.74599648 31.75000254 0 P 0
L 16.49199648 31.24200254 16.99999648 31.49600254 0 P 0
L 16.49199648 32.25800254 16.74599648 31.75000254 0 P 0
L 16.49199648 32.25800254 16.99999648 32.00400254 0 P 0
L 16.49199648 32.74200208 16.74599648 33.25000208 0 P 0
L 16.49199648 32.74200208 16.99999648 32.99600208 0 P 0
L 16.49199648 33.75800208 16.74599648 33.25000208 0 P 0
L 16.49199648 33.75800208 16.99999648 33.50400208 0 P 0
L 16.49199648 34.24200162 16.74599648 34.75000162 0 P 0
L 16.49199648 34.24200162 16.99999648 34.49600162 0 P 0
L 16.49199648 35.25800162 16.74599648 34.75000162 0 P 0
L 16.49199648 35.25800162 16.99999648 35.00400162 0 P 0
L 16.49199648 35.74200116 16.74599648 36.25000116 0 P 0
L 16.49199648 35.74200116 16.99999648 35.99600116 0 P 0
L 16.49199648 36.75800116 16.74599648 36.25000116 0 P 0
L 16.49199648 36.75800116 16.99999648 36.50400116 0 P 0
L 16.49199648 37.2420007 16.74599648 37.7500007 0 P 0
L 16.49199648 37.2420007 16.99999648 37.4960007 0 P 0
L 16.49199648 38.2580007 16.74599648 37.7500007 0 P 0
L 16.49199648 38.2580007 16.99999648 38.0040007 0 P 0
L 16.49199648 38.74200024 16.74599648 39.25000024 0 P 0
L 16.49199648 38.74200024 16.99999648 38.99600024 0 P 0
L 16.49199648 39.75800024 16.74599648 39.25000024 0 P 0
L 16.49199648 39.75800024 16.99999648 39.50400024 0 P 0
L 16.51420116 17.9832 16.76820116 17.4752 0 P 0
L 16.51420116 17.9832 16.76820116 18.4912 0 P 0
L 16.99999648 26.99600392 17.50799648 26.74200392 0 P 0
L 16.99999648 27.50400392 17.50799648 27.75800392 0 P 0
L 16.99999648 28.49600346 17.50799648 28.24200346 0 P 0
L 16.99999648 29.00400346 17.50799648 29.25800346 0 P 0
L 16.99999648 29.996003 17.50799648 29.742003 0 P 0
L 16.99999648 30.504003 17.50799648 30.758003 0 P 0
L 16.99999648 31.49600254 17.50799648 31.24200254 0 P 0
L 16.99999648 32.00400254 17.50799648 32.25800254 0 P 0
L 16.99999648 32.99600208 17.50799648 32.74200208 0 P 0
L 16.99999648 33.50400208 17.50799648 33.75800208 0 P 0
L 16.99999648 34.49600162 17.50799648 34.24200162 0 P 0
L 16.99999648 35.00400162 17.50799648 35.25800162 0 P 0
L 16.99999648 35.99600116 17.50799648 35.74200116 0 P 0
L 16.99999648 36.50400116 17.50799648 36.75800116 0 P 0
L 16.99999648 37.4960007 17.50799648 37.2420007 0 P 0
L 16.99999648 38.0040007 17.50799648 38.2580007 0 P 0
L 16.99999648 38.99600024 17.50799648 38.74200024 0 P 0
L 16.99999648 39.50400024 17.50799648 39.75800024 0 P 0
L 17.0942 15.8242 17.3482 16.3322 0 P 0
L 17.0942 15.8242 17.6022 16.0782 0 P 0
L 17.0942 16.8402 17.3482 16.3322 0 P 0
L 17.0942 16.8402 17.6022 16.5862 0 P 0
L 17.25399648 27.25000392 17.50799648 26.74200392 0 P 0
L 17.25399648 27.25000392 17.50799648 27.75800392 0 P 0
L 17.25399648 28.75000346 17.50799648 28.24200346 0 P 0
L 17.25399648 28.75000346 17.50799648 29.25800346 0 P 0
L 17.25399648 30.250003 17.50799648 29.742003 0 P 0
L 17.25399648 30.250003 17.50799648 30.758003 0 P 0
L 17.25399648 31.75000254 17.50799648 31.24200254 0 P 0
L 17.25399648 31.75000254 17.50799648 32.25800254 0 P 0
L 17.25399648 33.25000208 17.50799648 32.74200208 0 P 0
L 17.25399648 33.25000208 17.50799648 33.75800208 0 P 0
L 17.25399648 34.75000162 17.50799648 34.24200162 0 P 0
L 17.25399648 34.75000162 17.50799648 35.25800162 0 P 0
L 17.25399648 36.25000116 17.50799648 35.74200116 0 P 0
L 17.25399648 36.25000116 17.50799648 36.75800116 0 P 0
L 17.25399648 37.7500007 17.50799648 37.2420007 0 P 0
L 17.25399648 37.7500007 17.50799648 38.2580007 0 P 0
L 17.25399648 39.25000024 17.50799648 38.74200024 0 P 0
L 17.25399648 39.25000024 17.50799648 39.75800024 0 P 0
L 17.49199956 20.74200068 17.74599956 21.25000068 0 P 0
L 17.49199956 20.74200068 17.99999956 20.99600068 0 P 0
L 17.49199956 21.75800068 17.74599956 21.25000068 0 P 0
L 17.49199956 21.75800068 17.99999956 21.50400068 0 P 0
L 17.6022 16.0782 18.1102 15.8242 0 P 0
L 17.6022 16.5862 18.1102 16.8402 0 P 0
L 17.8562 16.3322 18.1102 15.8242 0 P 0
L 17.8562 16.3322 18.1102 16.8402 0 P 0
L 17.99199602 22.2420053 18.24599602 22.7500053 0 P 0
L 17.99199602 22.2420053 18.49999602 22.4960053 0 P 0
L 17.99199602 23.2580053 18.24599602 22.7500053 0 P 0
L 17.99199602 23.2580053 18.49999602 23.0040053 0 P 0
L 17.99199602 23.74200484 18.24599602 24.25000484 0 P 0
L 17.99199602 23.74200484 18.49999602 23.99600484 0 P 0
L 17.99199602 24.75800484 18.24599602 24.25000484 0 P 0
L 17.99199602 24.75800484 18.49999602 24.50400484 0 P 0
L 17.99199602 25.24200438 18.24599602 25.75000438 0 P 0
L 17.99199602 25.24200438 18.49999602 25.49600438 0 P 0
L 17.99199602 26.25800438 18.24599602 25.75000438 0 P 0
L 17.99199602 26.25800438 18.49999602 26.00400438 0 P 0
L 17.99199602 26.74200392 18.24599602 27.25000392 0 P 0
L 17.99199602 26.74200392 18.49999602 26.99600392 0 P 0
L 17.99199602 27.75800392 18.24599602 27.25000392 0 P 0
L 17.99199602 27.75800392 18.49999602 27.50400392 0 P 0
L 17.99199602 28.24200346 18.24599602 28.75000346 0 P 0
L 17.99199602 28.24200346 18.49999602 28.49600346 0 P 0
L 17.99199602 29.25800346 18.24599602 28.75000346 0 P 0
L 17.99199602 29.25800346 18.49999602 29.00400346 0 P 0
L 17.99199602 29.742003 18.24599602 30.250003 0 P 0
L 17.99199602 29.742003 18.49999602 29.996003 0 P 0
L 17.99199602 30.758003 18.24599602 30.250003 0 P 0
L 17.99199602 30.758003 18.49999602 30.504003 0 P 0
L 17.99199602 31.24200254 18.24599602 31.75000254 0 P 0
L 17.99199602 31.24200254 18.49999602 31.49600254 0 P 0
L 17.99199602 32.25800254 18.24599602 31.75000254 0 P 0
L 17.99199602 32.25800254 18.49999602 32.00400254 0 P 0
L 17.99199602 32.74200208 18.24599602 33.25000208 0 P 0
L 17.99199602 32.74200208 18.49999602 32.99600208 0 P 0
L 17.99199602 33.75800208 18.24599602 33.25000208 0 P 0
L 17.99199602 33.75800208 18.49999602 33.50400208 0 P 0
L 17.99199602 34.24200162 18.24599602 34.75000162 0 P 0
L 17.99199602 34.24200162 18.49999602 34.49600162 0 P 0
L 17.99199602 35.25800162 18.24599602 34.75000162 0 P 0
L 17.99199602 35.25800162 18.49999602 35.00400162 0 P 0
L 17.99199602 35.74200116 18.24599602 36.25000116 0 P 0
L 17.99199602 35.74200116 18.49999602 35.99600116 0 P 0
L 17.99199602 36.75800116 18.24599602 36.25000116 0 P 0
L 17.99199602 36.75800116 18.49999602 36.50400116 0 P 0
L 17.99199602 37.2420007 18.24599602 37.7500007 0 P 0
L 17.99199602 37.2420007 18.49999602 37.4960007 0 P 0
L 17.99199602 38.2580007 18.24599602 37.7500007 0 P 0
L 17.99199602 38.2580007 18.49999602 38.0040007 0 P 0
L 17.99199602 38.74200024 18.24599602 39.25000024 0 P 0
L 17.99199602 38.74200024 18.49999602 38.99600024 0 P 0
L 17.99199602 39.75800024 18.24599602 39.25000024 0 P 0
L 17.99199602 39.75800024 18.49999602 39.50400024 0 P 0
L 17.9920011 10.50800032 18.5000011 9.49200032 0 P 0
L 17.9920011 10.50800032 19.0080011 10.50800032 0 P 0
L 17.99999956 20.99600068 18.50799956 20.74200068 0 P 0
L 17.99999956 21.50400068 18.50799956 21.75800068 0 P 0
L 18.25399956 21.25000068 18.50799956 20.74200068 0 P 0
L 18.25399956 21.25000068 18.50799956 21.75800068 0 P 0
L 18.4912 17.4752 18.7452 17.9832 0 P 0
L 18.4912 17.4752 18.9992 17.7292 0 P 0
L 18.4912 18.4912 18.7452 17.9832 0 P 0
L 18.4912 18.4912 18.9992 18.2372 0 P 0
L 18.49199502 19.7919975 18.74599502 20.2999975 0 P 0
L 18.49199502 19.7919975 18.99999502 20.0459975 0 P 0
L 18.49199502 20.8079975 18.74599502 20.2999975 0 P 0
L 18.49199502 20.8079975 18.99999502 20.5539975 0 P 0
L 18.49999602 22.4960053 19.00799602 22.2420053 0 P 0
L 18.49999602 23.0040053 19.00799602 23.2580053 0 P 0
L 18.49999602 23.99600484 19.00799602 23.74200484 0 P 0
L 18.49999602 24.50400484 19.00799602 24.75800484 0 P 0
L 18.49999602 25.49600438 19.00799602 25.24200438 0 P 0
L 18.49999602 26.00400438 19.00799602 26.25800438 0 P 0
L 18.49999602 26.99600392 19.00799602 26.74200392 0 P 0
L 18.49999602 27.50400392 19.00799602 27.75800392 0 P 0
L 18.49999602 28.49600346 19.00799602 28.24200346 0 P 0
L 18.49999602 29.00400346 19.00799602 29.25800346 0 P 0
L 18.49999602 29.996003 19.00799602 29.742003 0 P 0
L 18.49999602 30.504003 19.00799602 30.758003 0 P 0
L 18.49999602 31.49600254 19.00799602 31.24200254 0 P 0
L 18.49999602 32.00400254 19.00799602 32.25800254 0 P 0
L 18.49999602 32.99600208 19.00799602 32.74200208 0 P 0
L 18.49999602 33.50400208 19.00799602 33.75800208 0 P 0
L 18.49999602 34.49600162 19.00799602 34.24200162 0 P 0
L 18.49999602 35.00400162 19.00799602 35.25800162 0 P 0
L 18.49999602 35.99600116 19.00799602 35.74200116 0 P 0
L 18.49999602 36.50400116 19.00799602 36.75800116 0 P 0
L 18.49999602 37.4960007 19.00799602 37.2420007 0 P 0
L 18.49999602 38.0040007 19.00799602 38.2580007 0 P 0
L 18.49999602 38.99600024 19.00799602 38.74200024 0 P 0
L 18.49999602 39.50400024 19.00799602 39.75800024 0 P 0
L 18.5000011 9.49200032 19.0080011 10.50800032 0 P 0
L 18.75399602 22.7500053 19.00799602 22.2420053 0 P 0
L 18.75399602 22.7500053 19.00799602 23.2580053 0 P 0
L 18.75399602 24.25000484 19.00799602 23.74200484 0 P 0
L 18.75399602 24.25000484 19.00799602 24.75800484 0 P 0
L 18.75399602 25.75000438 19.00799602 25.24200438 0 P 0
L 18.75399602 25.75000438 19.00799602 26.25800438 0 P 0
L 18.75399602 27.25000392 19.00799602 26.74200392 0 P 0
L 18.75399602 27.25000392 19.00799602 27.75800392 0 P 0
L 18.75399602 28.75000346 19.00799602 28.24200346 0 P 0
L 18.75399602 28.75000346 19.00799602 29.25800346 0 P 0
L 18.75399602 30.250003 19.00799602 29.742003 0 P 0
L 18.75399602 30.250003 19.00799602 30.758003 0 P 0
L 18.75399602 31.75000254 19.00799602 31.24200254 0 P 0
L 18.75399602 31.75000254 19.00799602 32.25800254 0 P 0
L 18.75399602 33.25000208 19.00799602 32.74200208 0 P 0
L 18.75399602 33.25000208 19.00799602 33.75800208 0 P 0
L 18.75399602 34.75000162 19.00799602 34.24200162 0 P 0
L 18.75399602 34.75000162 19.00799602 35.25800162 0 P 0
L 18.75399602 36.25000116 19.00799602 35.74200116 0 P 0
L 18.75399602 36.25000116 19.00799602 36.75800116 0 P 0
L 18.75399602 37.7500007 19.00799602 37.2420007 0 P 0
L 18.75399602 37.7500007 19.00799602 38.2580007 0 P 0
L 18.75399602 39.25000024 19.00799602 38.74200024 0 P 0
L 18.75399602 39.25000024 19.00799602 39.75800024 0 P 0
L 18.9992 17.7292 19.5072 17.4752 0 P 0
L 18.9992 18.2372 19.5072 18.4912 0 P 0
L 18.99999502 20.0459975 19.50799502 19.7919975 0 P 0
L 18.99999502 20.5539975 19.50799502 20.8079975 0 P 0
L 19.2532 17.9832 19.5072 17.4752 0 P 0
L 19.2532 17.9832 19.5072 18.4912 0 P 0
L 19.25399502 20.2999975 19.50799502 19.7919975 0 P 0
L 19.25399502 20.2999975 19.50799502 20.8079975 0 P 0
L 19.49120054 17.4752 19.74520054 17.9832 0 P 0
L 19.49120054 17.4752 19.99920054 17.7292 0 P 0
L 19.49120054 18.4912 19.74520054 17.9832 0 P 0
L 19.49120054 18.4912 19.99920054 18.2372 0 P 0
L 19.49199556 19.7919975 19.74599556 20.2999975 0 P 0
L 19.49199556 19.7919975 19.99999556 20.0459975 0 P 0
L 19.49199556 20.8079975 19.74599556 20.2999975 0 P 0
L 19.49199556 20.8079975 19.99999556 20.5539975 0 P 0
L 19.49199556 22.2420053 19.74599556 22.7500053 0 P 0
L 19.49199556 22.2420053 19.99999556 22.4960053 0 P 0
L 19.49199556 23.2580053 19.74599556 22.7500053 0 P 0
L 19.49199556 23.2580053 19.99999556 23.0040053 0 P 0
L 19.49199556 23.74200484 19.74599556 24.25000484 0 P 0
L 19.49199556 23.74200484 19.99999556 23.99600484 0 P 0
L 19.49199556 24.75800484 19.74599556 24.25000484 0 P 0
L 19.49199556 24.75800484 19.99999556 24.50400484 0 P 0
L 19.49199556 25.24200438 19.74599556 25.75000438 0 P 0
L 19.49199556 25.24200438 19.99999556 25.49600438 0 P 0
L 19.49199556 26.25800438 19.74599556 25.75000438 0 P 0
L 19.49199556 26.25800438 19.99999556 26.00400438 0 P 0
L 19.49199556 26.74200392 19.74599556 27.25000392 0 P 0
L 19.49199556 26.74200392 19.99999556 26.99600392 0 P 0
L 19.49199556 27.75800392 19.74599556 27.25000392 0 P 0
L 19.49199556 27.75800392 19.99999556 27.50400392 0 P 0
L 19.49199556 28.24200346 19.74599556 28.75000346 0 P 0
L 19.49199556 28.24200346 19.99999556 28.49600346 0 P 0
L 19.49199556 29.25800346 19.74599556 28.75000346 0 P 0
L 19.49199556 29.25800346 19.99999556 29.00400346 0 P 0
L 19.49199556 29.742003 19.74599556 30.250003 0 P 0
L 19.49199556 29.742003 19.99999556 29.996003 0 P 0
L 19.49199556 30.758003 19.74599556 30.250003 0 P 0
L 19.49199556 30.758003 19.99999556 30.504003 0 P 0
L 19.49199556 31.24200254 19.74599556 31.75000254 0 P 0
L 19.49199556 31.24200254 19.99999556 31.49600254 0 P 0
L 19.49199556 32.25800254 19.74599556 31.75000254 0 P 0
L 19.49199556 32.25800254 19.99999556 32.00400254 0 P 0
L 19.49199556 32.74200208 19.74599556 33.25000208 0 P 0
L 19.49199556 32.74200208 19.99999556 32.99600208 0 P 0
L 19.49199556 33.75800208 19.74599556 33.25000208 0 P 0
L 19.49199556 33.75800208 19.99999556 33.50400208 0 P 0
L 19.49199556 34.24200162 19.74599556 34.75000162 0 P 0
L 19.49199556 34.24200162 19.99999556 34.49600162 0 P 0
L 19.49199556 35.25800162 19.74599556 34.75000162 0 P 0
L 19.49199556 35.25800162 19.99999556 35.00400162 0 P 0
L 19.49199556 35.74200116 19.74599556 36.25000116 0 P 0
L 19.49199556 35.74200116 19.99999556 35.99600116 0 P 0
L 19.49199556 36.75800116 19.74599556 36.25000116 0 P 0
L 19.49199556 36.75800116 19.99999556 36.50400116 0 P 0
L 19.49199556 37.2420007 19.74599556 37.7500007 0 P 0
L 19.49199556 37.2420007 19.99999556 37.4960007 0 P 0
L 19.49199556 38.2580007 19.74599556 37.7500007 0 P 0
L 19.49199556 38.2580007 19.99999556 38.0040007 0 P 0
L 19.49199556 38.74200024 19.74599556 39.25000024 0 P 0
L 19.49199556 38.74200024 19.99999556 38.99600024 0 P 0
L 19.49199556 39.75800024 19.74599556 39.25000024 0 P 0
L 19.49199556 39.75800024 19.99999556 39.50400024 0 P 0
L 19.99920054 17.7292 20.50720054 17.4752 0 P 0
L 19.99920054 18.2372 20.50720054 18.4912 0 P 0
L 19.99999556 20.0459975 20.50799556 19.7919975 0 P 0
L 19.99999556 20.5539975 20.50799556 20.8079975 0 P 0
L 19.99999556 22.4960053 20.50799556 22.2420053 0 P 0
L 19.99999556 23.0040053 20.50799556 23.2580053 0 P 0
L 19.99999556 23.99600484 20.50799556 23.74200484 0 P 0
L 19.99999556 24.50400484 20.50799556 24.75800484 0 P 0
L 19.99999556 25.49600438 20.50799556 25.24200438 0 P 0
L 19.99999556 26.00400438 20.50799556 26.25800438 0 P 0
L 19.99999556 26.99600392 20.50799556 26.74200392 0 P 0
L 19.99999556 27.50400392 20.50799556 27.75800392 0 P 0
L 19.99999556 28.49600346 20.50799556 28.24200346 0 P 0
L 19.99999556 29.00400346 20.50799556 29.25800346 0 P 0
L 19.99999556 29.996003 20.50799556 29.742003 0 P 0
L 19.99999556 30.504003 20.50799556 30.758003 0 P 0
L 19.99999556 31.49600254 20.50799556 31.24200254 0 P 0
L 19.99999556 32.00400254 20.50799556 32.25800254 0 P 0
L 19.99999556 32.99600208 20.50799556 32.74200208 0 P 0
L 19.99999556 33.50400208 20.50799556 33.75800208 0 P 0
L 19.99999556 34.49600162 20.50799556 34.24200162 0 P 0
L 19.99999556 35.00400162 20.50799556 35.25800162 0 P 0
L 19.99999556 35.99600116 20.50799556 35.74200116 0 P 0
L 19.99999556 36.50400116 20.50799556 36.75800116 0 P 0
L 19.99999556 37.4960007 20.50799556 37.2420007 0 P 0
L 19.99999556 38.0040007 20.50799556 38.2580007 0 P 0
L 19.99999556 38.99600024 20.50799556 38.74200024 0 P 0
L 19.99999556 39.50400024 20.50799556 39.75800024 0 P 0
L 20.25320054 17.9832 20.50720054 17.4752 0 P 0
L 20.25320054 17.9832 20.50720054 18.4912 0 P 0
L 20.25399556 20.2999975 20.50799556 19.7919975 0 P 0
L 20.25399556 20.2999975 20.50799556 20.8079975 0 P 0
L 20.25399556 22.7500053 20.50799556 22.2420053 0 P 0
L 20.25399556 22.7500053 20.50799556 23.2580053 0 P 0
L 20.25399556 24.25000484 20.50799556 23.74200484 0 P 0
L 20.25399556 24.25000484 20.50799556 24.75800484 0 P 0
L 20.25399556 25.75000438 20.50799556 25.24200438 0 P 0
L 20.25399556 25.75000438 20.50799556 26.25800438 0 P 0
L 20.25399556 27.25000392 20.50799556 26.74200392 0 P 0
L 20.25399556 27.25000392 20.50799556 27.75800392 0 P 0
L 20.25399556 28.75000346 20.50799556 28.24200346 0 P 0
L 20.25399556 28.75000346 20.50799556 29.25800346 0 P 0
L 20.25399556 30.250003 20.50799556 29.742003 0 P 0
L 20.25399556 30.250003 20.50799556 30.758003 0 P 0
L 20.25399556 31.75000254 20.50799556 31.24200254 0 P 0
L 20.25399556 31.75000254 20.50799556 32.25800254 0 P 0
L 20.25399556 33.25000208 20.50799556 32.74200208 0 P 0
L 20.25399556 33.25000208 20.50799556 33.75800208 0 P 0
L 20.25399556 34.75000162 20.50799556 34.24200162 0 P 0
L 20.25399556 34.75000162 20.50799556 35.25800162 0 P 0
L 20.25399556 36.25000116 20.50799556 35.74200116 0 P 0
L 20.25399556 36.25000116 20.50799556 36.75800116 0 P 0
L 20.25399556 37.7500007 20.50799556 37.2420007 0 P 0
L 20.25399556 37.7500007 20.50799556 38.2580007 0 P 0
L 20.25399556 39.25000024 20.50799556 38.74200024 0 P 0
L 20.25399556 39.25000024 20.50799556 39.75800024 0 P 0
L 20.74200068 20.74200068 20.99600068 21.25000068 0 P 0
L 20.74200068 20.74200068 21.25000068 20.99600068 0 P 0
L 20.74200068 21.75800068 20.99600068 21.25000068 0 P 0
L 20.74200068 21.75800068 21.25000068 21.50400068 0 P 0
L 20.74200068 22.24200022 20.99600068 22.75000022 0 P 0
L 20.74200068 22.24200022 21.25000068 22.49600022 0 P 0
L 20.74200068 23.25800022 20.99600068 22.75000022 0 P 0
L 20.74200068 23.25800022 21.25000068 23.00400022 0 P 0
L 20.74200068 23.74199976 20.99600068 24.24999976 0 P 0
L 20.74200068 23.74199976 21.25000068 23.99599976 0 P 0
L 20.74200068 24.75799976 20.99600068 24.24999976 0 P 0
L 20.74200068 24.75799976 21.25000068 24.50399976 0 P 0
L 20.74200068 25.2419993 20.99600068 25.7499993 0 P 0
L 20.74200068 25.2419993 21.25000068 25.4959993 0 P 0
L 20.74200068 26.2579993 20.99600068 25.7499993 0 P 0
L 20.74200068 26.2579993 21.25000068 26.0039993 0 P 0
L 20.74200068 26.74199884 20.99600068 27.24999884 0 P 0
L 20.74200068 26.74199884 21.25000068 26.99599884 0 P 0
L 20.74200068 27.75799884 20.99600068 27.24999884 0 P 0
L 20.74200068 27.75799884 21.25000068 27.50399884 0 P 0
L 20.74200068 28.24200092 20.99600068 28.75000092 0 P 0
L 20.74200068 28.24200092 21.25000068 28.49600092 0 P 0
L 20.74200068 29.25800092 20.99600068 28.75000092 0 P 0
L 20.74200068 29.25800092 21.25000068 29.00400092 0 P 0
L 20.74200068 29.74200046 20.99600068 30.25000046 0 P 0
L 20.74200068 29.74200046 21.25000068 29.99600046 0 P 0
L 20.74200068 30.75800046 20.99600068 30.25000046 0 P 0
L 20.74200068 30.75800046 21.25000068 30.50400046 0 P 0
L 20.74200068 31.242 20.99600068 31.75 0 P 0
L 20.74200068 31.242 21.25000068 31.496 0 P 0
L 20.74200068 32.258 20.99600068 31.75 0 P 0
L 20.74200068 32.258 21.25000068 32.004 0 P 0
L 20.74200068 32.74199954 20.99600068 33.24999954 0 P 0
L 20.74200068 32.74199954 21.25000068 32.99599954 0 P 0
L 20.74200068 33.75799954 20.99600068 33.24999954 0 P 0
L 20.74200068 33.75799954 21.25000068 33.50399954 0 P 0
L 20.74200068 34.24199908 20.99600068 34.74999908 0 P 0
L 20.74200068 34.24199908 21.25000068 34.49599908 0 P 0
L 20.74200068 35.25799908 20.99600068 34.74999908 0 P 0
L 20.74200068 35.25799908 21.25000068 35.00399908 0 P 0
L 20.74200068 35.74200116 20.99600068 36.25000116 0 P 0
L 20.74200068 35.74200116 21.25000068 35.99600116 0 P 0
L 20.74200068 36.75800116 20.99600068 36.25000116 0 P 0
L 20.74200068 36.75800116 21.25000068 36.50400116 0 P 0
L 20.74200068 37.2420007 20.99600068 37.7500007 0 P 0
L 20.74200068 37.2420007 21.25000068 37.4960007 0 P 0
L 20.74200068 38.2580007 20.99600068 37.7500007 0 P 0
L 20.74200068 38.2580007 21.25000068 38.0040007 0 P 0
L 20.74200068 38.74200024 20.99600068 39.25000024 0 P 0
L 20.74200068 38.74200024 21.25000068 38.99600024 0 P 0
L 20.74200068 39.75800024 20.99600068 39.25000024 0 P 0
L 20.74200068 39.75800024 21.25000068 39.50400024 0 P 0
L 21.25000068 20.99600068 21.75800068 20.74200068 0 P 0
L 21.25000068 21.50400068 21.75800068 21.75800068 0 P 0
L 21.25000068 22.49600022 21.75800068 22.24200022 0 P 0
L 21.25000068 23.00400022 21.75800068 23.25800022 0 P 0
L 21.25000068 23.99599976 21.75800068 23.74199976 0 P 0
L 21.25000068 24.50399976 21.75800068 24.75799976 0 P 0
L 21.25000068 25.4959993 21.75800068 25.2419993 0 P 0
L 21.25000068 26.0039993 21.75800068 26.2579993 0 P 0
L 21.25000068 26.99599884 21.75800068 26.74199884 0 P 0
L 21.25000068 27.50399884 21.75800068 27.75799884 0 P 0
L 21.25000068 28.49600092 21.75800068 28.24200092 0 P 0
L 21.25000068 29.00400092 21.75800068 29.25800092 0 P 0
L 21.25000068 29.99600046 21.75800068 29.74200046 0 P 0
L 21.25000068 30.50400046 21.75800068 30.75800046 0 P 0
L 21.25000068 31.496 21.75800068 31.242 0 P 0
L 21.25000068 32.004 21.75800068 32.258 0 P 0
L 21.25000068 32.99599954 21.75800068 32.74199954 0 P 0
L 21.25000068 33.50399954 21.75800068 33.75799954 0 P 0
L 21.25000068 34.49599908 21.75800068 34.24199908 0 P 0
L 21.25000068 35.00399908 21.75800068 35.25799908 0 P 0
L 21.25000068 35.99600116 21.75800068 35.74200116 0 P 0
L 21.25000068 36.50400116 21.75800068 36.75800116 0 P 0
L 21.25000068 37.4960007 21.75800068 37.2420007 0 P 0
L 21.25000068 38.0040007 21.75800068 38.2580007 0 P 0
L 21.25000068 38.99600024 21.75800068 38.74200024 0 P 0
L 21.25000068 39.50400024 21.75800068 39.75800024 0 P 0
L 21.50400068 21.25000068 21.75800068 20.74200068 0 P 0
L 21.50400068 21.25000068 21.75800068 21.75800068 0 P 0
L 21.50400068 22.75000022 21.75800068 22.24200022 0 P 0
L 21.50400068 22.75000022 21.75800068 23.25800022 0 P 0
L 21.50400068 24.24999976 21.75800068 23.74199976 0 P 0
L 21.50400068 24.24999976 21.75800068 24.75799976 0 P 0
L 21.50400068 25.7499993 21.75800068 25.2419993 0 P 0
L 21.50400068 25.7499993 21.75800068 26.2579993 0 P 0
L 21.50400068 27.24999884 21.75800068 26.74199884 0 P 0
L 21.50400068 27.24999884 21.75800068 27.75799884 0 P 0
L 21.50400068 28.75000092 21.75800068 28.24200092 0 P 0
L 21.50400068 28.75000092 21.75800068 29.25800092 0 P 0
L 21.50400068 30.25000046 21.75800068 29.74200046 0 P 0
L 21.50400068 30.25000046 21.75800068 30.75800046 0 P 0
L 21.50400068 31.75 21.75800068 31.242 0 P 0
L 21.50400068 31.75 21.75800068 32.258 0 P 0
L 21.50400068 33.24999954 21.75800068 32.74199954 0 P 0
L 21.50400068 33.24999954 21.75800068 33.75799954 0 P 0
L 21.50400068 34.74999908 21.75800068 34.24199908 0 P 0
L 21.50400068 34.74999908 21.75800068 35.25799908 0 P 0
L 21.50400068 36.25000116 21.75800068 35.74200116 0 P 0
L 21.50400068 36.25000116 21.75800068 36.75800116 0 P 0
L 21.50400068 37.7500007 21.75800068 37.2420007 0 P 0
L 21.50400068 37.7500007 21.75800068 38.2580007 0 P 0
L 21.50400068 39.25000024 21.75800068 38.74200024 0 P 0
L 21.50400068 39.25000024 21.75800068 39.75800024 0 P 0
