UNITS=MM
#Layer_Color=9474304
#
#Feature symbol names
#
$0 r127
$1 r169.33164

#
#Feature attribute names
#

#
#Layer features
#
A 11.61800064 4.16999928 11.61800064 4.16999928 11.11000064 4.16999928 1 P 0 N
A 14.15800064 4.16999928 14.15800064 4.16999928 13.65000064 4.16999928 1 P 0 N
A 16.69800064 4.16999928 16.69800064 4.16999928 16.19000064 4.16999928 1 P 0 N
A 19.23800064 4.16999928 19.23800064 4.16999928 18.73000064 4.16999928 1 P 0 N
A 21.77800064 4.16999928 21.77800064 4.16999928 21.27000064 4.16999928 1 P 0 N
A 24.31800064 4.16999928 24.31800064 4.16999928 23.81000064 4.16999928 1 P 0 N
A 26.85800064 4.16999928 26.85800064 4.16999928 26.35000064 4.16999928 1 P 0 N
A 29.39800064 4.16999928 29.39800064 4.16999928 28.89000064 4.16999928 1 P 0 N
L 0.29200094 4.19200584 0.29200094 5.20800584 0 P 0
L 0.29200094 4.19200584 1.30800094 4.19200584 0 P 0
L 0.29200094 5.20800584 1.30800094 5.20800584 0 P 0
L 0.29200094 5.69200538 0.29200094 6.70800538 0 P 0
L 0.29200094 5.69200538 1.30800094 5.69200538 0 P 0
L 0.29200094 6.70800538 1.30800094 6.70800538 0 P 0
L 0.29200094 7.19200492 0.29200094 8.20800492 0 P 0
L 0.29200094 7.19200492 1.30800094 7.19200492 0 P 0
L 0.29200094 8.20800492 1.30800094 8.20800492 0 P 0
L 0.29200094 8.69200446 0.29200094 9.70800446 0 P 0
L 0.29200094 8.69200446 1.30800094 8.69200446 0 P 0
L 0.29200094 9.70800446 1.30800094 9.70800446 0 P 0
L 0.29200094 10.192004 0.29200094 11.208004 0 P 0
L 0.29200094 10.192004 1.30800094 10.192004 0 P 0
L 0.29200094 11.208004 1.30800094 11.208004 0 P 0
L 0.29200094 11.69200354 0.29200094 12.70800354 0 P 0
L 0.29200094 11.69200354 1.30800094 11.69200354 0 P 0
L 0.29200094 12.70800354 1.30800094 12.70800354 0 P 0
L 0.29200094 16.19200216 0.29200094 17.20800216 0 P 0
L 0.29200094 16.19200216 1.30800094 16.19200216 0 P 0
L 0.29200094 17.20800216 1.30800094 17.20800216 0 P 0
L 0.29200094 17.6920017 0.29200094 18.7080017 0 P 0
L 0.29200094 17.6920017 1.30800094 17.6920017 0 P 0
L 0.29200094 18.7080017 1.30800094 18.7080017 0 P 0
L 0.29200094 19.19200124 0.29200094 20.20800124 0 P 0
L 0.29200094 19.19200124 1.30800094 19.19200124 0 P 0
L 0.29200094 20.20800124 1.30800094 20.20800124 0 P 0
L 0.29200094 20.69200078 0.29200094 21.70800078 0 P 0
L 0.29200094 20.69200078 1.30800094 20.69200078 0 P 0
L 0.29200094 21.70800078 1.30800094 21.70800078 0 P 0
L 1.30800094 4.19200584 1.30800094 5.20800584 0 P 0
L 1.30800094 5.69200538 1.30800094 6.70800538 0 P 0
L 1.30800094 7.19200492 1.30800094 8.20800492 0 P 0
L 1.30800094 8.69200446 1.30800094 9.70800446 0 P 0
L 1.30800094 10.192004 1.30800094 11.208004 0 P 0
L 1.30800094 11.69200354 1.30800094 12.70800354 0 P 0
L 1.30800094 16.19200216 1.30800094 17.20800216 0 P 0
L 1.30800094 17.6920017 1.30800094 18.7080017 0 P 0
L 1.30800094 19.19200124 1.30800094 20.20800124 0 P 0
L 1.30800094 20.69200078 1.30800094 21.70800078 0 P 0
L 1.3716 14.1478 1.3716 15.1638 0 P 0
L 1.3716 14.1478 2.3876 14.1478 0 P 0
L 1.3716 15.1638 2.3876 15.1638 0 P 0
L 1.57600142 10.32800068 2.08400142 9.31200068 0 P 0
L 1.57600142 10.32800068 2.59200142 10.32800068 0 P 0
L 1.79200048 4.19200584 1.79200048 5.20800584 0 P 0
L 1.79200048 4.19200584 2.80800048 4.19200584 0 P 0
L 1.79200048 5.20800584 2.80800048 5.20800584 0 P 0
L 1.79200048 5.69200538 1.79200048 6.70800538 0 P 0
L 1.79200048 5.69200538 2.80800048 5.69200538 0 P 0
L 1.79200048 6.70800538 2.80800048 6.70800538 0 P 0
L 1.79200048 7.19200492 1.79200048 8.20800492 0 P 0
L 1.79200048 7.19200492 2.80800048 7.19200492 0 P 0
L 1.79200048 8.20800492 2.80800048 8.20800492 0 P 0
L 1.79200048 16.19200216 1.79200048 17.20800216 0 P 0
L 1.79200048 16.19200216 2.80800048 16.19200216 0 P 0
L 1.79200048 17.20800216 2.80800048 17.20800216 0 P 0
L 1.79200048 17.6920017 1.79200048 18.7080017 0 P 0
L 1.79200048 17.6920017 2.80800048 17.6920017 0 P 0
L 1.79200048 18.7080017 2.80800048 18.7080017 0 P 0
L 1.79200048 19.19200124 1.79200048 20.20800124 0 P 0
L 1.79200048 19.19200124 2.80800048 19.19200124 0 P 0
L 1.79200048 20.20800124 2.80800048 20.20800124 0 P 0
L 1.79200048 20.69200078 1.79200048 21.70800078 0 P 0
L 1.79200048 20.69200078 2.80800048 20.69200078 0 P 0
L 1.79200048 21.70800078 2.80800048 21.70800078 0 P 0
L 1.99200008 1.99200008 2.24600008 2.50000008 0 P 0
L 1.99200008 1.99200008 2.50000008 2.24600008 0 P 0
L 1.99200008 3.00800008 2.24600008 2.50000008 0 P 0
L 1.99200008 3.00800008 2.50000008 2.75400008 0 P 0
L 2.08400142 9.31200068 2.59200142 10.32800068 0 P 0
L 2.3876 14.1478 2.3876 15.1638 0 P 0
L 2.50000008 2.24600008 3.00800008 1.99200008 0 P 0
L 2.50000008 2.75400008 3.00800008 3.00800008 0 P 0
L 2.59200142 15.40800068 3.10000142 14.39200068 0 P 0
L 2.59200142 15.40800068 3.60800142 15.40800068 0 P 0
L 2.75400008 2.50000008 3.00800008 1.99200008 0 P 0
L 2.75400008 2.50000008 3.00800008 3.00800008 0 P 0
L 2.80800048 4.19200584 2.80800048 5.20800584 0 P 0
L 2.80800048 5.69200538 2.80800048 6.70800538 0 P 0
L 2.80800048 7.19200492 2.80800048 8.20800492 0 P 0
L 2.80800048 16.19200216 2.80800048 17.20800216 0 P 0
L 2.80800048 17.6920017 2.80800048 18.7080017 0 P 0
L 2.80800048 19.19200124 2.80800048 20.20800124 0 P 0
L 2.80800048 20.69200078 2.80800048 21.70800078 0 P 0
L 3.10000142 14.39200068 3.60800142 15.40800068 0 P 0
L 3.29200002 4.19200584 3.29200002 5.20800584 0 P 0
L 3.29200002 4.19200584 4.30800002 4.19200584 0 P 0
L 3.29200002 5.20800584 4.30800002 5.20800584 0 P 0
L 3.29200002 5.69200538 3.29200002 6.70800538 0 P 0
L 3.29200002 5.69200538 4.30800002 5.69200538 0 P 0
L 3.29200002 6.70800538 4.30800002 6.70800538 0 P 0
L 3.29200002 7.19200492 3.29200002 8.20800492 0 P 0
L 3.29200002 7.19200492 4.30800002 7.19200492 0 P 0
L 3.29200002 8.20800492 4.30800002 8.20800492 0 P 0
L 3.29200002 16.19200216 3.29200002 17.20800216 0 P 0
L 3.29200002 16.19200216 4.30800002 16.19200216 0 P 0
L 3.29200002 17.20800216 4.30800002 17.20800216 0 P 0
L 3.29200002 17.6920017 3.29200002 18.7080017 0 P 0
L 3.29200002 17.6920017 4.30800002 17.6920017 0 P 0
L 3.29200002 18.7080017 4.30800002 18.7080017 0 P 0
L 3.29200002 19.19200124 3.29200002 20.20800124 0 P 0
L 3.29200002 19.19200124 4.30800002 19.19200124 0 P 0
L 3.29200002 20.20800124 4.30800002 20.20800124 0 P 0
L 3.29200002 20.69200078 3.29200002 21.70800078 0 P 0
L 3.29200002 20.69200078 4.30800002 20.69200078 0 P 0
L 3.29200002 21.70800078 4.30800002 21.70800078 0 P 0
L 3.60800142 10.32800068 4.11600142 9.31200068 0 P 0
L 3.60800142 10.32800068 4.62400142 10.32800068 0 P 0
L 4.11600142 9.31200068 4.62400142 10.32800068 0 P 0
L 4.26200062 11.85200068 4.26200062 12.86800068 0 P 0
L 4.26200062 11.85200068 5.27800062 11.85200068 0 P 0
L 4.26200062 12.86800068 5.27800062 12.86800068 0 P 0
L 4.29200056 13.09200074 4.29200056 14.10800074 0 P 0
L 4.29200056 13.09200074 5.30800056 13.09200074 0 P 0
L 4.29200056 14.10800074 5.30800056 14.10800074 0 P 0
L 4.30800002 4.19200584 4.30800002 5.20800584 0 P 0
L 4.30800002 5.69200538 4.30800002 6.70800538 0 P 0
L 4.30800002 7.19200492 4.30800002 8.20800492 0 P 0
L 4.30800002 16.19200216 4.30800002 17.20800216 0 P 0
L 4.30800002 17.6920017 4.30800002 18.7080017 0 P 0
L 4.30800002 19.19200124 4.30800002 20.20800124 0 P 0
L 4.30800002 20.69200078 4.30800002 21.70800078 0 P 0
L 4.75434914 1.51424386 4.75434914 2.53024386 0 P 0
L 4.75434914 1.51424386 5.77034914 1.51424386 0 P 0
L 4.75434914 2.53024386 5.77034914 2.53024386 0 P 0
L 4.79199956 0.29200094 4.79199956 1.30800094 0 P 0
L 4.79199956 0.29200094 5.80799956 0.29200094 0 P 0
L 4.79199956 1.30800094 5.80799956 1.30800094 0 P 0
L 4.79199956 2.6920063 4.79199956 3.7080063 0 P 0
L 4.79199956 2.6920063 5.80799956 2.6920063 0 P 0
L 4.79199956 3.7080063 5.80799956 3.7080063 0 P 0
L 4.79199956 4.19200584 4.79199956 5.20800584 0 P 0
L 4.79199956 4.19200584 5.80799956 4.19200584 0 P 0
L 4.79199956 5.20800584 5.80799956 5.20800584 0 P 0
L 4.79199956 5.69200538 4.79199956 6.70800538 0 P 0
L 4.79199956 5.69200538 5.80799956 5.69200538 0 P 0
L 4.79199956 6.70800538 5.80799956 6.70800538 0 P 0
L 4.79199956 7.19200492 4.79199956 8.20800492 0 P 0
L 4.79199956 7.19200492 5.80799956 7.19200492 0 P 0
L 4.79199956 8.20800492 5.80799956 8.20800492 0 P 0
L 4.79199956 8.69200446 4.79199956 9.70800446 0 P 0
L 4.79199956 8.69200446 5.80799956 8.69200446 0 P 0
L 4.79199956 9.70800446 5.80799956 9.70800446 0 P 0
L 4.79199956 14.69200262 4.79199956 15.70800262 0 P 0
L 4.79199956 14.69200262 5.80799956 14.69200262 0 P 0
L 4.79199956 15.70800262 5.80799956 15.70800262 0 P 0
L 4.79199956 16.19200216 4.79199956 17.20800216 0 P 0
L 4.79199956 16.19200216 5.80799956 16.19200216 0 P 0
L 4.79199956 17.20800216 5.80799956 17.20800216 0 P 0
L 4.79199956 17.6920017 4.79199956 18.7080017 0 P 0
L 4.79199956 17.6920017 5.80799956 17.6920017 0 P 0
L 4.79199956 18.7080017 5.80799956 18.7080017 0 P 0
L 4.79199956 19.19200124 4.79199956 20.20800124 0 P 0
L 4.79199956 19.19200124 5.80799956 19.19200124 0 P 0
L 4.79199956 20.20800124 5.80799956 20.20800124 0 P 0
L 4.79199956 20.69200078 4.79199956 21.70800078 0 P 0
L 4.79199956 20.69200078 5.80799956 20.69200078 0 P 0
L 4.79199956 21.70800078 5.80799956 21.70800078 0 P 0
L 5.27800062 11.85200068 5.27800062 12.86800068 0 P 0
L 5.30800056 13.09200074 5.30800056 14.10800074 0 P 0
L 5.77034914 1.51424386 5.77034914 2.53024386 0 P 0
L 5.80799956 0.29200094 5.80799956 1.30800094 0 P 0
L 5.80799956 2.6920063 5.80799956 3.7080063 0 P 0
L 5.80799956 4.19200584 5.80799956 5.20800584 0 P 0
L 5.80799956 5.69200538 5.80799956 6.70800538 0 P 0
L 5.80799956 7.19200492 5.80799956 8.20800492 0 P 0
L 5.80799956 8.69200446 5.80799956 9.70800446 0 P 0
L 5.80799956 14.69200262 5.80799956 15.70800262 0 P 0
L 5.80799956 16.19200216 5.80799956 17.20800216 0 P 0
L 5.80799956 17.6920017 5.80799956 18.7080017 0 P 0
L 5.80799956 19.19200124 5.80799956 20.20800124 0 P 0
L 5.80799956 20.69200078 5.80799956 21.70800078 0 P 0
L 6.25434868 1.51424386 6.25434868 2.53024386 0 P 0
L 6.25434868 1.51424386 7.27034868 1.51424386 0 P 0
L 6.25434868 2.53024386 7.27034868 2.53024386 0 P 0
L 6.2919991 0.29200094 6.2919991 1.30800094 0 P 0
L 6.2919991 0.29200094 7.3079991 0.29200094 0 P 0
L 6.2919991 1.30800094 7.3079991 1.30800094 0 P 0
L 6.2919991 2.6920063 6.2919991 3.7080063 0 P 0
L 6.2919991 2.6920063 7.3079991 2.6920063 0 P 0
L 6.2919991 3.7080063 7.3079991 3.7080063 0 P 0
L 6.2919991 4.19200584 6.2919991 5.20800584 0 P 0
L 6.2919991 4.19200584 7.3079991 4.19200584 0 P 0
L 6.2919991 5.20800584 7.3079991 5.20800584 0 P 0
L 6.2919991 5.69200538 6.2919991 6.70800538 0 P 0
L 6.2919991 5.69200538 7.3079991 5.69200538 0 P 0
L 6.2919991 6.70800538 7.3079991 6.70800538 0 P 0
L 6.2919991 7.19200492 6.2919991 8.20800492 0 P 0
L 6.2919991 7.19200492 7.3079991 7.19200492 0 P 0
L 6.2919991 8.20800492 7.3079991 8.20800492 0 P 0
L 6.2919991 10.192004 6.2919991 11.208004 0 P 0
L 6.2919991 10.192004 7.3079991 10.192004 0 P 0
L 6.2919991 11.208004 7.3079991 11.208004 0 P 0
L 6.2919991 11.69200354 6.2919991 12.70800354 0 P 0
L 6.2919991 11.69200354 7.3079991 11.69200354 0 P 0
L 6.2919991 12.70800354 7.3079991 12.70800354 0 P 0
L 6.2919991 16.19200216 6.2919991 17.20800216 0 P 0
L 6.2919991 16.19200216 7.3079991 16.19200216 0 P 0
L 6.2919991 17.20800216 7.3079991 17.20800216 0 P 0
L 6.2919991 17.6920017 6.2919991 18.7080017 0 P 0
L 6.2919991 17.6920017 7.3079991 17.6920017 0 P 0
L 6.2919991 18.7080017 7.3079991 18.7080017 0 P 0
L 6.2919991 19.19200124 6.2919991 20.20800124 0 P 0
L 6.2919991 19.19200124 7.3079991 19.19200124 0 P 0
L 6.2919991 20.20800124 7.3079991 20.20800124 0 P 0
L 6.2919991 20.69200078 6.2919991 21.70800078 0 P 0
L 6.2919991 20.69200078 7.3079991 20.69200078 0 P 0
L 6.2919991 21.70800078 7.3079991 21.70800078 0 P 0
L 7.27034868 1.51424386 7.27034868 2.53024386 0 P 0
L 7.3079991 0.29200094 7.3079991 1.30800094 0 P 0
L 7.3079991 2.6920063 7.3079991 3.7080063 0 P 0
L 7.3079991 4.19200584 7.3079991 5.20800584 0 P 0
L 7.3079991 5.69200538 7.3079991 6.70800538 0 P 0
L 7.3079991 7.19200492 7.3079991 8.20800492 0 P 0
L 7.3079991 10.192004 7.3079991 11.208004 0 P 0
L 7.3079991 11.69200354 7.3079991 12.70800354 0 P 0
L 7.3079991 16.19200216 7.3079991 17.20800216 0 P 0
L 7.3079991 17.6920017 7.3079991 18.7080017 0 P 0
L 7.3079991 19.19200124 7.3079991 20.20800124 0 P 0
L 7.3079991 20.69200078 7.3079991 21.70800078 0 P 0
L 7.75435076 1.51424386 7.75435076 2.53024386 0 P 0
L 7.75435076 1.51424386 8.77035076 1.51424386 0 P 0
L 7.75435076 2.53024386 8.77035076 2.53024386 0 P 0
L 7.79199864 2.6920063 7.79199864 3.7080063 0 P 0
L 7.79199864 2.6920063 8.80799864 2.6920063 0 P 0
L 7.79199864 3.7080063 8.80799864 3.7080063 0 P 0
L 7.79199864 8.69200446 7.79199864 9.70800446 0 P 0
L 7.79199864 8.69200446 8.80799864 8.69200446 0 P 0
L 7.79199864 9.70800446 8.80799864 9.70800446 0 P 0
L 7.79199864 11.69200354 7.79199864 12.70800354 0 P 0
L 7.79199864 11.69200354 8.80799864 11.69200354 0 P 0
L 7.79199864 12.70800354 8.80799864 12.70800354 0 P 0
L 7.79199864 13.19200308 7.79199864 14.20800308 0 P 0
L 7.79199864 13.19200308 8.80799864 13.19200308 0 P 0
L 7.79199864 14.20800308 8.80799864 14.20800308 0 P 0
L 7.79199864 17.6920017 7.79199864 18.7080017 0 P 0
L 7.79199864 17.6920017 8.80799864 17.6920017 0 P 0
L 7.79199864 18.7080017 8.80799864 18.7080017 0 P 0
L 7.79199864 19.19200124 7.79199864 20.20800124 0 P 0
L 7.79199864 19.19200124 8.80799864 19.19200124 0 P 0
L 7.79199864 20.20800124 8.80799864 20.20800124 0 P 0
L 7.79199864 20.69200078 7.79199864 21.70800078 0 P 0
L 7.79199864 20.69200078 8.80799864 20.69200078 0 P 0
L 7.79199864 21.70800078 8.80799864 21.70800078 0 P 0
L 7.79200118 0.29200094 7.79200118 1.30800094 0 P 0
L 7.79200118 0.29200094 8.80800118 0.29200094 0 P 0
L 7.79200118 1.30800094 8.80800118 1.30800094 0 P 0
L 7.79200118 16.39199922 7.79200118 17.40799922 0 P 0
L 7.79200118 16.39199922 8.80800118 16.39199922 0 P 0
L 7.79200118 17.40799922 8.80800118 17.40799922 0 P 0
L 8.77035076 1.51424386 8.77035076 2.53024386 0 P 0
L 8.80799864 2.6920063 8.80799864 3.7080063 0 P 0
L 8.80799864 8.69200446 8.80799864 9.70800446 0 P 0
L 8.80799864 11.69200354 8.80799864 12.70800354 0 P 0
L 8.80799864 13.19200308 8.80799864 14.20800308 0 P 0
L 8.80799864 17.6920017 8.80799864 18.7080017 0 P 0
L 8.80799864 19.19200124 8.80799864 20.20800124 0 P 0
L 8.80799864 20.69200078 8.80799864 21.70800078 0 P 0
L 8.80800118 0.29200094 8.80800118 1.30800094 0 P 0
L 8.80800118 16.39199922 8.80800118 17.40799922 0 P 0
L 9.2543503 1.51424386 9.2543503 2.53024386 0 P 0
L 9.2543503 1.51424386 10.2703503 1.51424386 0 P 0
L 9.2543503 2.53024386 10.2703503 2.53024386 0 P 0
L 9.29199818 4.19200584 9.29199818 5.20800584 0 P 0
L 9.29199818 4.19200584 10.30799818 4.19200584 0 P 0
L 9.29199818 5.20800584 10.30799818 5.20800584 0 P 0
L 9.29199818 5.69200538 9.29199818 6.70800538 0 P 0
L 9.29199818 5.69200538 10.30799818 5.69200538 0 P 0
L 9.29199818 6.70800538 10.30799818 6.70800538 0 P 0
L 9.29199818 7.19200492 9.29199818 8.20800492 0 P 0
L 9.29199818 7.19200492 10.30799818 7.19200492 0 P 0
L 9.29199818 8.20800492 10.30799818 8.20800492 0 P 0
L 9.29199818 8.69200446 9.29199818 9.70800446 0 P 0
L 9.29199818 8.69200446 10.30799818 8.69200446 0 P 0
L 9.29199818 9.70800446 10.30799818 9.70800446 0 P 0
L 9.29199818 11.69200354 9.29199818 12.70800354 0 P 0
L 9.29199818 11.69200354 10.30799818 11.69200354 0 P 0
L 9.29199818 12.70800354 10.30799818 12.70800354 0 P 0
L 9.29199818 13.19200308 9.29199818 14.20800308 0 P 0
L 9.29199818 13.19200308 10.30799818 13.19200308 0 P 0
L 9.29199818 14.20800308 10.30799818 14.20800308 0 P 0
L 9.29199818 17.6920017 9.29199818 18.7080017 0 P 0
L 9.29199818 17.6920017 10.30799818 17.6920017 0 P 0
L 9.29199818 18.7080017 10.30799818 18.7080017 0 P 0
L 9.29199818 19.19200124 9.29199818 20.20800124 0 P 0
L 9.29199818 19.19200124 10.30799818 19.19200124 0 P 0
L 9.29199818 20.20800124 10.30799818 20.20800124 0 P 0
L 9.29199818 20.69200078 9.29199818 21.70800078 0 P 0
L 9.29199818 20.69200078 10.30799818 20.69200078 0 P 0
L 9.29199818 21.70800078 10.30799818 21.70800078 0 P 0
L 9.29200072 0.29200094 9.29200072 1.30800094 0 P 0
L 9.29200072 0.29200094 10.30800072 0.29200094 0 P 0
L 9.29200072 1.30800094 10.30800072 1.30800094 0 P 0
L 9.29200072 16.39199922 9.29200072 17.40799922 0 P 0
L 9.29200072 16.39199922 10.30800072 16.39199922 0 P 0
L 9.29200072 17.40799922 10.30800072 17.40799922 0 P 0
L 10.2703503 1.51424386 10.2703503 2.53024386 0 P 0
L 10.30799818 4.19200584 10.30799818 5.20800584 0 P 0
L 10.30799818 5.69200538 10.30799818 6.70800538 0 P 0
L 10.30799818 7.19200492 10.30799818 8.20800492 0 P 0
L 10.30799818 8.69200446 10.30799818 9.70800446 0 P 0
L 10.30799818 11.69200354 10.30799818 12.70800354 0 P 0
L 10.30799818 13.19200308 10.30799818 14.20800308 0 P 0
L 10.30799818 17.6920017 10.30799818 18.7080017 0 P 0
L 10.30799818 19.19200124 10.30799818 20.20800124 0 P 0
L 10.30799818 20.69200078 10.30799818 21.70800078 0 P 0
L 10.30800072 0.29200094 10.30800072 1.30800094 0 P 0
L 10.30800072 16.39199922 10.30800072 17.40799922 0 P 0
L 10.668 10.7188 10.668 11.7348 0 P 0
L 10.668 10.7188 11.684 10.7188 0 P 0
L 10.668 11.7348 11.684 11.7348 0 P 0
L 10.79199772 5.69200538 10.79199772 6.70800538 0 P 0
L 10.79199772 5.69200538 11.80799772 5.69200538 0 P 0
L 10.79199772 6.70800538 11.80799772 6.70800538 0 P 0
L 10.79199772 7.19200492 10.79199772 8.20800492 0 P 0
L 10.79199772 7.19200492 11.80799772 7.19200492 0 P 0
L 10.79199772 8.20800492 11.80799772 8.20800492 0 P 0
L 10.79199772 8.69200446 10.79199772 9.70800446 0 P 0
L 10.79199772 8.69200446 11.80799772 8.69200446 0 P 0
L 10.79199772 9.70800446 11.80799772 9.70800446 0 P 0
L 10.79199772 11.69200354 10.79199772 12.70800354 0 P 0
L 10.79199772 11.69200354 11.80799772 11.69200354 0 P 0
L 10.79199772 12.70800354 11.80799772 12.70800354 0 P 0
L 10.79199772 13.19200308 10.79199772 14.20800308 0 P 0
L 10.79199772 13.19200308 11.80799772 13.19200308 0 P 0
L 10.79199772 14.20800308 11.80799772 14.20800308 0 P 0
L 10.79199772 17.6920017 10.79199772 18.7080017 0 P 0
L 10.79199772 17.6920017 11.80799772 17.6920017 0 P 0
L 10.79199772 18.7080017 11.80799772 18.7080017 0 P 0
L 10.79199772 19.19200124 10.79199772 20.20800124 0 P 0
L 10.79199772 19.19200124 11.80799772 19.19200124 0 P 0
L 10.79199772 20.20800124 11.80799772 20.20800124 0 P 0
L 10.79199772 20.69200078 10.79199772 21.70800078 0 P 0
L 10.79199772 20.69200078 11.80799772 20.69200078 0 P 0
L 10.79199772 21.70800078 11.80799772 21.70800078 0 P 0
L 10.79200026 0.29200094 10.79200026 1.30800094 0 P 0
L 10.79200026 0.29200094 11.80800026 0.29200094 0 P 0
L 10.79200026 1.30800094 11.80800026 1.30800094 0 P 0
L 10.79200026 16.39199922 10.79200026 17.40799922 0 P 0
L 10.79200026 16.39199922 11.80800026 16.39199922 0 P 0
L 10.79200026 17.40799922 11.80800026 17.40799922 0 P 0
L 11.684 10.7188 11.684 11.7348 0 P 0
L 11.80799772 5.69200538 11.80799772 6.70800538 0 P 0
L 11.80799772 7.19200492 11.80799772 8.20800492 0 P 0
L 11.80799772 8.69200446 11.80799772 9.70800446 0 P 0
L 11.80799772 11.69200354 11.80799772 12.70800354 0 P 0
L 11.80799772 13.19200308 11.80799772 14.20800308 0 P 0
L 11.80799772 17.6920017 11.80799772 18.7080017 0 P 0
L 11.80799772 19.19200124 11.80799772 20.20800124 0 P 0
L 11.80799772 20.69200078 11.80799772 21.70800078 0 P 0
L 11.80800026 0.29200094 11.80800026 1.30800094 0 P 0
L 11.80800026 16.39199922 11.80800026 17.40799922 0 P 0
L 12.29199726 2.6920063 12.29199726 3.7080063 0 P 0
L 12.29199726 2.6920063 13.30799726 2.6920063 0 P 0
L 12.29199726 3.7080063 13.30799726 3.7080063 0 P 0
L 12.29199726 5.69200538 12.29199726 6.70800538 0 P 0
L 12.29199726 5.69200538 13.30799726 5.69200538 0 P 0
L 12.29199726 6.70800538 13.30799726 6.70800538 0 P 0
L 12.29199726 7.19200492 12.29199726 8.20800492 0 P 0
L 12.29199726 7.19200492 13.30799726 7.19200492 0 P 0
L 12.29199726 8.20800492 13.30799726 8.20800492 0 P 0
L 12.29199726 10.192004 12.29199726 11.208004 0 P 0
L 12.29199726 10.192004 13.30799726 10.192004 0 P 0
L 12.29199726 11.208004 13.30799726 11.208004 0 P 0
L 12.29199726 11.69200354 12.29199726 12.70800354 0 P 0
L 12.29199726 11.69200354 13.30799726 11.69200354 0 P 0
L 12.29199726 12.70800354 13.30799726 12.70800354 0 P 0
L 12.29199726 13.19200308 12.29199726 14.20800308 0 P 0
L 12.29199726 13.19200308 13.30799726 13.19200308 0 P 0
L 12.29199726 14.20800308 13.30799726 14.20800308 0 P 0
L 12.29199726 17.6920017 12.29199726 18.7080017 0 P 0
L 12.29199726 17.6920017 13.30799726 17.6920017 0 P 0
L 12.29199726 18.7080017 13.30799726 18.7080017 0 P 0
L 12.29199726 19.19200124 12.29199726 20.20800124 0 P 0
L 12.29199726 19.19200124 13.30799726 19.19200124 0 P 0
L 12.29199726 20.20800124 13.30799726 20.20800124 0 P 0
L 12.29199726 20.69200078 12.29199726 21.70800078 0 P 0
L 12.29199726 20.69200078 13.30799726 20.69200078 0 P 0
L 12.29199726 21.70800078 13.30799726 21.70800078 0 P 0
L 12.2919998 0.29200094 12.2919998 1.30800094 0 P 0
L 12.2919998 0.29200094 13.3079998 0.29200094 0 P 0
L 12.2919998 1.30800094 13.3079998 1.30800094 0 P 0
L 12.2919998 16.39199922 12.2919998 17.40799922 0 P 0
L 12.2919998 16.39199922 13.3079998 16.39199922 0 P 0
L 12.2919998 17.40799922 13.3079998 17.40799922 0 P 0
L 13.30799726 2.6920063 13.30799726 3.7080063 0 P 0
L 13.30799726 5.69200538 13.30799726 6.70800538 0 P 0
L 13.30799726 7.19200492 13.30799726 8.20800492 0 P 0
L 13.30799726 10.192004 13.30799726 11.208004 0 P 0
L 13.30799726 11.69200354 13.30799726 12.70800354 0 P 0
L 13.30799726 13.19200308 13.30799726 14.20800308 0 P 0
L 13.30799726 17.6920017 13.30799726 18.7080017 0 P 0
L 13.30799726 19.19200124 13.30799726 20.20800124 0 P 0
L 13.30799726 20.69200078 13.30799726 21.70800078 0 P 0
L 13.3079998 0.29200094 13.3079998 1.30800094 0 P 0
L 13.3079998 16.39199922 13.3079998 17.40799922 0 P 0
L 13.7919968 13.19200308 13.7919968 14.20800308 0 P 0
L 13.7919968 13.19200308 14.8079968 13.19200308 0 P 0
L 13.7919968 14.20800308 14.8079968 14.20800308 0 P 0
L 13.7919968 17.6920017 13.7919968 18.7080017 0 P 0
L 13.7919968 17.6920017 14.8079968 17.6920017 0 P 0
L 13.7919968 18.7080017 14.8079968 18.7080017 0 P 0
L 13.7919968 19.19200124 13.7919968 20.20800124 0 P 0
L 13.7919968 19.19200124 14.8079968 19.19200124 0 P 0
L 13.7919968 20.20800124 14.8079968 20.20800124 0 P 0
L 13.7919968 20.69200078 13.7919968 21.70800078 0 P 0
L 13.7919968 20.69200078 14.8079968 20.69200078 0 P 0
L 13.7919968 21.70800078 14.8079968 21.70800078 0 P 0
L 13.79199934 0.29200094 13.79199934 1.30800094 0 P 0
L 13.79199934 0.29200094 14.80799934 0.29200094 0 P 0
L 13.79199934 1.30800094 14.80799934 1.30800094 0 P 0
L 13.79199934 16.39199922 13.79199934 17.40799922 0 P 0
L 13.79199934 16.39199922 14.80799934 16.39199922 0 P 0
L 13.79199934 17.40799922 14.80799934 17.40799922 0 P 0
L 14.39200068 7.49199924 14.39200068 8.50799924 0 P 0
L 14.39200068 7.49199924 15.40800068 7.49199924 0 P 0
L 14.39200068 8.50799924 15.40800068 8.50799924 0 P 0
L 14.8079968 13.19200308 14.8079968 14.20800308 0 P 0
L 14.8079968 17.6920017 14.8079968 18.7080017 0 P 0
L 14.8079968 19.19200124 14.8079968 20.20800124 0 P 0
L 14.8079968 20.69200078 14.8079968 21.70800078 0 P 0
L 14.80799934 0.29200094 14.80799934 1.30800094 0 P 0
L 14.80799934 16.39199922 14.80799934 17.40799922 0 P 0
L 15.09199928 6.1919993 15.09199928 7.2079993 0 P 0
L 15.09199928 6.1919993 16.10799928 6.1919993 0 P 0
L 15.09199928 7.2079993 16.10799928 7.2079993 0 P 0
L 15.09199928 19.39200084 15.09199928 20.40800084 0 P 0
L 15.09199928 19.39200084 16.10799928 19.39200084 0 P 0
L 15.09199928 20.40800084 16.10799928 20.40800084 0 P 0
L 15.29200142 0.29200094 15.29200142 1.30800094 0 P 0
L 15.29200142 0.29200094 16.30800142 0.29200094 0 P 0
L 15.29200142 1.30800094 16.30800142 1.30800094 0 P 0
L 15.40800068 7.49199924 15.40800068 8.50799924 0 P 0
L 16.10799928 6.1919993 16.10799928 7.2079993 0 P 0
L 16.10799928 19.39200084 16.10799928 20.40800084 0 P 0
L 16.30800142 0.29200094 16.30800142 1.30800094 0 P 0
L 16.59199882 8.29200018 16.59199882 9.30800018 0 P 0
L 16.59199882 8.29200018 17.60799882 8.29200018 0 P 0
L 16.59199882 9.30800018 17.60799882 9.30800018 0 P 0
L 16.79200096 0.29200094 16.79200096 1.30800094 0 P 0
L 16.79200096 0.29200094 17.80800096 0.29200094 0 P 0
L 16.79200096 1.30800094 17.80800096 1.30800094 0 P 0
L 17.60799882 8.29200018 17.60799882 9.30800018 0 P 0
L 17.79199896 10.99199986 17.79199896 12.00799986 0 P 0
L 17.79199896 10.99199986 18.80799896 10.99199986 0 P 0
L 17.79199896 12.00799986 18.80799896 12.00799986 0 P 0
L 17.79199896 13.19200054 17.79199896 14.20800054 0 P 0
L 17.79199896 13.19200054 18.80799896 13.19200054 0 P 0
L 17.79199896 14.20800054 18.80799896 14.20800054 0 P 0
L 17.79199896 15.79200042 17.79199896 16.80800042 0 P 0
L 17.79199896 15.79200042 18.80799896 15.79200042 0 P 0
L 17.79199896 16.80800042 18.80799896 16.80800042 0 P 0
L 17.80800096 0.29200094 17.80800096 1.30800094 0 P 0
L 18.2920005 0.29200094 18.2920005 1.30800094 0 P 0
L 18.2920005 0.29200094 19.3080005 0.29200094 0 P 0
L 18.2920005 1.30800094 19.3080005 1.30800094 0 P 0
L 18.4920001 16.09199982 18.4920001 17.10799982 0 P 0
L 18.4920001 16.09199982 19.5080001 16.09199982 0 P 0
L 18.4920001 17.10799982 19.5080001 17.10799982 0 P 0
L 18.80799896 10.99199986 18.80799896 12.00799986 0 P 0
L 18.80799896 13.19200054 18.80799896 14.20800054 0 P 0
L 18.80799896 15.79200042 18.80799896 16.80800042 0 P 0
L 19.3080005 0.29200094 19.3080005 1.30800094 0 P 0
L 19.5080001 16.09199982 19.5080001 17.10799982 0 P 0
L 19.79200004 0.29200094 19.79200004 1.30800094 0 P 0
L 19.79200004 0.29200094 20.80800004 0.29200094 0 P 0
L 19.79200004 1.30800094 20.80800004 1.30800094 0 P 0
L 20.49200118 16.09199982 20.49200118 17.10799982 0 P 0
L 20.49200118 16.09199982 21.50800118 16.09199982 0 P 0
L 20.49200118 17.10799982 21.50800118 17.10799982 0 P 0
L 20.80800004 0.29200094 20.80800004 1.30800094 0 P 0
L 21.19199978 10.99199986 21.19199978 12.00799986 0 P 0
L 21.19199978 10.99199986 22.20799978 10.99199986 0 P 0
L 21.19199978 12.00799986 22.20799978 12.00799986 0 P 0
L 21.19199978 15.89200022 21.19199978 16.90800022 0 P 0
L 21.19199978 15.89200022 22.20799978 15.89200022 0 P 0
L 21.19199978 16.90800022 22.20799978 16.90800022 0 P 0
L 21.2919945 13.19200308 21.2919945 14.20800308 0 P 0
L 21.2919945 13.19200308 22.3079945 13.19200308 0 P 0
L 21.2919945 14.20800308 22.3079945 14.20800308 0 P 0
L 21.29199958 0.29200094 21.29199958 1.30800094 0 P 0
L 21.29199958 0.29200094 22.30799958 0.29200094 0 P 0
L 21.29199958 1.30800094 22.30799958 1.30800094 0 P 0
L 21.50800118 16.09199982 21.50800118 17.10799982 0 P 0
L 22.20799978 10.99199986 22.20799978 12.00799986 0 P 0
L 22.20799978 15.89200022 22.20799978 16.90800022 0 P 0
L 22.3079945 13.19200308 22.3079945 14.20800308 0 P 0
L 22.30799958 0.29200094 22.30799958 1.30800094 0 P 0
L 22.39199992 8.29200018 22.39199992 9.30800018 0 P 0
L 22.39199992 8.29200018 23.40799992 8.29200018 0 P 0
L 22.39199992 9.30800018 23.40799992 9.30800018 0 P 0
L 22.79200166 0.29200094 22.79200166 1.30800094 0 P 0
L 22.79200166 0.29200094 23.80800166 0.29200094 0 P 0
L 22.79200166 1.30800094 23.80800166 1.30800094 0 P 0
L 23.40799992 8.29200018 23.40799992 9.30800018 0 P 0
L 23.80800166 0.29200094 23.80800166 1.30800094 0 P 0
L 24.29199358 2.6920063 24.29199358 3.7080063 0 P 0
L 24.29199358 2.6920063 25.30799358 2.6920063 0 P 0
L 24.29199358 3.7080063 25.30799358 3.7080063 0 P 0
L 24.29199358 19.19200124 24.29199358 20.20800124 0 P 0
L 24.29199358 19.19200124 25.30799358 19.19200124 0 P 0
L 24.29199358 20.20800124 25.30799358 20.20800124 0 P 0
L 24.2920012 0.29200094 24.2920012 1.30800094 0 P 0
L 24.2920012 0.29200094 25.3080012 0.29200094 0 P 0
L 24.2920012 1.30800094 25.3080012 1.30800094 0 P 0
L 24.7920002 20.69200078 24.7920002 21.70800078 0 P 0
L 24.7920002 20.69200078 25.8080002 20.69200078 0 P 0
L 24.7920002 21.70800078 25.8080002 21.70800078 0 P 0
L 24.8863231 12.19767436 24.8863231 13.21367436 0 P 0
L 24.8863231 12.19767436 25.9023231 12.19767436 0 P 0
L 24.8863231 13.21367436 25.9023231 13.21367436 0 P 0
L 25.30799358 2.6920063 25.30799358 3.7080063 0 P 0
L 25.30799358 19.19200124 25.30799358 20.20800124 0 P 0
L 25.3080012 0.29200094 25.3080012 1.30800094 0 P 0
L 25.79199312 19.19200124 25.79199312 20.20800124 0 P 0
L 25.79199312 19.19200124 26.80799312 19.19200124 0 P 0
L 25.79199312 20.20800124 26.80799312 20.20800124 0 P 0
L 25.79199312 20.69200078 25.79199312 21.70800078 0 P 0
L 25.79199312 20.69200078 26.80799312 20.69200078 0 P 0
L 25.79199312 21.70800078 26.80799312 21.70800078 0 P 0
L 25.79200074 0.29200094 25.79200074 1.30800094 0 P 0
L 25.79200074 0.29200094 26.80800074 0.29200094 0 P 0
L 25.79200074 1.30800094 26.80800074 1.30800094 0 P 0
L 25.8080002 20.69200078 25.8080002 21.70800078 0 P 0
L 25.9023231 12.19767436 25.9023231 13.21367436 0 P 0
L 26.09200014 9.69199992 26.09200014 10.70799992 0 P 0
L 26.09200014 9.69199992 27.10800014 9.69199992 0 P 0
L 26.09200014 10.70799992 27.10800014 10.70799992 0 P 0
L 26.80799312 19.19200124 26.80799312 20.20800124 0 P 0
L 26.80799312 20.69200078 26.80799312 21.70800078 0 P 0
L 26.80800074 0.29200094 26.80800074 1.30800094 0 P 0
L 27.10800014 9.69199992 27.10800014 10.70799992 0 P 0
L 27.25434986 1.51424386 27.25434986 2.53024386 0 P 0
L 27.25434986 1.51424386 28.27034986 1.51424386 0 P 0
L 27.25434986 2.53024386 28.27034986 2.53024386 0 P 0
L 27.29199266 16.19200216 27.29199266 17.20800216 0 P 0
L 27.29199266 16.19200216 28.30799266 16.19200216 0 P 0
L 27.29199266 17.20800216 28.30799266 17.20800216 0 P 0
L 27.29199266 17.6920017 27.29199266 18.7080017 0 P 0
L 27.29199266 17.6920017 28.30799266 17.6920017 0 P 0
L 27.29199266 18.7080017 28.30799266 18.7080017 0 P 0
L 27.29199266 19.19200124 27.29199266 20.20800124 0 P 0
L 27.29199266 19.19200124 28.30799266 19.19200124 0 P 0
L 27.29199266 20.20800124 28.30799266 20.20800124 0 P 0
L 27.29199266 20.69200078 27.29199266 21.70800078 0 P 0
L 27.29199266 20.69200078 28.30799266 20.69200078 0 P 0
L 27.29199266 21.70800078 28.30799266 21.70800078 0 P 0
L 27.29200028 0.29200094 27.29200028 1.30800094 0 P 0
L 27.29200028 0.29200094 28.30800028 0.29200094 0 P 0
L 27.29200028 1.30800094 28.30800028 1.30800094 0 P 0
L 28.19200102 8.69199938 28.19200102 9.70799938 0 P 0
L 28.19200102 8.69199938 29.20800102 8.69199938 0 P 0
L 28.19200102 9.70799938 29.20800102 9.70799938 0 P 0
L 28.19200102 10.19199892 28.19200102 11.20799892 0 P 0
L 28.19200102 10.19199892 29.20800102 10.19199892 0 P 0
L 28.19200102 11.20799892 29.20800102 11.20799892 0 P 0
L 28.19200102 11.692001 28.19200102 12.708001 0 P 0
L 28.19200102 11.692001 29.20800102 11.692001 0 P 0
L 28.19200102 12.708001 29.20800102 12.708001 0 P 0
L 28.27034986 1.51424386 28.27034986 2.53024386 0 P 0
L 28.30799266 16.19200216 28.30799266 17.20800216 0 P 0
L 28.30799266 17.6920017 28.30799266 18.7080017 0 P 0
L 28.30799266 19.19200124 28.30799266 20.20800124 0 P 0
L 28.30799266 20.69200078 28.30799266 21.70800078 0 P 0
L 28.30800028 0.29200094 28.30800028 1.30800094 0 P 0
L 28.59200022 6.79200064 28.59200022 7.80800064 0 P 0
L 28.59200022 6.79200064 29.60800022 6.79200064 0 P 0
L 28.59200022 7.80800064 29.60800022 7.80800064 0 P 0
L 28.7543494 1.51424386 28.7543494 2.53024386 0 P 0
L 28.7543494 1.51424386 29.7703494 1.51424386 0 P 0
L 28.7543494 2.53024386 29.7703494 2.53024386 0 P 0
L 28.7919922 16.19200216 28.7919922 17.20800216 0 P 0
L 28.7919922 16.19200216 29.8079922 16.19200216 0 P 0
L 28.7919922 17.20800216 29.8079922 17.20800216 0 P 0
L 28.7919922 17.6920017 28.7919922 18.7080017 0 P 0
L 28.7919922 17.6920017 29.8079922 17.6920017 0 P 0
L 28.7919922 18.7080017 29.8079922 18.7080017 0 P 0
L 28.7919922 19.19200124 28.7919922 20.20800124 0 P 0
L 28.7919922 19.19200124 29.8079922 19.19200124 0 P 0
L 28.7919922 20.20800124 29.8079922 20.20800124 0 P 0
L 28.7919922 20.69200078 28.7919922 21.70800078 0 P 0
L 28.7919922 20.69200078 29.8079922 20.69200078 0 P 0
L 28.7919922 21.70800078 29.8079922 21.70800078 0 P 0
L 28.79199982 0.29200094 28.79199982 1.30800094 0 P 0
L 28.79199982 0.29200094 29.80799982 0.29200094 0 P 0
L 28.79199982 1.30800094 29.80799982 1.30800094 0 P 0
L 29.20800102 8.69199938 29.20800102 9.70799938 0 P 0
L 29.20800102 10.19199892 29.20800102 11.20799892 0 P 0
L 29.20800102 11.692001 29.20800102 12.708001 0 P 0
L 29.29199882 14.89199968 29.29199882 15.90799968 0 P 0
L 29.29199882 14.89199968 30.30799882 14.89199968 0 P 0
L 29.29199882 15.90799968 30.30799882 15.90799968 0 P 0
L 29.60800022 6.79200064 29.60800022 7.80800064 0 P 0
L 29.7703494 1.51424386 29.7703494 2.53024386 0 P 0
L 29.8079922 16.19200216 29.8079922 17.20800216 0 P 0
L 29.8079922 17.6920017 29.8079922 18.7080017 0 P 0
L 29.8079922 19.19200124 29.8079922 20.20800124 0 P 0
L 29.8079922 20.69200078 29.8079922 21.70800078 0 P 0
L 29.80799982 0.29200094 29.80799982 1.30800094 0 P 0
L 30.09199976 6.0919995 30.09199976 7.1079995 0 P 0
L 30.09199976 6.0919995 31.10799976 6.0919995 0 P 0
L 30.09199976 7.1079995 31.10799976 7.1079995 0 P 0
L 30.25434894 1.51424386 30.25434894 2.53024386 0 P 0
L 30.25434894 1.51424386 31.27034894 1.51424386 0 P 0
L 30.25434894 2.53024386 31.27034894 2.53024386 0 P 0
L 30.29199174 2.6920063 30.29199174 3.7080063 0 P 0
L 30.29199174 2.6920063 31.30799174 2.6920063 0 P 0
L 30.29199174 3.7080063 31.30799174 3.7080063 0 P 0
L 30.29199174 4.19200584 30.29199174 5.20800584 0 P 0
L 30.29199174 4.19200584 31.30799174 4.19200584 0 P 0
L 30.29199174 5.20800584 31.30799174 5.20800584 0 P 0
L 30.29199174 16.19200216 30.29199174 17.20800216 0 P 0
L 30.29199174 16.19200216 31.30799174 16.19200216 0 P 0
L 30.29199174 17.20800216 31.30799174 17.20800216 0 P 0
L 30.29199174 17.6920017 30.29199174 18.7080017 0 P 0
L 30.29199174 17.6920017 31.30799174 17.6920017 0 P 0
L 30.29199174 18.7080017 31.30799174 18.7080017 0 P 0
L 30.29199174 19.19200124 30.29199174 20.20800124 0 P 0
L 30.29199174 19.19200124 31.30799174 19.19200124 0 P 0
L 30.29199174 20.20800124 31.30799174 20.20800124 0 P 0
L 30.29199174 20.69200078 30.29199174 21.70800078 0 P 0
L 30.29199174 20.69200078 31.30799174 20.69200078 0 P 0
L 30.29199174 21.70800078 31.30799174 21.70800078 0 P 0
L 30.2920019 0.29200094 30.2920019 1.30800094 0 P 0
L 30.2920019 0.29200094 31.3080019 0.29200094 0 P 0
L 30.2920019 1.30800094 31.3080019 1.30800094 0 P 0
L 30.30799882 14.89199968 30.30799882 15.90799968 0 P 0
L 30.49199896 14.49200048 30.49199896 15.50800048 0 P 0
L 30.49199896 14.49200048 31.50799896 14.49200048 0 P 0
L 30.49199896 15.50800048 31.50799896 15.50800048 0 P 0
L 30.6920011 8.69199938 30.6920011 9.70799938 0 P 0
L 30.6920011 8.69199938 31.7080011 8.69199938 0 P 0
L 30.6920011 9.70799938 31.7080011 9.70799938 0 P 0
L 31.10799976 6.0919995 31.10799976 7.1079995 0 P 0
L 31.27034894 1.51424386 31.27034894 2.53024386 0 P 0
L 31.30799174 2.6920063 31.30799174 3.7080063 0 P 0
L 31.30799174 4.19200584 31.30799174 5.20800584 0 P 0
L 31.30799174 16.19200216 31.30799174 17.20800216 0 P 0
L 31.30799174 17.6920017 31.30799174 18.7080017 0 P 0
L 31.30799174 19.19200124 31.30799174 20.20800124 0 P 0
L 31.30799174 20.69200078 31.30799174 21.70800078 0 P 0
L 31.3080019 0.29200094 31.3080019 1.30800094 0 P 0
L 31.50799896 14.49200048 31.50799896 15.50800048 0 P 0
L 31.5919993 15.39200122 31.5919993 16.40800122 0 P 0
L 31.5919993 15.39200122 32.6079993 15.39200122 0 P 0
L 31.5919993 16.40800122 32.6079993 16.40800122 0 P 0
L 31.7080011 8.69199938 31.7080011 9.70799938 0 P 0
L 31.79199128 2.6920063 31.79199128 3.7080063 0 P 0
L 31.79199128 2.6920063 32.80799128 2.6920063 0 P 0
L 31.79199128 3.7080063 32.80799128 3.7080063 0 P 0
L 31.79199128 4.19200584 31.79199128 5.20800584 0 P 0
L 31.79199128 4.19200584 32.80799128 4.19200584 0 P 0
L 31.79199128 5.20800584 32.80799128 5.20800584 0 P 0
L 31.79199128 5.69200538 31.79199128 6.70800538 0 P 0
L 31.79199128 5.69200538 32.80799128 5.69200538 0 P 0
L 31.79199128 6.70800538 32.80799128 6.70800538 0 P 0
L 31.79199128 7.19200492 31.79199128 8.20800492 0 P 0
L 31.79199128 7.19200492 32.80799128 7.19200492 0 P 0
L 31.79199128 8.20800492 32.80799128 8.20800492 0 P 0
L 31.79199128 8.69200446 31.79199128 9.70800446 0 P 0
L 31.79199128 8.69200446 32.80799128 8.69200446 0 P 0
L 31.79199128 9.70800446 32.80799128 9.70800446 0 P 0
L 31.79199128 11.69200354 31.79199128 12.70800354 0 P 0
L 31.79199128 11.69200354 32.80799128 11.69200354 0 P 0
L 31.79199128 12.70800354 32.80799128 12.70800354 0 P 0
L 31.79199128 17.6920017 31.79199128 18.7080017 0 P 0
L 31.79199128 17.6920017 32.80799128 17.6920017 0 P 0
L 31.79199128 18.7080017 32.80799128 18.7080017 0 P 0
L 31.79199128 19.19200124 31.79199128 20.20800124 0 P 0
L 31.79199128 19.19200124 32.80799128 19.19200124 0 P 0
L 31.79199128 20.20800124 32.80799128 20.20800124 0 P 0
L 31.79199128 20.69200078 31.79199128 21.70800078 0 P 0
L 31.79199128 20.69200078 32.80799128 20.69200078 0 P 0
L 31.79199128 21.70800078 32.80799128 21.70800078 0 P 0
L 32.6079993 15.39200122 32.6079993 16.40800122 0 P 0
L 32.80799128 2.6920063 32.80799128 3.7080063 0 P 0
L 32.80799128 4.19200584 32.80799128 5.20800584 0 P 0
L 32.80799128 5.69200538 32.80799128 6.70800538 0 P 0
L 32.80799128 7.19200492 32.80799128 8.20800492 0 P 0
L 32.80799128 8.69200446 32.80799128 9.70800446 0 P 0
L 32.80799128 11.69200354 32.80799128 12.70800354 0 P 0
L 32.80799128 17.6920017 32.80799128 18.7080017 0 P 0
L 32.80799128 19.19200124 32.80799128 20.20800124 0 P 0
L 32.80799128 20.69200078 32.80799128 21.70800078 0 P 0
L 33.29199082 2.6920063 33.29199082 3.7080063 0 P 0
L 33.29199082 2.6920063 34.30799082 2.6920063 0 P 0
L 33.29199082 3.7080063 34.30799082 3.7080063 0 P 0
L 33.29199082 4.19200584 33.29199082 5.20800584 0 P 0
L 33.29199082 4.19200584 34.30799082 4.19200584 0 P 0
L 33.29199082 5.20800584 34.30799082 5.20800584 0 P 0
L 33.29199082 5.69200538 33.29199082 6.70800538 0 P 0
L 33.29199082 5.69200538 34.30799082 5.69200538 0 P 0
L 33.29199082 6.70800538 34.30799082 6.70800538 0 P 0
L 33.29199082 7.19200492 33.29199082 8.20800492 0 P 0
L 33.29199082 7.19200492 34.30799082 7.19200492 0 P 0
L 33.29199082 8.20800492 34.30799082 8.20800492 0 P 0
L 33.29199082 8.69200446 33.29199082 9.70800446 0 P 0
L 33.29199082 8.69200446 34.30799082 8.69200446 0 P 0
L 33.29199082 9.70800446 34.30799082 9.70800446 0 P 0
L 33.29199082 11.69200354 33.29199082 12.70800354 0 P 0
L 33.29199082 11.69200354 34.30799082 11.69200354 0 P 0
L 33.29199082 12.70800354 34.30799082 12.70800354 0 P 0
L 33.29199082 17.6920017 33.29199082 18.7080017 0 P 0
L 33.29199082 17.6920017 34.30799082 17.6920017 0 P 0
L 33.29199082 18.7080017 34.30799082 18.7080017 0 P 0
L 33.29199082 19.19200124 33.29199082 20.20800124 0 P 0
L 33.29199082 19.19200124 34.30799082 19.19200124 0 P 0
L 33.29199082 20.20800124 34.30799082 20.20800124 0 P 0
L 33.29199082 20.69200078 33.29199082 21.70800078 0 P 0
L 33.29199082 20.69200078 34.30799082 20.69200078 0 P 0
L 33.29199082 21.70800078 34.30799082 21.70800078 0 P 0
L 34.30799082 2.6920063 34.30799082 3.7080063 0 P 0
L 34.30799082 4.19200584 34.30799082 5.20800584 0 P 0
L 34.30799082 5.69200538 34.30799082 6.70800538 0 P 0
L 34.30799082 7.19200492 34.30799082 8.20800492 0 P 0
L 34.30799082 8.69200446 34.30799082 9.70800446 0 P 0
L 34.30799082 11.69200354 34.30799082 12.70800354 0 P 0
L 34.30799082 17.6920017 34.30799082 18.7080017 0 P 0
L 34.30799082 19.19200124 34.30799082 20.20800124 0 P 0
L 34.30799082 20.69200078 34.30799082 21.70800078 0 P 0
L 34.79199036 2.6920063 34.79199036 3.7080063 0 P 0
L 34.79199036 2.6920063 35.80799036 2.6920063 0 P 0
L 34.79199036 3.7080063 35.80799036 3.7080063 0 P 0
L 34.79199036 4.19200584 34.79199036 5.20800584 0 P 0
L 34.79199036 4.19200584 35.80799036 4.19200584 0 P 0
L 34.79199036 5.20800584 35.80799036 5.20800584 0 P 0
L 34.79199036 5.69200538 34.79199036 6.70800538 0 P 0
L 34.79199036 5.69200538 35.80799036 5.69200538 0 P 0
L 34.79199036 6.70800538 35.80799036 6.70800538 0 P 0
L 34.79199036 8.69200446 34.79199036 9.70800446 0 P 0
L 34.79199036 8.69200446 35.80799036 8.69200446 0 P 0
L 34.79199036 9.70800446 35.80799036 9.70800446 0 P 0
L 34.79199036 11.69200354 34.79199036 12.70800354 0 P 0
L 34.79199036 11.69200354 35.80799036 11.69200354 0 P 0
L 34.79199036 12.70800354 35.80799036 12.70800354 0 P 0
L 34.79199036 17.6920017 34.79199036 18.7080017 0 P 0
L 34.79199036 17.6920017 35.80799036 17.6920017 0 P 0
L 34.79199036 18.7080017 35.80799036 18.7080017 0 P 0
L 34.79199036 19.19200124 34.79199036 20.20800124 0 P 0
L 34.79199036 19.19200124 35.80799036 19.19200124 0 P 0
L 34.79199036 20.20800124 35.80799036 20.20800124 0 P 0
L 34.79199036 20.69200078 34.79199036 21.70800078 0 P 0
L 34.79199036 20.69200078 35.80799036 20.69200078 0 P 0
L 34.79199036 21.70800078 35.80799036 21.70800078 0 P 0
L 34.79200052 0.29200094 34.79200052 1.30800094 0 P 0
L 34.79200052 0.29200094 35.80800052 0.29200094 0 P 0
L 34.79200052 1.30800094 35.80800052 1.30800094 0 P 0
L 34.79200052 1.49200108 34.79200052 2.50800108 0 P 0
L 34.79200052 1.49200108 35.80800052 1.49200108 0 P 0
L 34.79200052 2.50800108 35.80800052 2.50800108 0 P 0
L 35.80799036 2.6920063 35.80799036 3.7080063 0 P 0
L 35.80799036 4.19200584 35.80799036 5.20800584 0 P 0
L 35.80799036 5.69200538 35.80799036 6.70800538 0 P 0
L 35.80799036 8.69200446 35.80799036 9.70800446 0 P 0
L 35.80799036 11.69200354 35.80799036 12.70800354 0 P 0
L 35.80799036 17.6920017 35.80799036 18.7080017 0 P 0
L 35.80799036 19.19200124 35.80799036 20.20800124 0 P 0
L 35.80799036 20.69200078 35.80799036 21.70800078 0 P 0
L 35.80800052 0.29200094 35.80800052 1.30800094 0 P 0
L 35.80800052 1.49200108 35.80800052 2.50800108 0 P 0
L 36.2919899 4.19200584 36.2919899 5.20800584 0 P 0
L 36.2919899 4.19200584 37.3079899 4.19200584 0 P 0
L 36.2919899 5.20800584 37.3079899 5.20800584 0 P 0
L 36.2919899 5.69200538 36.2919899 6.70800538 0 P 0
L 36.2919899 5.69200538 37.3079899 5.69200538 0 P 0
L 36.2919899 6.70800538 37.3079899 6.70800538 0 P 0
L 36.2919899 8.69200446 36.2919899 9.70800446 0 P 0
L 36.2919899 8.69200446 37.3079899 8.69200446 0 P 0
L 36.2919899 9.70800446 37.3079899 9.70800446 0 P 0
L 36.2919899 11.69200354 36.2919899 12.70800354 0 P 0
L 36.2919899 11.69200354 37.3079899 11.69200354 0 P 0
L 36.2919899 12.70800354 37.3079899 12.70800354 0 P 0
L 36.2919899 17.6920017 36.2919899 18.7080017 0 P 0
L 36.2919899 17.6920017 37.3079899 17.6920017 0 P 0
L 36.2919899 18.7080017 37.3079899 18.7080017 0 P 0
L 36.2919899 19.19200124 36.2919899 20.20800124 0 P 0
L 36.2919899 19.19200124 37.3079899 19.19200124 0 P 0
L 36.2919899 20.20800124 37.3079899 20.20800124 0 P 0
L 36.2919899 20.69200078 36.2919899 21.70800078 0 P 0
L 36.2919899 20.69200078 37.3079899 20.69200078 0 P 0
L 36.2919899 21.70800078 37.3079899 21.70800078 0 P 0
L 36.9920012 1.99200008 37.2460012 2.50000008 0 P 0
L 36.9920012 1.99200008 37.5000012 2.24600008 0 P 0
L 36.9920012 3.00800008 37.2460012 2.50000008 0 P 0
L 36.9920012 3.00800008 37.5000012 2.75400008 0 P 0
L 37.3079899 4.19200584 37.3079899 5.20800584 0 P 0
L 37.3079899 5.69200538 37.3079899 6.70800538 0 P 0
L 37.3079899 8.69200446 37.3079899 9.70800446 0 P 0
L 37.3079899 11.69200354 37.3079899 12.70800354 0 P 0
L 37.3079899 17.6920017 37.3079899 18.7080017 0 P 0
L 37.3079899 19.19200124 37.3079899 20.20800124 0 P 0
L 37.3079899 20.69200078 37.3079899 21.70800078 0 P 0
L 37.5000012 2.24600008 38.0080012 1.99200008 0 P 0
L 37.5000012 2.75400008 38.0080012 3.00800008 0 P 0
L 37.7540012 2.50000008 38.0080012 1.99200008 0 P 0
L 37.7540012 2.50000008 38.0080012 3.00800008 0 P 0
L 37.79198944 4.19200584 37.79198944 5.20800584 0 P 0
L 37.79198944 4.19200584 38.80798944 4.19200584 0 P 0
L 37.79198944 5.20800584 38.80798944 5.20800584 0 P 0
L 37.79198944 5.69200538 37.79198944 6.70800538 0 P 0
L 37.79198944 5.69200538 38.80798944 5.69200538 0 P 0
L 37.79198944 6.70800538 38.80798944 6.70800538 0 P 0
L 37.79198944 7.19200492 37.79198944 8.20800492 0 P 0
L 37.79198944 7.19200492 38.80798944 7.19200492 0 P 0
L 37.79198944 8.20800492 38.80798944 8.20800492 0 P 0
L 37.79198944 8.69200446 37.79198944 9.70800446 0 P 0
L 37.79198944 8.69200446 38.80798944 8.69200446 0 P 0
L 37.79198944 9.70800446 38.80798944 9.70800446 0 P 0
L 37.79198944 10.192004 37.79198944 11.208004 0 P 0
L 37.79198944 10.192004 38.80798944 10.192004 0 P 0
L 37.79198944 11.208004 38.80798944 11.208004 0 P 0
L 37.79198944 11.69200354 37.79198944 12.70800354 0 P 0
L 37.79198944 11.69200354 38.80798944 11.69200354 0 P 0
L 37.79198944 12.70800354 38.80798944 12.70800354 0 P 0
L 37.79198944 13.19200308 37.79198944 14.20800308 0 P 0
L 37.79198944 13.19200308 38.80798944 13.19200308 0 P 0
L 37.79198944 14.20800308 38.80798944 14.20800308 0 P 0
L 37.79198944 14.69200262 37.79198944 15.70800262 0 P 0
L 37.79198944 14.69200262 38.80798944 14.69200262 0 P 0
L 37.79198944 15.70800262 38.80798944 15.70800262 0 P 0
L 37.79198944 16.19200216 37.79198944 17.20800216 0 P 0
L 37.79198944 16.19200216 38.80798944 16.19200216 0 P 0
L 37.79198944 17.20800216 38.80798944 17.20800216 0 P 0
L 37.79198944 17.6920017 37.79198944 18.7080017 0 P 0
L 37.79198944 17.6920017 38.80798944 17.6920017 0 P 0
L 37.79198944 18.7080017 38.80798944 18.7080017 0 P 0
L 37.79198944 19.19200124 37.79198944 20.20800124 0 P 0
L 37.79198944 19.19200124 38.80798944 19.19200124 0 P 0
L 37.79198944 20.20800124 38.80798944 20.20800124 0 P 0
L 37.79198944 20.69200078 37.79198944 21.70800078 0 P 0
L 37.79198944 20.69200078 38.80798944 20.69200078 0 P 0
L 37.79198944 21.70800078 38.80798944 21.70800078 0 P 0
L 38.80798944 4.19200584 38.80798944 5.20800584 0 P 0
L 38.80798944 5.69200538 38.80798944 6.70800538 0 P 0
L 38.80798944 7.19200492 38.80798944 8.20800492 0 P 0
L 38.80798944 8.69200446 38.80798944 9.70800446 0 P 0
L 38.80798944 10.192004 38.80798944 11.208004 0 P 0
L 38.80798944 11.69200354 38.80798944 12.70800354 0 P 0
L 38.80798944 13.19200308 38.80798944 14.20800308 0 P 0
L 38.80798944 14.69200262 38.80798944 15.70800262 0 P 0
L 38.80798944 16.19200216 38.80798944 17.20800216 0 P 0
L 38.80798944 17.6920017 38.80798944 18.7080017 0 P 0
L 38.80798944 19.19200124 38.80798944 20.20800124 0 P 0
L 38.80798944 20.69200078 38.80798944 21.70800078 0 P 0
