UNITS=MM
#Layer_Color=32768
#
#Feature symbol names
#
$0 r49.9999
$1 r99.9998

#
#Feature attribute names
#
@0 .nomenclature
@1 .string
@2 .string_angle

#
#Feature attribute text strings
#
&0 U1

#
#Layer features
#
L 0.49000156 -6.02000066 0.49000156 5.2449984 0 P 0
L 0.49000156 -6.02000066 21.51000016 -6.02000066 0 P 0
L 0.49000156 5.2449984 21.51000016 5.2449984 0 P 0
L 1.20000014 13.62499942 1.20000014 16.40000022 0 P 0
L 1.20000014 13.62499942 5.8000011 13.62499942 0 P 0
L 1.20000014 16.40000022 5.8000011 16.40000022 0 P 0
L 1.44999964 16.59999982 1.44999964 17.39999822 0 P 0
L 1.44999964 16.59999982 2.90000182 16.59999982 0 P 0
L 1.44999964 17.39999822 2.90000182 17.39999822 0 P 0
L 1.90000128 16.99999902 2.5250013 16.99999902 0 P 0
L 2.20000068 16.67504158 2.20000068 17.27504038 0 P 0
L 2.59999734 18.29999896 2.59999734 19.90000084 0 P 0
L 2.59999734 18.29999896 3.39999828 18.29999896 0 P 0
L 2.59999734 19.90000084 3.39999828 19.90000084 0 P 0
L 2.69999968 19.0999999 3.29999848 19.0999999 0 P 0
L 2.90000182 16.59999982 2.90000182 17.39999822 0 P 0
L 2.99999908 18.8000005 2.99999908 19.3999993 0 P 0
L 3.00000162 15.00000048 3.99999962 15.00000048 0 P 0
L 3.39999828 18.29999896 3.39999828 19.90000084 0 P 0
L 3.50000062 14.50000148 3.50000062 15.49999948 0 P 0
L 3.59999788 18.29999896 3.59999788 19.90000084 0 P 0
L 3.59999788 18.29999896 4.39999882 18.29999896 0 P 0
L 3.59999788 19.90000084 4.39999882 19.90000084 0 P 0
L 3.70000022 19.0999999 4.29999902 19.0999999 0 P 0
L 3.99999962 18.8000005 3.99999962 19.3999993 0 P 0
L 4.39999882 18.29999896 4.39999882 19.90000084 0 P 0
L 4.59999842 18.29999896 4.59999842 19.90000084 0 P 0
L 4.59999842 18.29999896 5.39999936 18.29999896 0 P 0
L 4.59999842 19.90000084 5.39999936 19.90000084 0 P 0
L 4.70000076 19.0999999 5.29999956 19.0999999 0 P 0
L 5.00000016 18.8000005 5.00000016 19.3999993 0 P 0
L 5.39999936 18.29999896 5.39999936 19.90000084 0 P 0
L 5.59999896 18.29999896 5.59999896 19.90000084 0 P 0
L 5.59999896 18.29999896 6.3999999 18.29999896 0 P 0
L 5.59999896 19.90000084 6.3999999 19.90000084 0 P 0
L 5.7000013 19.0999999 6.3000001 19.0999999 0 P 0
L 5.8000011 13.62499942 5.8000011 16.40000022 0 P 0
L 5.8000011 24.7000014 5.8000011 40.10000108 0 P 0
L 5.8000011 24.7000014 16.20000062 24.7000014 0 P 0
L 5.8000011 40.10000108 16.20000062 40.10000108 0 P 0
L 6.0000007 18.8000005 6.0000007 19.3999993 0 P 0
L 6.3999999 18.29999896 6.3999999 19.90000084 0 P 0
L 6.60000204 18.29999896 6.60000204 19.90000084 0 P 0
L 6.60000204 18.29999896 7.40000298 18.29999896 0 P 0
L 6.60000204 19.90000084 7.40000298 19.90000084 0 P 0
L 6.70000184 19.0999999 7.30000064 19.0999999 0 P 0
L 7.00000124 18.8000005 7.00000124 19.3999993 0 P 0
L 7.40000298 18.29999896 7.40000298 19.90000084 0 P 0
L 8.69999784 18.29999896 8.69999784 19.90000084 0 P 0
L 8.69999784 18.29999896 9.49999878 18.29999896 0 P 0
L 8.69999784 19.90000084 9.49999878 19.90000084 0 P 0
L 8.80000018 19.0999999 9.39999898 19.0999999 0 P 0
L 9.09999958 18.8000005 9.09999958 19.3999993 0 P 0
L 9.19999938 13.3999986 9.19999938 15.79999888 0 P 0
L 9.19999938 13.3999986 12.19999846 13.3999986 0 P 0
L 9.19999938 15.79999888 12.19999846 15.79999888 0 P 0
L 9.49999878 18.29999896 9.49999878 19.90000084 0 P 0
L 9.69999838 18.29999896 9.69999838 19.90000084 0 P 0
L 9.69999838 18.29999896 10.49999932 18.29999896 0 P 0
L 9.69999838 19.90000084 10.49999932 19.90000084 0 P 0
L 9.80000072 19.0999999 10.39999952 19.0999999 0 P 0
L 9.90032056 32.50000358 10.73338468 32.50000358 1 P 0 ;0,1=0,2=90.000000
L 9.90032056 33.66629538 10.0669344 33.49968154 1 P 0 ;0,1=0,2=90.000000
L 10.10000012 18.8000005 10.10000012 19.3999993 0 P 0
L 10.19999992 14.59999874 11.19999792 14.59999874 0 P 0
L 10.49999932 18.29999896 10.49999932 19.90000084 0 P 0
L 10.50000186 1.44999964 11.49999986 1.44999964 0 P 0
L 10.50000186 32.40000124 11.49999986 32.40000124 0 P 0
L 10.69999892 14.09999974 10.69999892 15.09999774 0 P 0
L 10.73338468 32.50000358 10.89999852 32.66661742 1 P 0 ;0,1=0,2=90.000000
L 10.73338468 33.16645386 9.90032056 33.16645386 1 P 0 ;0,1=0,2=90.000000
L 10.89999852 32.66661742 10.89999852 32.99984256 1 P 0 ;0,1=0,2=90.000000
L 10.89999852 32.99984256 10.73338468 33.16645386 1 P 0 ;0,1=0,2=90.000000
L 10.89999852 33.49968154 10.89999852 33.83290668 1 P 0 ;0,1=0,2=90.000000
L 10.89999852 33.66629538 9.90032056 33.66629538 1 P 0 ;0,1=0,2=90.000000
L 10.89999852 33.83290668 10.89999852 33.66629538 1 P 0 ;0,1=0,2=90.000000
L 11.00000086 0.95000064 11.00000086 1.94999864 0 P 0
L 11.00000086 31.8999997 11.00000086 32.90000024 0 P 0
L 11.25000036 17.7000027 11.25000036 19.90000338 0 P 0
L 11.25000036 17.7000027 12.5500003 17.7000027 0 P 0
L 11.25000036 19.90000338 12.5500003 19.90000338 0 P 0
L 11.40000006 18.80000304 12.4000006 18.80000304 1 P 0
L 11.89999906 18.30000404 11.89999906 19.30000204 1 P 0
L 12.19999846 13.3999986 12.19999846 15.79999888 0 P 0
L 12.5500003 17.7000027 12.5500003 19.90000338 0 P 0
L 12.7999998 18.29999896 12.7999998 19.90000084 0 P 0
L 12.7999998 18.29999896 13.60000074 18.29999896 0 P 0
L 12.7999998 19.90000084 13.60000074 19.90000084 0 P 0
L 12.8999996 19.0999999 13.4999984 19.0999999 0 P 0
L 13.199999 18.8000005 13.199999 19.3999993 0 P 0
L 13.60000074 18.29999896 13.60000074 19.90000084 0 P 0
L 13.80000034 18.29999896 13.80000034 19.90000084 0 P 0
L 13.80000034 18.29999896 14.60000128 18.29999896 0 P 0
L 13.80000034 19.90000084 14.60000128 19.90000084 0 P 0
L 13.90000014 19.0999999 14.49999894 19.0999999 0 P 0
L 14.19999954 18.8000005 14.19999954 19.3999993 0 P 0
L 14.60000128 18.29999896 14.60000128 19.90000084 0 P 0
L 14.79999834 18.29999896 14.79999834 19.90000084 0 P 0
L 14.79999834 18.29999896 15.59999928 18.29999896 0 P 0
L 14.79999834 19.90000084 15.59999928 19.90000084 0 P 0
L 14.90000068 19.0999999 15.49999948 19.0999999 0 P 0
L 15.20000008 18.8000005 15.20000008 19.3999993 0 P 0
L 15.59999928 18.29999896 15.59999928 19.90000084 0 P 0
L 15.79999888 18.29999896 15.79999888 19.90000084 0 P 0
L 15.79999888 18.29999896 16.59999982 18.29999896 0 P 0
L 15.79999888 19.90000084 16.59999982 19.90000084 0 P 0
L 15.90000122 19.0999999 16.50000002 19.0999999 0 P 0
L 16.20000062 13.62499942 16.20000062 16.40000022 0 P 0
L 16.20000062 13.62499942 20.80000158 13.62499942 0 P 0
L 16.20000062 16.40000022 20.80000158 16.40000022 0 P 0
L 16.20000062 18.8000005 16.20000062 19.3999993 0 P 0
L 16.20000062 24.7000014 16.20000062 40.10000108 0 P 0
L 16.45000012 16.59999982 16.45000012 17.39999822 0 P 0
L 16.45000012 16.59999982 17.9000023 16.59999982 0 P 0
L 16.45000012 17.39999822 17.9000023 17.39999822 0 P 0
L 16.59999982 18.29999896 16.59999982 19.90000084 0 P 0
L 16.61499852 33.89999824 16.61499852 35.09999838 0 P 0
L 16.61499852 33.89999824 18.8149992 33.89999824 0 P 0
L 16.61499852 35.09999838 18.8149992 35.09999838 0 P 0
L 16.61499852 35.10000092 16.61499852 36.30000106 0 P 0
L 16.61499852 35.10000092 18.8149992 35.10000092 0 P 0
L 16.61499852 36.30000106 18.8149992 36.30000106 0 P 0
L 16.79999942 18.29999896 16.79999942 19.90000084 0 P 0
L 16.79999942 18.29999896 17.60000036 18.29999896 0 P 0
L 16.79999942 19.90000084 17.60000036 19.90000084 0 P 0
L 16.90000176 16.99999902 17.52500178 16.99999902 0 P 0
L 16.90000176 19.0999999 17.50000056 19.0999999 0 P 0
L 17.20000116 16.67504158 17.20000116 17.27504038 0 P 0
L 17.20000116 18.8000005 17.20000116 19.3999993 0 P 0
L 17.41499692 35.69999972 18.01499826 35.69999972 1 P 0
L 17.41499946 34.49999958 18.0150008 34.49999958 1 P 0
L 17.60000036 18.29999896 17.60000036 19.90000084 0 P 0
L 17.71499886 34.19999764 17.71499886 34.79999898 1 P 0
L 17.71499886 35.40000032 17.71499886 36.00000166 1 P 0
L 17.79999742 18.29999896 17.79999742 19.90000084 0 P 0
L 17.79999742 18.29999896 18.59999836 18.29999896 0 P 0
L 17.79999742 19.90000084 18.59999836 19.90000084 0 P 0
L 17.89999976 19.0999999 18.49999856 19.0999999 0 P 0
L 17.9000023 16.59999982 17.9000023 17.39999822 0 P 0
L 18.0000021 15.00000048 19.0000001 15.00000048 0 P 0
L 18.19999916 18.8000005 18.19999916 19.3999993 0 P 0
L 18.5000011 14.50000148 18.5000011 15.49999948 0 P 0
L 18.59999836 18.29999896 18.59999836 19.90000084 0 P 0
L 18.79999796 18.29999896 18.79999796 19.90000084 0 P 0
L 18.79999796 18.29999896 19.5999989 18.29999896 0 P 0
L 18.79999796 19.90000084 19.5999989 19.90000084 0 P 0
L 18.8149992 33.89999824 18.8149992 35.09999838 0 P 0
L 18.8149992 35.10000092 18.8149992 36.30000106 0 P 0
L 18.9000003 19.0999999 19.4999991 19.0999999 0 P 0
L 19.1999997 18.8000005 19.1999997 19.3999993 0 P 0
L 19.5999989 18.29999896 19.5999989 19.90000084 0 P 0
L 20.2499976 17.69999762 20.2499976 19.8999983 0 P 0
L 20.2499976 17.69999762 21.54999754 17.69999762 0 P 0
L 20.2499976 19.8999983 21.54999754 19.8999983 0 P 0
L 20.3999973 18.79999796 21.39999784 18.79999796 1 P 0
L 20.80000158 13.62499942 20.80000158 16.40000022 0 P 0
L 20.89999884 18.29999896 20.89999884 19.29999696 1 P 0
L 21.51000016 -6.02000066 21.51000016 5.2449984 0 P 0
L 21.54999754 17.69999762 21.54999754 19.8999983 0 P 0
