UNITS=MM
#Layer_Color=9474304
#
#Feature symbol names
#
$0 r127
$1 r169.33164

#
#Feature attribute names
#

#
#Layer features
#
A 11.61800064 4.16999928 11.61800064 4.16999928 11.11000064 4.16999928 1 P 0 N
A 14.15800064 4.16999928 14.15800064 4.16999928 13.65000064 4.16999928 1 P 0 N
A 16.69800064 4.16999928 16.69800064 4.16999928 16.19000064 4.16999928 1 P 0 N
A 19.23800064 4.16999928 19.23800064 4.16999928 18.73000064 4.16999928 1 P 0 N
A 21.77800064 4.16999928 21.77800064 4.16999928 21.27000064 4.16999928 1 P 0 N
A 24.31800064 4.16999928 24.31800064 4.16999928 23.81000064 4.16999928 1 P 0 N
A 26.85800064 4.16999928 26.85800064 4.16999928 26.35000064 4.16999928 1 P 0 N
A 29.39800064 4.16999928 29.39800064 4.16999928 28.89000064 4.16999928 1 P 0 N
L 0.29200094 4.19200584 0.54600094 4.70000584 0 P 0
L 0.29200094 4.19200584 0.80000094 4.44600584 0 P 0
L 0.29200094 5.20800584 0.54600094 4.70000584 0 P 0
L 0.29200094 5.20800584 0.80000094 4.95400584 0 P 0
L 0.29200094 5.69200538 0.54600094 6.20000538 0 P 0
L 0.29200094 5.69200538 0.80000094 5.94600538 0 P 0
L 0.29200094 6.70800538 0.54600094 6.20000538 0 P 0
L 0.29200094 6.70800538 0.80000094 6.45400538 0 P 0
L 0.29200094 7.19200492 0.54600094 7.70000492 0 P 0
L 0.29200094 7.19200492 0.80000094 7.44600492 0 P 0
L 0.29200094 8.20800492 0.54600094 7.70000492 0 P 0
L 0.29200094 8.20800492 0.80000094 7.95400492 0 P 0
L 0.29200094 8.69200446 0.54600094 9.20000446 0 P 0
L 0.29200094 8.69200446 0.80000094 8.94600446 0 P 0
L 0.29200094 9.70800446 0.54600094 9.20000446 0 P 0
L 0.29200094 9.70800446 0.80000094 9.45400446 0 P 0
L 0.29200094 10.192004 0.54600094 10.700004 0 P 0
L 0.29200094 10.192004 0.80000094 10.446004 0 P 0
L 0.29200094 11.208004 0.54600094 10.700004 0 P 0
L 0.29200094 11.208004 0.80000094 10.954004 0 P 0
L 0.29200094 11.69200354 0.54600094 12.20000354 0 P 0
L 0.29200094 11.69200354 0.80000094 11.94600354 0 P 0
L 0.29200094 12.70800354 0.54600094 12.20000354 0 P 0
L 0.29200094 12.70800354 0.80000094 12.45400354 0 P 0
L 0.29200094 16.19200216 0.54600094 16.70000216 0 P 0
L 0.29200094 16.19200216 0.80000094 16.44600216 0 P 0
L 0.29200094 17.20800216 0.54600094 16.70000216 0 P 0
L 0.29200094 17.20800216 0.80000094 16.95400216 0 P 0
L 0.29200094 17.6920017 0.54600094 18.2000017 0 P 0
L 0.29200094 17.6920017 0.80000094 17.9460017 0 P 0
L 0.29200094 18.7080017 0.54600094 18.2000017 0 P 0
L 0.29200094 18.7080017 0.80000094 18.4540017 0 P 0
L 0.29200094 19.19200124 0.54600094 19.70000124 0 P 0
L 0.29200094 19.19200124 0.80000094 19.44600124 0 P 0
L 0.29200094 20.20800124 0.54600094 19.70000124 0 P 0
L 0.29200094 20.20800124 0.80000094 19.95400124 0 P 0
L 0.29200094 20.69200078 0.54600094 21.20000078 0 P 0
L 0.29200094 20.69200078 0.80000094 20.94600078 0 P 0
L 0.29200094 21.70800078 0.54600094 21.20000078 0 P 0
L 0.29200094 21.70800078 0.80000094 21.45400078 0 P 0
L 0.80000094 4.44600584 1.30800094 4.19200584 0 P 0
L 0.80000094 4.95400584 1.30800094 5.20800584 0 P 0
L 0.80000094 5.94600538 1.30800094 5.69200538 0 P 0
L 0.80000094 6.45400538 1.30800094 6.70800538 0 P 0
L 0.80000094 7.44600492 1.30800094 7.19200492 0 P 0
L 0.80000094 7.95400492 1.30800094 8.20800492 0 P 0
L 0.80000094 8.94600446 1.30800094 8.69200446 0 P 0
L 0.80000094 9.45400446 1.30800094 9.70800446 0 P 0
L 0.80000094 10.446004 1.30800094 10.192004 0 P 0
L 0.80000094 10.954004 1.30800094 11.208004 0 P 0
L 0.80000094 11.94600354 1.30800094 11.69200354 0 P 0
L 0.80000094 12.45400354 1.30800094 12.70800354 0 P 0
L 0.80000094 16.44600216 1.30800094 16.19200216 0 P 0
L 0.80000094 16.95400216 1.30800094 17.20800216 0 P 0
L 0.80000094 17.9460017 1.30800094 17.6920017 0 P 0
L 0.80000094 18.4540017 1.30800094 18.7080017 0 P 0
L 0.80000094 19.44600124 1.30800094 19.19200124 0 P 0
L 0.80000094 19.95400124 1.30800094 20.20800124 0 P 0
L 0.80000094 20.94600078 1.30800094 20.69200078 0 P 0
L 0.80000094 21.45400078 1.30800094 21.70800078 0 P 0
L 1.05400094 4.70000584 1.30800094 4.19200584 0 P 0
L 1.05400094 4.70000584 1.30800094 5.20800584 0 P 0
L 1.05400094 6.20000538 1.30800094 5.69200538 0 P 0
L 1.05400094 6.20000538 1.30800094 6.70800538 0 P 0
L 1.05400094 7.70000492 1.30800094 7.19200492 0 P 0
L 1.05400094 7.70000492 1.30800094 8.20800492 0 P 0
L 1.05400094 9.20000446 1.30800094 8.69200446 0 P 0
L 1.05400094 9.20000446 1.30800094 9.70800446 0 P 0
L 1.05400094 10.700004 1.30800094 10.192004 0 P 0
L 1.05400094 10.700004 1.30800094 11.208004 0 P 0
L 1.05400094 12.20000354 1.30800094 11.69200354 0 P 0
L 1.05400094 12.20000354 1.30800094 12.70800354 0 P 0
L 1.05400094 16.70000216 1.30800094 16.19200216 0 P 0
L 1.05400094 16.70000216 1.30800094 17.20800216 0 P 0
L 1.05400094 18.2000017 1.30800094 17.6920017 0 P 0
L 1.05400094 18.2000017 1.30800094 18.7080017 0 P 0
L 1.05400094 19.70000124 1.30800094 19.19200124 0 P 0
L 1.05400094 19.70000124 1.30800094 20.20800124 0 P 0
L 1.05400094 21.20000078 1.30800094 20.69200078 0 P 0
L 1.05400094 21.20000078 1.30800094 21.70800078 0 P 0
L 1.3716 14.1478 1.6256 14.6558 0 P 0
L 1.3716 14.1478 1.8796 14.4018 0 P 0
L 1.3716 15.1638 1.6256 14.6558 0 P 0
L 1.3716 15.1638 1.8796 14.9098 0 P 0
L 1.57600142 9.31200068 1.57600142 10.32800068 0 P 0
L 1.57600142 9.31200068 2.59200142 9.31200068 0 P 0
L 1.57600142 10.32800068 2.59200142 10.32800068 0 P 0
L 1.79200048 4.19200584 2.04600048 4.70000584 0 P 0
L 1.79200048 4.19200584 2.30000048 4.44600584 0 P 0
L 1.79200048 5.20800584 2.04600048 4.70000584 0 P 0
L 1.79200048 5.20800584 2.30000048 4.95400584 0 P 0
L 1.79200048 5.69200538 2.04600048 6.20000538 0 P 0
L 1.79200048 5.69200538 2.30000048 5.94600538 0 P 0
L 1.79200048 6.70800538 2.04600048 6.20000538 0 P 0
L 1.79200048 6.70800538 2.30000048 6.45400538 0 P 0
L 1.79200048 7.19200492 2.04600048 7.70000492 0 P 0
L 1.79200048 7.19200492 2.30000048 7.44600492 0 P 0
L 1.79200048 8.20800492 2.04600048 7.70000492 0 P 0
L 1.79200048 8.20800492 2.30000048 7.95400492 0 P 0
L 1.79200048 16.19200216 2.04600048 16.70000216 0 P 0
L 1.79200048 16.19200216 2.30000048 16.44600216 0 P 0
L 1.79200048 17.20800216 2.04600048 16.70000216 0 P 0
L 1.79200048 17.20800216 2.30000048 16.95400216 0 P 0
L 1.79200048 17.6920017 2.04600048 18.2000017 0 P 0
L 1.79200048 17.6920017 2.30000048 17.9460017 0 P 0
L 1.79200048 18.7080017 2.04600048 18.2000017 0 P 0
L 1.79200048 18.7080017 2.30000048 18.4540017 0 P 0
L 1.79200048 19.19200124 2.04600048 19.70000124 0 P 0
L 1.79200048 19.19200124 2.30000048 19.44600124 0 P 0
L 1.79200048 20.20800124 2.04600048 19.70000124 0 P 0
L 1.79200048 20.20800124 2.30000048 19.95400124 0 P 0
L 1.79200048 20.69200078 2.04600048 21.20000078 0 P 0
L 1.79200048 20.69200078 2.30000048 20.94600078 0 P 0
L 1.79200048 21.70800078 2.04600048 21.20000078 0 P 0
L 1.79200048 21.70800078 2.30000048 21.45400078 0 P 0
L 1.8796 14.4018 2.3876 14.1478 0 P 0
L 1.8796 14.9098 2.3876 15.1638 0 P 0
L 1.99200008 3.00800008 2.50000008 1.99200008 0 P 0
L 1.99200008 3.00800008 3.00800008 3.00800008 0 P 0
L 2.1336 14.6558 2.3876 14.1478 0 P 0
L 2.1336 14.6558 2.3876 15.1638 0 P 0
L 2.30000048 4.44600584 2.80800048 4.19200584 0 P 0
L 2.30000048 4.95400584 2.80800048 5.20800584 0 P 0
L 2.30000048 5.94600538 2.80800048 5.69200538 0 P 0
L 2.30000048 6.45400538 2.80800048 6.70800538 0 P 0
L 2.30000048 7.44600492 2.80800048 7.19200492 0 P 0
L 2.30000048 7.95400492 2.80800048 8.20800492 0 P 0
L 2.30000048 16.44600216 2.80800048 16.19200216 0 P 0
L 2.30000048 16.95400216 2.80800048 17.20800216 0 P 0
L 2.30000048 17.9460017 2.80800048 17.6920017 0 P 0
L 2.30000048 18.4540017 2.80800048 18.7080017 0 P 0
L 2.30000048 19.44600124 2.80800048 19.19200124 0 P 0
L 2.30000048 19.95400124 2.80800048 20.20800124 0 P 0
L 2.30000048 20.94600078 2.80800048 20.69200078 0 P 0
L 2.30000048 21.45400078 2.80800048 21.70800078 0 P 0
L 2.50000008 1.99200008 3.00800008 3.00800008 0 P 0
L 2.55400048 4.70000584 2.80800048 4.19200584 0 P 0
L 2.55400048 4.70000584 2.80800048 5.20800584 0 P 0
L 2.55400048 6.20000538 2.80800048 5.69200538 0 P 0
L 2.55400048 6.20000538 2.80800048 6.70800538 0 P 0
L 2.55400048 7.70000492 2.80800048 7.19200492 0 P 0
L 2.55400048 7.70000492 2.80800048 8.20800492 0 P 0
L 2.55400048 16.70000216 2.80800048 16.19200216 0 P 0
L 2.55400048 16.70000216 2.80800048 17.20800216 0 P 0
L 2.55400048 18.2000017 2.80800048 17.6920017 0 P 0
L 2.55400048 18.2000017 2.80800048 18.7080017 0 P 0
L 2.55400048 19.70000124 2.80800048 19.19200124 0 P 0
L 2.55400048 19.70000124 2.80800048 20.20800124 0 P 0
L 2.55400048 21.20000078 2.80800048 20.69200078 0 P 0
L 2.55400048 21.20000078 2.80800048 21.70800078 0 P 0
L 2.59200142 9.31200068 2.59200142 10.32800068 0 P 0
L 2.59200142 14.39200068 2.59200142 15.40800068 0 P 0
L 2.59200142 14.39200068 3.60800142 14.39200068 0 P 0
L 2.59200142 15.40800068 3.60800142 15.40800068 0 P 0
L 3.29200002 4.19200584 3.54600002 4.70000584 0 P 0
L 3.29200002 4.19200584 3.80000002 4.44600584 0 P 0
L 3.29200002 5.20800584 3.54600002 4.70000584 0 P 0
L 3.29200002 5.20800584 3.80000002 4.95400584 0 P 0
L 3.29200002 5.69200538 3.54600002 6.20000538 0 P 0
L 3.29200002 5.69200538 3.80000002 5.94600538 0 P 0
L 3.29200002 6.70800538 3.54600002 6.20000538 0 P 0
L 3.29200002 6.70800538 3.80000002 6.45400538 0 P 0
L 3.29200002 7.19200492 3.54600002 7.70000492 0 P 0
L 3.29200002 7.19200492 3.80000002 7.44600492 0 P 0
L 3.29200002 8.20800492 3.54600002 7.70000492 0 P 0
L 3.29200002 8.20800492 3.80000002 7.95400492 0 P 0
L 3.29200002 16.19200216 3.54600002 16.70000216 0 P 0
L 3.29200002 16.19200216 3.80000002 16.44600216 0 P 0
L 3.29200002 17.20800216 3.54600002 16.70000216 0 P 0
L 3.29200002 17.20800216 3.80000002 16.95400216 0 P 0
L 3.29200002 17.6920017 3.54600002 18.2000017 0 P 0
L 3.29200002 17.6920017 3.80000002 17.9460017 0 P 0
L 3.29200002 18.7080017 3.54600002 18.2000017 0 P 0
L 3.29200002 18.7080017 3.80000002 18.4540017 0 P 0
L 3.29200002 19.19200124 3.54600002 19.70000124 0 P 0
L 3.29200002 19.19200124 3.80000002 19.44600124 0 P 0
L 3.29200002 20.20800124 3.54600002 19.70000124 0 P 0
L 3.29200002 20.20800124 3.80000002 19.95400124 0 P 0
L 3.29200002 20.69200078 3.54600002 21.20000078 0 P 0
L 3.29200002 20.69200078 3.80000002 20.94600078 0 P 0
L 3.29200002 21.70800078 3.54600002 21.20000078 0 P 0
L 3.29200002 21.70800078 3.80000002 21.45400078 0 P 0
L 3.60800142 9.31200068 3.60800142 10.32800068 0 P 0
L 3.60800142 9.31200068 4.62400142 9.31200068 0 P 0
L 3.60800142 10.32800068 4.62400142 10.32800068 0 P 0
L 3.60800142 14.39200068 3.60800142 15.40800068 0 P 0
L 3.80000002 4.44600584 4.30800002 4.19200584 0 P 0
L 3.80000002 4.95400584 4.30800002 5.20800584 0 P 0
L 3.80000002 5.94600538 4.30800002 5.69200538 0 P 0
L 3.80000002 6.45400538 4.30800002 6.70800538 0 P 0
L 3.80000002 7.44600492 4.30800002 7.19200492 0 P 0
L 3.80000002 7.95400492 4.30800002 8.20800492 0 P 0
L 3.80000002 16.44600216 4.30800002 16.19200216 0 P 0
L 3.80000002 16.95400216 4.30800002 17.20800216 0 P 0
L 3.80000002 17.9460017 4.30800002 17.6920017 0 P 0
L 3.80000002 18.4540017 4.30800002 18.7080017 0 P 0
L 3.80000002 19.44600124 4.30800002 19.19200124 0 P 0
L 3.80000002 19.95400124 4.30800002 20.20800124 0 P 0
L 3.80000002 20.94600078 4.30800002 20.69200078 0 P 0
L 3.80000002 21.45400078 4.30800002 21.70800078 0 P 0
L 4.05400002 4.70000584 4.30800002 4.19200584 0 P 0
L 4.05400002 4.70000584 4.30800002 5.20800584 0 P 0
L 4.05400002 6.20000538 4.30800002 5.69200538 0 P 0
L 4.05400002 6.20000538 4.30800002 6.70800538 0 P 0
L 4.05400002 7.70000492 4.30800002 7.19200492 0 P 0
L 4.05400002 7.70000492 4.30800002 8.20800492 0 P 0
L 4.05400002 16.70000216 4.30800002 16.19200216 0 P 0
L 4.05400002 16.70000216 4.30800002 17.20800216 0 P 0
L 4.05400002 18.2000017 4.30800002 17.6920017 0 P 0
L 4.05400002 18.2000017 4.30800002 18.7080017 0 P 0
L 4.05400002 19.70000124 4.30800002 19.19200124 0 P 0
L 4.05400002 19.70000124 4.30800002 20.20800124 0 P 0
L 4.05400002 21.20000078 4.30800002 20.69200078 0 P 0
L 4.05400002 21.20000078 4.30800002 21.70800078 0 P 0
L 4.26200062 11.85200068 4.51600062 12.36000068 0 P 0
L 4.26200062 11.85200068 4.77000062 12.10600068 0 P 0
L 4.26200062 12.86800068 4.51600062 12.36000068 0 P 0
L 4.26200062 12.86800068 4.77000062 12.61400068 0 P 0
L 4.29200056 13.09200074 4.54600056 13.60000074 0 P 0
L 4.29200056 13.09200074 4.80000056 13.34600074 0 P 0
L 4.29200056 14.10800074 4.54600056 13.60000074 0 P 0
L 4.29200056 14.10800074 4.80000056 13.85400074 0 P 0
L 4.62400142 9.31200068 4.62400142 10.32800068 0 P 0
L 4.77000062 12.10600068 5.27800062 11.85200068 0 P 0
L 4.77000062 12.61400068 5.27800062 12.86800068 0 P 0
L 4.79199956 0.29200094 5.04599956 0.80000094 0 P 0
L 4.79199956 0.29200094 5.29999956 0.54600094 0 P 0
L 4.79199956 1.30800094 5.04599956 0.80000094 0 P 0
L 4.79199956 1.30800094 5.29999956 1.05400094 0 P 0
L 4.79199956 1.49200108 5.04599956 2.00000108 0 P 0
L 4.79199956 1.49200108 5.29999956 1.74600108 0 P 0
L 4.79199956 2.50800108 5.04599956 2.00000108 0 P 0
L 4.79199956 2.50800108 5.29999956 2.25400108 0 P 0
L 4.79199956 2.6920063 5.04599956 3.2000063 0 P 0
L 4.79199956 2.6920063 5.29999956 2.9460063 0 P 0
L 4.79199956 3.7080063 5.04599956 3.2000063 0 P 0
L 4.79199956 3.7080063 5.29999956 3.4540063 0 P 0
L 4.79199956 4.19200584 5.04599956 4.70000584 0 P 0
L 4.79199956 4.19200584 5.29999956 4.44600584 0 P 0
L 4.79199956 5.20800584 5.04599956 4.70000584 0 P 0
L 4.79199956 5.20800584 5.29999956 4.95400584 0 P 0
L 4.79199956 5.69200538 5.04599956 6.20000538 0 P 0
L 4.79199956 5.69200538 5.29999956 5.94600538 0 P 0
L 4.79199956 6.70800538 5.04599956 6.20000538 0 P 0
L 4.79199956 6.70800538 5.29999956 6.45400538 0 P 0
L 4.79199956 7.19200492 5.04599956 7.70000492 0 P 0
L 4.79199956 7.19200492 5.29999956 7.44600492 0 P 0
L 4.79199956 8.20800492 5.04599956 7.70000492 0 P 0
L 4.79199956 8.20800492 5.29999956 7.95400492 0 P 0
L 4.79199956 8.69200446 5.04599956 9.20000446 0 P 0
L 4.79199956 8.69200446 5.29999956 8.94600446 0 P 0
L 4.79199956 9.70800446 5.04599956 9.20000446 0 P 0
L 4.79199956 9.70800446 5.29999956 9.45400446 0 P 0
L 4.79199956 14.69200262 5.04599956 15.20000262 0 P 0
L 4.79199956 14.69200262 5.29999956 14.94600262 0 P 0
L 4.79199956 15.70800262 5.04599956 15.20000262 0 P 0
L 4.79199956 15.70800262 5.29999956 15.45400262 0 P 0
L 4.79199956 16.19200216 5.04599956 16.70000216 0 P 0
L 4.79199956 16.19200216 5.29999956 16.44600216 0 P 0
L 4.79199956 17.20800216 5.04599956 16.70000216 0 P 0
L 4.79199956 17.20800216 5.29999956 16.95400216 0 P 0
L 4.79199956 17.6920017 5.04599956 18.2000017 0 P 0
L 4.79199956 17.6920017 5.29999956 17.9460017 0 P 0
L 4.79199956 18.7080017 5.04599956 18.2000017 0 P 0
L 4.79199956 18.7080017 5.29999956 18.4540017 0 P 0
L 4.79199956 19.19200124 5.04599956 19.70000124 0 P 0
L 4.79199956 19.19200124 5.29999956 19.44600124 0 P 0
L 4.79199956 20.20800124 5.04599956 19.70000124 0 P 0
L 4.79199956 20.20800124 5.29999956 19.95400124 0 P 0
L 4.79199956 20.69200078 5.04599956 21.20000078 0 P 0
L 4.79199956 20.69200078 5.29999956 20.94600078 0 P 0
L 4.79199956 21.70800078 5.04599956 21.20000078 0 P 0
L 4.79199956 21.70800078 5.29999956 21.45400078 0 P 0
L 4.80000056 13.34600074 5.30800056 13.09200074 0 P 0
L 4.80000056 13.85400074 5.30800056 14.10800074 0 P 0
L 5.02400062 12.36000068 5.27800062 11.85200068 0 P 0
L 5.02400062 12.36000068 5.27800062 12.86800068 0 P 0
L 5.05400056 13.60000074 5.30800056 13.09200074 0 P 0
L 5.05400056 13.60000074 5.30800056 14.10800074 0 P 0
L 5.29999956 0.54600094 5.80799956 0.29200094 0 P 0
L 5.29999956 1.05400094 5.80799956 1.30800094 0 P 0
L 5.29999956 1.74600108 5.80799956 1.49200108 0 P 0
L 5.29999956 2.25400108 5.80799956 2.50800108 0 P 0
L 5.29999956 2.9460063 5.80799956 2.6920063 0 P 0
L 5.29999956 3.4540063 5.80799956 3.7080063 0 P 0
L 5.29999956 4.44600584 5.80799956 4.19200584 0 P 0
L 5.29999956 4.95400584 5.80799956 5.20800584 0 P 0
L 5.29999956 5.94600538 5.80799956 5.69200538 0 P 0
L 5.29999956 6.45400538 5.80799956 6.70800538 0 P 0
L 5.29999956 7.44600492 5.80799956 7.19200492 0 P 0
L 5.29999956 7.95400492 5.80799956 8.20800492 0 P 0
L 5.29999956 8.94600446 5.80799956 8.69200446 0 P 0
L 5.29999956 9.45400446 5.80799956 9.70800446 0 P 0
L 5.29999956 14.94600262 5.80799956 14.69200262 0 P 0
L 5.29999956 15.45400262 5.80799956 15.70800262 0 P 0
L 5.29999956 16.44600216 5.80799956 16.19200216 0 P 0
L 5.29999956 16.95400216 5.80799956 17.20800216 0 P 0
L 5.29999956 17.9460017 5.80799956 17.6920017 0 P 0
L 5.29999956 18.4540017 5.80799956 18.7080017 0 P 0
L 5.29999956 19.44600124 5.80799956 19.19200124 0 P 0
L 5.29999956 19.95400124 5.80799956 20.20800124 0 P 0
L 5.29999956 20.94600078 5.80799956 20.69200078 0 P 0
L 5.29999956 21.45400078 5.80799956 21.70800078 0 P 0
L 5.55399956 0.80000094 5.80799956 0.29200094 0 P 0
L 5.55399956 0.80000094 5.80799956 1.30800094 0 P 0
L 5.55399956 2.00000108 5.80799956 1.49200108 0 P 0
L 5.55399956 2.00000108 5.80799956 2.50800108 0 P 0
L 5.55399956 3.2000063 5.80799956 2.6920063 0 P 0
L 5.55399956 3.2000063 5.80799956 3.7080063 0 P 0
L 5.55399956 4.70000584 5.80799956 4.19200584 0 P 0
L 5.55399956 4.70000584 5.80799956 5.20800584 0 P 0
L 5.55399956 6.20000538 5.80799956 5.69200538 0 P 0
L 5.55399956 6.20000538 5.80799956 6.70800538 0 P 0
L 5.55399956 7.70000492 5.80799956 7.19200492 0 P 0
L 5.55399956 7.70000492 5.80799956 8.20800492 0 P 0
L 5.55399956 9.20000446 5.80799956 8.69200446 0 P 0
L 5.55399956 9.20000446 5.80799956 9.70800446 0 P 0
L 5.55399956 15.20000262 5.80799956 14.69200262 0 P 0
L 5.55399956 15.20000262 5.80799956 15.70800262 0 P 0
L 5.55399956 16.70000216 5.80799956 16.19200216 0 P 0
L 5.55399956 16.70000216 5.80799956 17.20800216 0 P 0
L 5.55399956 18.2000017 5.80799956 17.6920017 0 P 0
L 5.55399956 18.2000017 5.80799956 18.7080017 0 P 0
L 5.55399956 19.70000124 5.80799956 19.19200124 0 P 0
L 5.55399956 19.70000124 5.80799956 20.20800124 0 P 0
L 5.55399956 21.20000078 5.80799956 20.69200078 0 P 0
L 5.55399956 21.20000078 5.80799956 21.70800078 0 P 0
L 6.2919991 0.29200094 6.5459991 0.80000094 0 P 0
L 6.2919991 0.29200094 6.7999991 0.54600094 0 P 0
L 6.2919991 1.30800094 6.5459991 0.80000094 0 P 0
L 6.2919991 1.30800094 6.7999991 1.05400094 0 P 0
L 6.2919991 1.49200108 6.5459991 2.00000108 0 P 0
L 6.2919991 1.49200108 6.7999991 1.74600108 0 P 0
L 6.2919991 2.50800108 6.5459991 2.00000108 0 P 0
L 6.2919991 2.50800108 6.7999991 2.25400108 0 P 0
L 6.2919991 2.6920063 6.5459991 3.2000063 0 P 0
L 6.2919991 2.6920063 6.7999991 2.9460063 0 P 0
L 6.2919991 3.7080063 6.5459991 3.2000063 0 P 0
L 6.2919991 3.7080063 6.7999991 3.4540063 0 P 0
L 6.2919991 4.19200584 6.5459991 4.70000584 0 P 0
L 6.2919991 4.19200584 6.7999991 4.44600584 0 P 0
L 6.2919991 5.20800584 6.5459991 4.70000584 0 P 0
L 6.2919991 5.20800584 6.7999991 4.95400584 0 P 0
L 6.2919991 5.69200538 6.5459991 6.20000538 0 P 0
L 6.2919991 5.69200538 6.7999991 5.94600538 0 P 0
L 6.2919991 6.70800538 6.5459991 6.20000538 0 P 0
L 6.2919991 6.70800538 6.7999991 6.45400538 0 P 0
L 6.2919991 7.19200492 6.5459991 7.70000492 0 P 0
L 6.2919991 7.19200492 6.7999991 7.44600492 0 P 0
L 6.2919991 8.20800492 6.5459991 7.70000492 0 P 0
L 6.2919991 8.20800492 6.7999991 7.95400492 0 P 0
L 6.2919991 10.192004 6.5459991 10.700004 0 P 0
L 6.2919991 10.192004 6.7999991 10.446004 0 P 0
L 6.2919991 11.208004 6.5459991 10.700004 0 P 0
L 6.2919991 11.208004 6.7999991 10.954004 0 P 0
L 6.2919991 11.69200354 6.5459991 12.20000354 0 P 0
L 6.2919991 11.69200354 6.7999991 11.94600354 0 P 0
L 6.2919991 12.70800354 6.5459991 12.20000354 0 P 0
L 6.2919991 12.70800354 6.7999991 12.45400354 0 P 0
L 6.2919991 16.19200216 6.5459991 16.70000216 0 P 0
L 6.2919991 16.19200216 6.7999991 16.44600216 0 P 0
L 6.2919991 17.20800216 6.5459991 16.70000216 0 P 0
L 6.2919991 17.20800216 6.7999991 16.95400216 0 P 0
L 6.2919991 17.6920017 6.5459991 18.2000017 0 P 0
L 6.2919991 17.6920017 6.7999991 17.9460017 0 P 0
L 6.2919991 18.7080017 6.5459991 18.2000017 0 P 0
L 6.2919991 18.7080017 6.7999991 18.4540017 0 P 0
L 6.2919991 19.19200124 6.5459991 19.70000124 0 P 0
L 6.2919991 19.19200124 6.7999991 19.44600124 0 P 0
L 6.2919991 20.20800124 6.5459991 19.70000124 0 P 0
L 6.2919991 20.20800124 6.7999991 19.95400124 0 P 0
L 6.2919991 20.69200078 6.5459991 21.20000078 0 P 0
L 6.2919991 20.69200078 6.7999991 20.94600078 0 P 0
L 6.2919991 21.70800078 6.5459991 21.20000078 0 P 0
L 6.2919991 21.70800078 6.7999991 21.45400078 0 P 0
L 6.7999991 0.54600094 7.3079991 0.29200094 0 P 0
L 6.7999991 1.05400094 7.3079991 1.30800094 0 P 0
L 6.7999991 1.74600108 7.3079991 1.49200108 0 P 0
L 6.7999991 2.25400108 7.3079991 2.50800108 0 P 0
L 6.7999991 2.9460063 7.3079991 2.6920063 0 P 0
L 6.7999991 3.4540063 7.3079991 3.7080063 0 P 0
L 6.7999991 4.44600584 7.3079991 4.19200584 0 P 0
L 6.7999991 4.95400584 7.3079991 5.20800584 0 P 0
L 6.7999991 5.94600538 7.3079991 5.69200538 0 P 0
L 6.7999991 6.45400538 7.3079991 6.70800538 0 P 0
L 6.7999991 7.44600492 7.3079991 7.19200492 0 P 0
L 6.7999991 7.95400492 7.3079991 8.20800492 0 P 0
L 6.7999991 10.446004 7.3079991 10.192004 0 P 0
L 6.7999991 10.954004 7.3079991 11.208004 0 P 0
L 6.7999991 11.94600354 7.3079991 11.69200354 0 P 0
L 6.7999991 12.45400354 7.3079991 12.70800354 0 P 0
L 6.7999991 16.44600216 7.3079991 16.19200216 0 P 0
L 6.7999991 16.95400216 7.3079991 17.20800216 0 P 0
L 6.7999991 17.9460017 7.3079991 17.6920017 0 P 0
L 6.7999991 18.4540017 7.3079991 18.7080017 0 P 0
L 6.7999991 19.44600124 7.3079991 19.19200124 0 P 0
L 6.7999991 19.95400124 7.3079991 20.20800124 0 P 0
L 6.7999991 20.94600078 7.3079991 20.69200078 0 P 0
L 6.7999991 21.45400078 7.3079991 21.70800078 0 P 0
L 7.0539991 0.80000094 7.3079991 0.29200094 0 P 0
L 7.0539991 0.80000094 7.3079991 1.30800094 0 P 0
L 7.0539991 2.00000108 7.3079991 1.49200108 0 P 0
L 7.0539991 2.00000108 7.3079991 2.50800108 0 P 0
L 7.0539991 3.2000063 7.3079991 2.6920063 0 P 0
L 7.0539991 3.2000063 7.3079991 3.7080063 0 P 0
L 7.0539991 4.70000584 7.3079991 4.19200584 0 P 0
L 7.0539991 4.70000584 7.3079991 5.20800584 0 P 0
L 7.0539991 6.20000538 7.3079991 5.69200538 0 P 0
L 7.0539991 6.20000538 7.3079991 6.70800538 0 P 0
L 7.0539991 7.70000492 7.3079991 7.19200492 0 P 0
L 7.0539991 7.70000492 7.3079991 8.20800492 0 P 0
L 7.0539991 10.700004 7.3079991 10.192004 0 P 0
L 7.0539991 10.700004 7.3079991 11.208004 0 P 0
L 7.0539991 12.20000354 7.3079991 11.69200354 0 P 0
L 7.0539991 12.20000354 7.3079991 12.70800354 0 P 0
L 7.0539991 16.70000216 7.3079991 16.19200216 0 P 0
L 7.0539991 16.70000216 7.3079991 17.20800216 0 P 0
L 7.0539991 18.2000017 7.3079991 17.6920017 0 P 0
L 7.0539991 18.2000017 7.3079991 18.7080017 0 P 0
L 7.0539991 19.70000124 7.3079991 19.19200124 0 P 0
L 7.0539991 19.70000124 7.3079991 20.20800124 0 P 0
L 7.0539991 21.20000078 7.3079991 20.69200078 0 P 0
L 7.0539991 21.20000078 7.3079991 21.70800078 0 P 0
L 7.79199864 2.6920063 8.04599864 3.2000063 0 P 0
L 7.79199864 2.6920063 8.29999864 2.9460063 0 P 0
L 7.79199864 3.7080063 8.04599864 3.2000063 0 P 0
L 7.79199864 3.7080063 8.29999864 3.4540063 0 P 0
L 7.79199864 8.69200446 8.04599864 9.20000446 0 P 0
L 7.79199864 8.69200446 8.29999864 8.94600446 0 P 0
L 7.79199864 9.70800446 8.04599864 9.20000446 0 P 0
L 7.79199864 9.70800446 8.29999864 9.45400446 0 P 0
L 7.79199864 11.69200354 8.04599864 12.20000354 0 P 0
L 7.79199864 11.69200354 8.29999864 11.94600354 0 P 0
L 7.79199864 12.70800354 8.04599864 12.20000354 0 P 0
L 7.79199864 12.70800354 8.29999864 12.45400354 0 P 0
L 7.79199864 13.19200308 8.04599864 13.70000308 0 P 0
L 7.79199864 13.19200308 8.29999864 13.44600308 0 P 0
L 7.79199864 14.20800308 8.04599864 13.70000308 0 P 0
L 7.79199864 14.20800308 8.29999864 13.95400308 0 P 0
L 7.79199864 17.6920017 8.04599864 18.2000017 0 P 0
L 7.79199864 17.6920017 8.29999864 17.9460017 0 P 0
L 7.79199864 18.7080017 8.04599864 18.2000017 0 P 0
L 7.79199864 18.7080017 8.29999864 18.4540017 0 P 0
L 7.79199864 19.19200124 8.04599864 19.70000124 0 P 0
L 7.79199864 19.19200124 8.29999864 19.44600124 0 P 0
L 7.79199864 20.20800124 8.04599864 19.70000124 0 P 0
L 7.79199864 20.20800124 8.29999864 19.95400124 0 P 0
L 7.79199864 20.69200078 8.04599864 21.20000078 0 P 0
L 7.79199864 20.69200078 8.29999864 20.94600078 0 P 0
L 7.79199864 21.70800078 8.04599864 21.20000078 0 P 0
L 7.79199864 21.70800078 8.29999864 21.45400078 0 P 0
L 7.79200118 0.29200094 8.04600118 0.80000094 0 P 0
L 7.79200118 0.29200094 8.30000118 0.54600094 0 P 0
L 7.79200118 1.30800094 8.04600118 0.80000094 0 P 0
L 7.79200118 1.30800094 8.30000118 1.05400094 0 P 0
L 7.79200118 1.49200108 8.04600118 2.00000108 0 P 0
L 7.79200118 1.49200108 8.30000118 1.74600108 0 P 0
L 7.79200118 2.50800108 8.04600118 2.00000108 0 P 0
L 7.79200118 2.50800108 8.30000118 2.25400108 0 P 0
L 7.79200118 16.39199922 8.04600118 16.89999922 0 P 0
L 7.79200118 16.39199922 8.30000118 16.64599922 0 P 0
L 7.79200118 17.40799922 8.04600118 16.89999922 0 P 0
L 7.79200118 17.40799922 8.30000118 17.15399922 0 P 0
L 8.29999864 2.9460063 8.80799864 2.6920063 0 P 0
L 8.29999864 3.4540063 8.80799864 3.7080063 0 P 0
L 8.29999864 8.94600446 8.80799864 8.69200446 0 P 0
L 8.29999864 9.45400446 8.80799864 9.70800446 0 P 0
L 8.29999864 11.94600354 8.80799864 11.69200354 0 P 0
L 8.29999864 12.45400354 8.80799864 12.70800354 0 P 0
L 8.29999864 13.44600308 8.80799864 13.19200308 0 P 0
L 8.29999864 13.95400308 8.80799864 14.20800308 0 P 0
L 8.29999864 17.9460017 8.80799864 17.6920017 0 P 0
L 8.29999864 18.4540017 8.80799864 18.7080017 0 P 0
L 8.29999864 19.44600124 8.80799864 19.19200124 0 P 0
L 8.29999864 19.95400124 8.80799864 20.20800124 0 P 0
L 8.29999864 20.94600078 8.80799864 20.69200078 0 P 0
L 8.29999864 21.45400078 8.80799864 21.70800078 0 P 0
L 8.30000118 0.54600094 8.80800118 0.29200094 0 P 0
L 8.30000118 1.05400094 8.80800118 1.30800094 0 P 0
L 8.30000118 1.74600108 8.80800118 1.49200108 0 P 0
L 8.30000118 2.25400108 8.80800118 2.50800108 0 P 0
L 8.30000118 16.64599922 8.80800118 16.39199922 0 P 0
L 8.30000118 17.15399922 8.80800118 17.40799922 0 P 0
L 8.55399864 3.2000063 8.80799864 2.6920063 0 P 0
L 8.55399864 3.2000063 8.80799864 3.7080063 0 P 0
L 8.55399864 9.20000446 8.80799864 8.69200446 0 P 0
L 8.55399864 9.20000446 8.80799864 9.70800446 0 P 0
L 8.55399864 12.20000354 8.80799864 11.69200354 0 P 0
L 8.55399864 12.20000354 8.80799864 12.70800354 0 P 0
L 8.55399864 13.70000308 8.80799864 13.19200308 0 P 0
L 8.55399864 13.70000308 8.80799864 14.20800308 0 P 0
L 8.55399864 18.2000017 8.80799864 17.6920017 0 P 0
L 8.55399864 18.2000017 8.80799864 18.7080017 0 P 0
L 8.55399864 19.70000124 8.80799864 19.19200124 0 P 0
L 8.55399864 19.70000124 8.80799864 20.20800124 0 P 0
L 8.55399864 21.20000078 8.80799864 20.69200078 0 P 0
L 8.55399864 21.20000078 8.80799864 21.70800078 0 P 0
L 8.55400118 0.80000094 8.80800118 0.29200094 0 P 0
L 8.55400118 0.80000094 8.80800118 1.30800094 0 P 0
L 8.55400118 2.00000108 8.80800118 1.49200108 0 P 0
L 8.55400118 2.00000108 8.80800118 2.50800108 0 P 0
L 8.55400118 16.89999922 8.80800118 16.39199922 0 P 0
L 8.55400118 16.89999922 8.80800118 17.40799922 0 P 0
L 9.29199818 4.19200584 9.54599818 4.70000584 0 P 0
L 9.29199818 4.19200584 9.79999818 4.44600584 0 P 0
L 9.29199818 5.20800584 9.54599818 4.70000584 0 P 0
L 9.29199818 5.20800584 9.79999818 4.95400584 0 P 0
L 9.29199818 5.69200538 9.54599818 6.20000538 0 P 0
L 9.29199818 5.69200538 9.79999818 5.94600538 0 P 0
L 9.29199818 6.70800538 9.54599818 6.20000538 0 P 0
L 9.29199818 6.70800538 9.79999818 6.45400538 0 P 0
L 9.29199818 7.19200492 9.54599818 7.70000492 0 P 0
L 9.29199818 7.19200492 9.79999818 7.44600492 0 P 0
L 9.29199818 8.20800492 9.54599818 7.70000492 0 P 0
L 9.29199818 8.20800492 9.79999818 7.95400492 0 P 0
L 9.29199818 8.69200446 9.54599818 9.20000446 0 P 0
L 9.29199818 8.69200446 9.79999818 8.94600446 0 P 0
L 9.29199818 9.70800446 9.54599818 9.20000446 0 P 0
L 9.29199818 9.70800446 9.79999818 9.45400446 0 P 0
L 9.29199818 11.69200354 9.54599818 12.20000354 0 P 0
L 9.29199818 11.69200354 9.79999818 11.94600354 0 P 0
L 9.29199818 12.70800354 9.54599818 12.20000354 0 P 0
L 9.29199818 12.70800354 9.79999818 12.45400354 0 P 0
L 9.29199818 13.19200308 9.54599818 13.70000308 0 P 0
L 9.29199818 13.19200308 9.79999818 13.44600308 0 P 0
L 9.29199818 14.20800308 9.54599818 13.70000308 0 P 0
L 9.29199818 14.20800308 9.79999818 13.95400308 0 P 0
L 9.29199818 17.6920017 9.54599818 18.2000017 0 P 0
L 9.29199818 17.6920017 9.79999818 17.9460017 0 P 0
L 9.29199818 18.7080017 9.54599818 18.2000017 0 P 0
L 9.29199818 18.7080017 9.79999818 18.4540017 0 P 0
L 9.29199818 19.19200124 9.54599818 19.70000124 0 P 0
L 9.29199818 19.19200124 9.79999818 19.44600124 0 P 0
L 9.29199818 20.20800124 9.54599818 19.70000124 0 P 0
L 9.29199818 20.20800124 9.79999818 19.95400124 0 P 0
L 9.29199818 20.69200078 9.54599818 21.20000078 0 P 0
L 9.29199818 20.69200078 9.79999818 20.94600078 0 P 0
L 9.29199818 21.70800078 9.54599818 21.20000078 0 P 0
L 9.29199818 21.70800078 9.79999818 21.45400078 0 P 0
L 9.29200072 0.29200094 9.54600072 0.80000094 0 P 0
L 9.29200072 0.29200094 9.80000072 0.54600094 0 P 0
L 9.29200072 1.30800094 9.54600072 0.80000094 0 P 0
L 9.29200072 1.30800094 9.80000072 1.05400094 0 P 0
L 9.29200072 1.49200108 9.54600072 2.00000108 0 P 0
L 9.29200072 1.49200108 9.80000072 1.74600108 0 P 0
L 9.29200072 2.50800108 9.54600072 2.00000108 0 P 0
L 9.29200072 2.50800108 9.80000072 2.25400108 0 P 0
L 9.29200072 16.39199922 9.54600072 16.89999922 0 P 0
L 9.29200072 16.39199922 9.80000072 16.64599922 0 P 0
L 9.29200072 17.40799922 9.54600072 16.89999922 0 P 0
L 9.29200072 17.40799922 9.80000072 17.15399922 0 P 0
L 9.79999818 4.44600584 10.30799818 4.19200584 0 P 0
L 9.79999818 4.95400584 10.30799818 5.20800584 0 P 0
L 9.79999818 5.94600538 10.30799818 5.69200538 0 P 0
L 9.79999818 6.45400538 10.30799818 6.70800538 0 P 0
L 9.79999818 7.44600492 10.30799818 7.19200492 0 P 0
L 9.79999818 7.95400492 10.30799818 8.20800492 0 P 0
L 9.79999818 8.94600446 10.30799818 8.69200446 0 P 0
L 9.79999818 9.45400446 10.30799818 9.70800446 0 P 0
L 9.79999818 11.94600354 10.30799818 11.69200354 0 P 0
L 9.79999818 12.45400354 10.30799818 12.70800354 0 P 0
L 9.79999818 13.44600308 10.30799818 13.19200308 0 P 0
L 9.79999818 13.95400308 10.30799818 14.20800308 0 P 0
L 9.79999818 17.9460017 10.30799818 17.6920017 0 P 0
L 9.79999818 18.4540017 10.30799818 18.7080017 0 P 0
L 9.79999818 19.44600124 10.30799818 19.19200124 0 P 0
L 9.79999818 19.95400124 10.30799818 20.20800124 0 P 0
L 9.79999818 20.94600078 10.30799818 20.69200078 0 P 0
L 9.79999818 21.45400078 10.30799818 21.70800078 0 P 0
L 9.80000072 0.54600094 10.30800072 0.29200094 0 P 0
L 9.80000072 1.05400094 10.30800072 1.30800094 0 P 0
L 9.80000072 1.74600108 10.30800072 1.49200108 0 P 0
L 9.80000072 2.25400108 10.30800072 2.50800108 0 P 0
L 9.80000072 16.64599922 10.30800072 16.39199922 0 P 0
L 9.80000072 17.15399922 10.30800072 17.40799922 0 P 0
L 10.05399818 4.70000584 10.30799818 4.19200584 0 P 0
L 10.05399818 4.70000584 10.30799818 5.20800584 0 P 0
L 10.05399818 6.20000538 10.30799818 5.69200538 0 P 0
L 10.05399818 6.20000538 10.30799818 6.70800538 0 P 0
L 10.05399818 7.70000492 10.30799818 7.19200492 0 P 0
L 10.05399818 7.70000492 10.30799818 8.20800492 0 P 0
L 10.05399818 9.20000446 10.30799818 8.69200446 0 P 0
L 10.05399818 9.20000446 10.30799818 9.70800446 0 P 0
L 10.05399818 12.20000354 10.30799818 11.69200354 0 P 0
L 10.05399818 12.20000354 10.30799818 12.70800354 0 P 0
L 10.05399818 13.70000308 10.30799818 13.19200308 0 P 0
L 10.05399818 13.70000308 10.30799818 14.20800308 0 P 0
L 10.05399818 18.2000017 10.30799818 17.6920017 0 P 0
L 10.05399818 18.2000017 10.30799818 18.7080017 0 P 0
L 10.05399818 19.70000124 10.30799818 19.19200124 0 P 0
L 10.05399818 19.70000124 10.30799818 20.20800124 0 P 0
L 10.05399818 21.20000078 10.30799818 20.69200078 0 P 0
L 10.05399818 21.20000078 10.30799818 21.70800078 0 P 0
L 10.05400072 0.80000094 10.30800072 0.29200094 0 P 0
L 10.05400072 0.80000094 10.30800072 1.30800094 0 P 0
L 10.05400072 2.00000108 10.30800072 1.49200108 0 P 0
L 10.05400072 2.00000108 10.30800072 2.50800108 0 P 0
L 10.05400072 16.89999922 10.30800072 16.39199922 0 P 0
L 10.05400072 16.89999922 10.30800072 17.40799922 0 P 0
L 10.668 10.7188 10.922 11.2268 0 P 0
L 10.668 10.7188 11.176 10.9728 0 P 0
L 10.668 11.7348 10.922 11.2268 0 P 0
L 10.668 11.7348 11.176 11.4808 0 P 0
L 10.79199772 5.69200538 11.04599772 6.20000538 0 P 0
L 10.79199772 5.69200538 11.29999772 5.94600538 0 P 0
L 10.79199772 6.70800538 11.04599772 6.20000538 0 P 0
L 10.79199772 6.70800538 11.29999772 6.45400538 0 P 0
L 10.79199772 7.19200492 11.04599772 7.70000492 0 P 0
L 10.79199772 7.19200492 11.29999772 7.44600492 0 P 0
L 10.79199772 8.20800492 11.04599772 7.70000492 0 P 0
L 10.79199772 8.20800492 11.29999772 7.95400492 0 P 0
L 10.79199772 11.69200354 11.04599772 12.20000354 0 P 0
L 10.79199772 11.69200354 11.29999772 11.94600354 0 P 0
L 10.79199772 12.70800354 11.04599772 12.20000354 0 P 0
L 10.79199772 12.70800354 11.29999772 12.45400354 0 P 0
L 10.79199772 13.19200308 11.04599772 13.70000308 0 P 0
L 10.79199772 13.19200308 11.29999772 13.44600308 0 P 0
L 10.79199772 14.20800308 11.04599772 13.70000308 0 P 0
L 10.79199772 14.20800308 11.29999772 13.95400308 0 P 0
L 10.79199772 17.6920017 11.04599772 18.2000017 0 P 0
L 10.79199772 17.6920017 11.29999772 17.9460017 0 P 0
L 10.79199772 18.7080017 11.04599772 18.2000017 0 P 0
L 10.79199772 18.7080017 11.29999772 18.4540017 0 P 0
L 10.79199772 19.19200124 11.04599772 19.70000124 0 P 0
L 10.79199772 19.19200124 11.29999772 19.44600124 0 P 0
L 10.79199772 20.20800124 11.04599772 19.70000124 0 P 0
L 10.79199772 20.20800124 11.29999772 19.95400124 0 P 0
L 10.79199772 20.69200078 11.04599772 21.20000078 0 P 0
L 10.79199772 20.69200078 11.29999772 20.94600078 0 P 0
L 10.79199772 21.70800078 11.04599772 21.20000078 0 P 0
L 10.79199772 21.70800078 11.29999772 21.45400078 0 P 0
L 10.79200026 0.29200094 11.04600026 0.80000094 0 P 0
L 10.79200026 0.29200094 11.30000026 0.54600094 0 P 0
L 10.79200026 1.30800094 11.04600026 0.80000094 0 P 0
L 10.79200026 1.30800094 11.30000026 1.05400094 0 P 0
L 10.79200026 16.39199922 11.04600026 16.89999922 0 P 0
L 10.79200026 16.39199922 11.30000026 16.64599922 0 P 0
L 10.79200026 17.40799922 11.04600026 16.89999922 0 P 0
L 10.79200026 17.40799922 11.30000026 17.15399922 0 P 0
L 11.176 10.9728 11.684 10.7188 0 P 0
L 11.176 11.4808 11.684 11.7348 0 P 0
L 11.29999772 5.94600538 11.80799772 5.69200538 0 P 0
L 11.29999772 6.45400538 11.80799772 6.70800538 0 P 0
L 11.29999772 7.44600492 11.80799772 7.19200492 0 P 0
L 11.29999772 7.95400492 11.80799772 8.20800492 0 P 0
L 11.29999772 11.94600354 11.80799772 11.69200354 0 P 0
L 11.29999772 12.45400354 11.80799772 12.70800354 0 P 0
L 11.29999772 13.44600308 11.80799772 13.19200308 0 P 0
L 11.29999772 13.95400308 11.80799772 14.20800308 0 P 0
L 11.29999772 17.9460017 11.80799772 17.6920017 0 P 0
L 11.29999772 18.4540017 11.80799772 18.7080017 0 P 0
L 11.29999772 19.44600124 11.80799772 19.19200124 0 P 0
L 11.29999772 19.95400124 11.80799772 20.20800124 0 P 0
L 11.29999772 20.94600078 11.80799772 20.69200078 0 P 0
L 11.29999772 21.45400078 11.80799772 21.70800078 0 P 0
L 11.30000026 0.54600094 11.80800026 0.29200094 0 P 0
L 11.30000026 1.05400094 11.80800026 1.30800094 0 P 0
L 11.30000026 16.64599922 11.80800026 16.39199922 0 P 0
L 11.30000026 17.15399922 11.80800026 17.40799922 0 P 0
L 11.43 11.2268 11.684 10.7188 0 P 0
L 11.43 11.2268 11.684 11.7348 0 P 0
L 11.55399772 6.20000538 11.80799772 5.69200538 0 P 0
L 11.55399772 6.20000538 11.80799772 6.70800538 0 P 0
L 11.55399772 7.70000492 11.80799772 7.19200492 0 P 0
L 11.55399772 7.70000492 11.80799772 8.20800492 0 P 0
L 11.55399772 12.20000354 11.80799772 11.69200354 0 P 0
L 11.55399772 12.20000354 11.80799772 12.70800354 0 P 0
L 11.55399772 13.70000308 11.80799772 13.19200308 0 P 0
L 11.55399772 13.70000308 11.80799772 14.20800308 0 P 0
L 11.55399772 18.2000017 11.80799772 17.6920017 0 P 0
L 11.55399772 18.2000017 11.80799772 18.7080017 0 P 0
L 11.55399772 19.70000124 11.80799772 19.19200124 0 P 0
L 11.55399772 19.70000124 11.80799772 20.20800124 0 P 0
L 11.55399772 21.20000078 11.80799772 20.69200078 0 P 0
L 11.55399772 21.20000078 11.80799772 21.70800078 0 P 0
L 11.55400026 0.80000094 11.80800026 0.29200094 0 P 0
L 11.55400026 0.80000094 11.80800026 1.30800094 0 P 0
L 11.55400026 16.89999922 11.80800026 16.39199922 0 P 0
L 11.55400026 16.89999922 11.80800026 17.40799922 0 P 0
L 12.29199726 2.6920063 12.54599726 3.2000063 0 P 0
L 12.29199726 2.6920063 12.79999726 2.9460063 0 P 0
L 12.29199726 3.7080063 12.54599726 3.2000063 0 P 0
L 12.29199726 3.7080063 12.79999726 3.4540063 0 P 0
L 12.29199726 5.69200538 12.54599726 6.20000538 0 P 0
L 12.29199726 5.69200538 12.79999726 5.94600538 0 P 0
L 12.29199726 6.70800538 12.54599726 6.20000538 0 P 0
L 12.29199726 6.70800538 12.79999726 6.45400538 0 P 0
L 12.29199726 8.69200446 12.54599726 9.20000446 0 P 0
L 12.29199726 8.69200446 12.79999726 8.94600446 0 P 0
L 12.29199726 9.70800446 12.54599726 9.20000446 0 P 0
L 12.29199726 9.70800446 12.79999726 9.45400446 0 P 0
L 12.29199726 10.192004 12.54599726 10.700004 0 P 0
L 12.29199726 10.192004 12.79999726 10.446004 0 P 0
L 12.29199726 11.208004 12.54599726 10.700004 0 P 0
L 12.29199726 11.208004 12.79999726 10.954004 0 P 0
L 12.29199726 11.69200354 12.54599726 12.20000354 0 P 0
L 12.29199726 11.69200354 12.79999726 11.94600354 0 P 0
L 12.29199726 12.70800354 12.54599726 12.20000354 0 P 0
L 12.29199726 12.70800354 12.79999726 12.45400354 0 P 0
L 12.29199726 13.19200308 12.54599726 13.70000308 0 P 0
L 12.29199726 13.19200308 12.79999726 13.44600308 0 P 0
L 12.29199726 14.20800308 12.54599726 13.70000308 0 P 0
L 12.29199726 14.20800308 12.79999726 13.95400308 0 P 0
L 12.29199726 17.6920017 12.54599726 18.2000017 0 P 0
L 12.29199726 17.6920017 12.79999726 17.9460017 0 P 0
L 12.29199726 18.7080017 12.54599726 18.2000017 0 P 0
L 12.29199726 18.7080017 12.79999726 18.4540017 0 P 0
L 12.29199726 19.19200124 12.54599726 19.70000124 0 P 0
L 12.29199726 19.19200124 12.79999726 19.44600124 0 P 0
L 12.29199726 20.20800124 12.54599726 19.70000124 0 P 0
L 12.29199726 20.20800124 12.79999726 19.95400124 0 P 0
L 12.29199726 20.69200078 12.54599726 21.20000078 0 P 0
L 12.29199726 20.69200078 12.79999726 20.94600078 0 P 0
L 12.29199726 21.70800078 12.54599726 21.20000078 0 P 0
L 12.29199726 21.70800078 12.79999726 21.45400078 0 P 0
L 12.2919998 0.29200094 12.5459998 0.80000094 0 P 0
L 12.2919998 0.29200094 12.7999998 0.54600094 0 P 0
L 12.2919998 1.30800094 12.5459998 0.80000094 0 P 0
L 12.2919998 1.30800094 12.7999998 1.05400094 0 P 0
L 12.2919998 16.49199902 12.5459998 16.99999902 0 P 0
L 12.2919998 16.49199902 12.7999998 16.74599902 0 P 0
L 12.2919998 17.50799902 12.5459998 16.99999902 0 P 0
L 12.2919998 17.50799902 12.7999998 17.25399902 0 P 0
L 12.79999726 2.9460063 13.30799726 2.6920063 0 P 0
L 12.79999726 3.4540063 13.30799726 3.7080063 0 P 0
L 12.79999726 5.94600538 13.30799726 5.69200538 0 P 0
L 12.79999726 6.45400538 13.30799726 6.70800538 0 P 0
L 12.79999726 8.94600446 13.30799726 8.69200446 0 P 0
L 12.79999726 9.45400446 13.30799726 9.70800446 0 P 0
L 12.79999726 10.446004 13.30799726 10.192004 0 P 0
L 12.79999726 10.954004 13.30799726 11.208004 0 P 0
L 12.79999726 11.94600354 13.30799726 11.69200354 0 P 0
L 12.79999726 12.45400354 13.30799726 12.70800354 0 P 0
L 12.79999726 13.44600308 13.30799726 13.19200308 0 P 0
L 12.79999726 13.95400308 13.30799726 14.20800308 0 P 0
L 12.79999726 17.9460017 13.30799726 17.6920017 0 P 0
L 12.79999726 18.4540017 13.30799726 18.7080017 0 P 0
L 12.79999726 19.44600124 13.30799726 19.19200124 0 P 0
L 12.79999726 19.95400124 13.30799726 20.20800124 0 P 0
L 12.79999726 20.94600078 13.30799726 20.69200078 0 P 0
L 12.79999726 21.45400078 13.30799726 21.70800078 0 P 0
L 12.7999998 0.54600094 13.3079998 0.29200094 0 P 0
L 12.7999998 1.05400094 13.3079998 1.30800094 0 P 0
L 12.7999998 16.74599902 13.3079998 16.49199902 0 P 0
L 12.7999998 17.25399902 13.3079998 17.50799902 0 P 0
L 13.05399726 3.2000063 13.30799726 2.6920063 0 P 0
L 13.05399726 3.2000063 13.30799726 3.7080063 0 P 0
L 13.05399726 6.20000538 13.30799726 5.69200538 0 P 0
L 13.05399726 6.20000538 13.30799726 6.70800538 0 P 0
L 13.05399726 9.20000446 13.30799726 8.69200446 0 P 0
L 13.05399726 9.20000446 13.30799726 9.70800446 0 P 0
L 13.05399726 10.700004 13.30799726 10.192004 0 P 0
L 13.05399726 10.700004 13.30799726 11.208004 0 P 0
L 13.05399726 12.20000354 13.30799726 11.69200354 0 P 0
L 13.05399726 12.20000354 13.30799726 12.70800354 0 P 0
L 13.05399726 13.70000308 13.30799726 13.19200308 0 P 0
L 13.05399726 13.70000308 13.30799726 14.20800308 0 P 0
L 13.05399726 18.2000017 13.30799726 17.6920017 0 P 0
L 13.05399726 18.2000017 13.30799726 18.7080017 0 P 0
L 13.05399726 19.70000124 13.30799726 19.19200124 0 P 0
L 13.05399726 19.70000124 13.30799726 20.20800124 0 P 0
L 13.05399726 21.20000078 13.30799726 20.69200078 0 P 0
L 13.05399726 21.20000078 13.30799726 21.70800078 0 P 0
L 13.0539998 0.80000094 13.3079998 0.29200094 0 P 0
L 13.0539998 0.80000094 13.3079998 1.30800094 0 P 0
L 13.0539998 16.99999902 13.3079998 16.49199902 0 P 0
L 13.0539998 16.99999902 13.3079998 17.50799902 0 P 0
L 13.7919968 13.19200308 14.0459968 13.70000308 0 P 0
L 13.7919968 13.19200308 14.2999968 13.44600308 0 P 0
L 13.7919968 14.20800308 14.0459968 13.70000308 0 P 0
L 13.7919968 14.20800308 14.2999968 13.95400308 0 P 0
L 13.7919968 17.6920017 14.0459968 18.2000017 0 P 0
L 13.7919968 17.6920017 14.2999968 17.9460017 0 P 0
L 13.7919968 18.7080017 14.0459968 18.2000017 0 P 0
L 13.7919968 18.7080017 14.2999968 18.4540017 0 P 0
L 13.7919968 19.19200124 14.0459968 19.70000124 0 P 0
L 13.7919968 19.19200124 14.2999968 19.44600124 0 P 0
L 13.7919968 20.20800124 14.0459968 19.70000124 0 P 0
L 13.7919968 20.20800124 14.2999968 19.95400124 0 P 0
L 13.7919968 20.69200078 14.0459968 21.20000078 0 P 0
L 13.7919968 20.69200078 14.2999968 20.94600078 0 P 0
L 13.7919968 21.70800078 14.0459968 21.20000078 0 P 0
L 13.7919968 21.70800078 14.2999968 21.45400078 0 P 0
L 13.79199934 0.29200094 14.04599934 0.80000094 0 P 0
L 13.79199934 0.29200094 14.29999934 0.54600094 0 P 0
L 13.79199934 1.30800094 14.04599934 0.80000094 0 P 0
L 13.79199934 1.30800094 14.29999934 1.05400094 0 P 0
L 13.79199934 16.49199902 14.04599934 16.99999902 0 P 0
L 13.79199934 16.49199902 14.29999934 16.74599902 0 P 0
L 13.79199934 17.50799902 14.04599934 16.99999902 0 P 0
L 13.79199934 17.50799902 14.29999934 17.25399902 0 P 0
L 14.2999968 13.44600308 14.8079968 13.19200308 0 P 0
L 14.2999968 13.95400308 14.8079968 14.20800308 0 P 0
L 14.2999968 17.9460017 14.8079968 17.6920017 0 P 0
L 14.2999968 18.4540017 14.8079968 18.7080017 0 P 0
L 14.2999968 19.44600124 14.8079968 19.19200124 0 P 0
L 14.2999968 19.95400124 14.8079968 20.20800124 0 P 0
L 14.2999968 20.94600078 14.8079968 20.69200078 0 P 0
L 14.2999968 21.45400078 14.8079968 21.70800078 0 P 0
L 14.29999934 0.54600094 14.80799934 0.29200094 0 P 0
L 14.29999934 1.05400094 14.80799934 1.30800094 0 P 0
L 14.29999934 16.74599902 14.80799934 16.49199902 0 P 0
L 14.29999934 17.25399902 14.80799934 17.50799902 0 P 0
L 14.5539968 13.70000308 14.8079968 13.19200308 0 P 0
L 14.5539968 13.70000308 14.8079968 14.20800308 0 P 0
L 14.5539968 18.2000017 14.8079968 17.6920017 0 P 0
L 14.5539968 18.2000017 14.8079968 18.7080017 0 P 0
L 14.5539968 19.70000124 14.8079968 19.19200124 0 P 0
L 14.5539968 19.70000124 14.8079968 20.20800124 0 P 0
L 14.5539968 21.20000078 14.8079968 20.69200078 0 P 0
L 14.5539968 21.20000078 14.8079968 21.70800078 0 P 0
L 14.55399934 0.80000094 14.80799934 0.29200094 0 P 0
L 14.55399934 0.80000094 14.80799934 1.30800094 0 P 0
L 14.55399934 16.99999902 14.80799934 16.49199902 0 P 0
L 14.55399934 16.99999902 14.80799934 17.50799902 0 P 0
L 15.29200142 0.29200094 15.54600142 0.80000094 0 P 0
L 15.29200142 0.29200094 15.80000142 0.54600094 0 P 0
L 15.29200142 1.30800094 15.54600142 0.80000094 0 P 0
L 15.29200142 1.30800094 15.80000142 1.05400094 0 P 0
L 15.80000142 0.54600094 16.30800142 0.29200094 0 P 0
L 15.80000142 1.05400094 16.30800142 1.30800094 0 P 0
L 16.05400142 0.80000094 16.30800142 0.29200094 0 P 0
L 16.05400142 0.80000094 16.30800142 1.30800094 0 P 0
L 16.59199882 8.29200018 16.84599882 8.80000018 0 P 0
L 16.59199882 8.29200018 17.09999882 8.54600018 0 P 0
L 16.59199882 9.30800018 16.84599882 8.80000018 0 P 0
L 16.59199882 9.30800018 17.09999882 9.05400018 0 P 0
L 16.79200096 0.29200094 17.04600096 0.80000094 0 P 0
L 16.79200096 0.29200094 17.30000096 0.54600094 0 P 0
L 16.79200096 1.30800094 17.04600096 0.80000094 0 P 0
L 16.79200096 1.30800094 17.30000096 1.05400094 0 P 0
L 17.09999882 8.54600018 17.60799882 8.29200018 0 P 0
L 17.09999882 9.05400018 17.60799882 9.30800018 0 P 0
L 17.30000096 0.54600094 17.80800096 0.29200094 0 P 0
L 17.30000096 1.05400094 17.80800096 1.30800094 0 P 0
L 17.35399882 8.80000018 17.60799882 8.29200018 0 P 0
L 17.35399882 8.80000018 17.60799882 9.30800018 0 P 0
L 17.55400096 0.80000094 17.80800096 0.29200094 0 P 0
L 17.55400096 0.80000094 17.80800096 1.30800094 0 P 0
L 17.79199896 10.89200006 18.04599896 11.40000006 0 P 0
L 17.79199896 10.89200006 18.29999896 11.14600006 0 P 0
L 17.79199896 11.90800006 18.04599896 11.40000006 0 P 0
L 17.79199896 11.90800006 18.29999896 11.65400006 0 P 0
L 17.79199896 13.29200034 18.04599896 13.80000034 0 P 0
L 17.79199896 13.29200034 18.29999896 13.54600034 0 P 0
L 17.79199896 14.30800034 18.04599896 13.80000034 0 P 0
L 17.79199896 14.30800034 18.29999896 14.05400034 0 P 0
L 17.79199896 15.79200042 18.04599896 16.30000042 0 P 0
L 17.79199896 15.79200042 18.29999896 16.04600042 0 P 0
L 17.79199896 16.80800042 18.04599896 16.30000042 0 P 0
L 17.79199896 16.80800042 18.29999896 16.55400042 0 P 0
L 18.2920005 0.29200094 18.5460005 0.80000094 0 P 0
L 18.2920005 0.29200094 18.8000005 0.54600094 0 P 0
L 18.2920005 1.30800094 18.5460005 0.80000094 0 P 0
L 18.2920005 1.30800094 18.8000005 1.05400094 0 P 0
L 18.29999896 11.14600006 18.80799896 10.89200006 0 P 0
L 18.29999896 11.65400006 18.80799896 11.90800006 0 P 0
L 18.29999896 13.54600034 18.80799896 13.29200034 0 P 0
L 18.29999896 14.05400034 18.80799896 14.30800034 0 P 0
L 18.29999896 16.04600042 18.80799896 15.79200042 0 P 0
L 18.29999896 16.55400042 18.80799896 16.80800042 0 P 0
L 18.55399896 11.40000006 18.80799896 10.89200006 0 P 0
L 18.55399896 11.40000006 18.80799896 11.90800006 0 P 0
L 18.55399896 13.80000034 18.80799896 13.29200034 0 P 0
L 18.55399896 13.80000034 18.80799896 14.30800034 0 P 0
L 18.55399896 16.30000042 18.80799896 15.79200042 0 P 0
L 18.55399896 16.30000042 18.80799896 16.80800042 0 P 0
L 18.6919997 15.99200002 18.9459997 16.50000002 0 P 0
L 18.6919997 15.99200002 19.1999997 16.24600002 0 P 0
L 18.6919997 17.00800002 18.9459997 16.50000002 0 P 0
L 18.6919997 17.00800002 19.1999997 16.75400002 0 P 0
L 18.8000005 0.54600094 19.3080005 0.29200094 0 P 0
L 18.8000005 1.05400094 19.3080005 1.30800094 0 P 0
L 19.0540005 0.80000094 19.3080005 0.29200094 0 P 0
L 19.0540005 0.80000094 19.3080005 1.30800094 0 P 0
L 19.1999997 16.24600002 19.7079997 15.99200002 0 P 0
L 19.1999997 16.75400002 19.7079997 17.00800002 0 P 0
L 19.4539997 16.50000002 19.7079997 15.99200002 0 P 0
L 19.4539997 16.50000002 19.7079997 17.00800002 0 P 0
L 19.79200004 0.29200094 20.04600004 0.80000094 0 P 0
L 19.79200004 0.29200094 20.30000004 0.54600094 0 P 0
L 19.79200004 1.30800094 20.04600004 0.80000094 0 P 0
L 19.79200004 1.30800094 20.30000004 1.05400094 0 P 0
L 20.19199924 15.99200002 20.44599924 16.50000002 0 P 0
L 20.19199924 15.99200002 20.69999924 16.24600002 0 P 0
L 20.19199924 17.00800002 20.44599924 16.50000002 0 P 0
L 20.19199924 17.00800002 20.69999924 16.75400002 0 P 0
L 20.30000004 0.54600094 20.80800004 0.29200094 0 P 0
L 20.30000004 1.05400094 20.80800004 1.30800094 0 P 0
L 20.55400004 0.80000094 20.80800004 0.29200094 0 P 0
L 20.55400004 0.80000094 20.80800004 1.30800094 0 P 0
L 20.69999924 16.24600002 21.20799924 15.99200002 0 P 0
L 20.69999924 16.75400002 21.20799924 17.00800002 0 P 0
L 20.95399924 16.50000002 21.20799924 15.99200002 0 P 0
L 20.95399924 16.50000002 21.20799924 17.00800002 0 P 0
L 21.09199998 10.99199986 21.34599998 11.49999986 0 P 0
L 21.09199998 10.99199986 21.59999998 11.24599986 0 P 0
L 21.09199998 12.00799986 21.34599998 11.49999986 0 P 0
L 21.09199998 12.00799986 21.59999998 11.75399986 0 P 0
L 21.19199978 15.89200022 21.44599978 16.40000022 0 P 0
L 21.19199978 15.89200022 21.69999978 16.14600022 0 P 0
L 21.19199978 16.90800022 21.44599978 16.40000022 0 P 0
L 21.19199978 16.90800022 21.69999978 16.65400022 0 P 0
L 21.2919945 13.19200308 21.5459945 13.70000308 0 P 0
L 21.2919945 13.19200308 21.7999945 13.44600308 0 P 0
L 21.2919945 14.20800308 21.5459945 13.70000308 0 P 0
L 21.2919945 14.20800308 21.7999945 13.95400308 0 P 0
L 21.29199958 0.29200094 21.54599958 0.80000094 0 P 0
L 21.29199958 0.29200094 21.79999958 0.54600094 0 P 0
L 21.29199958 1.30800094 21.54599958 0.80000094 0 P 0
L 21.29199958 1.30800094 21.79999958 1.05400094 0 P 0
L 21.59999998 11.24599986 22.10799998 10.99199986 0 P 0
L 21.59999998 11.75399986 22.10799998 12.00799986 0 P 0
L 21.69999978 16.14600022 22.20799978 15.89200022 0 P 0
L 21.69999978 16.65400022 22.20799978 16.90800022 0 P 0
L 21.7999945 13.44600308 22.3079945 13.19200308 0 P 0
L 21.7999945 13.95400308 22.3079945 14.20800308 0 P 0
L 21.79999958 0.54600094 22.30799958 0.29200094 0 P 0
L 21.79999958 1.05400094 22.30799958 1.30800094 0 P 0
L 21.85399998 11.49999986 22.10799998 10.99199986 0 P 0
L 21.85399998 11.49999986 22.10799998 12.00799986 0 P 0
L 21.95399978 16.40000022 22.20799978 15.89200022 0 P 0
L 21.95399978 16.40000022 22.20799978 16.90800022 0 P 0
L 22.0539945 13.70000308 22.3079945 13.19200308 0 P 0
L 22.0539945 13.70000308 22.3079945 14.20800308 0 P 0
L 22.05399958 0.80000094 22.30799958 0.29200094 0 P 0
L 22.05399958 0.80000094 22.30799958 1.30800094 0 P 0
L 22.39199992 8.29200018 22.64599992 8.80000018 0 P 0
L 22.39199992 8.29200018 22.89999992 8.54600018 0 P 0
L 22.39199992 9.30800018 22.64599992 8.80000018 0 P 0
L 22.39199992 9.30800018 22.89999992 9.05400018 0 P 0
L 22.79200166 0.29200094 23.04600166 0.80000094 0 P 0
L 22.79200166 0.29200094 23.30000166 0.54600094 0 P 0
L 22.79200166 1.30800094 23.04600166 0.80000094 0 P 0
L 22.79200166 1.30800094 23.30000166 1.05400094 0 P 0
L 22.89999992 8.54600018 23.40799992 8.29200018 0 P 0
L 22.89999992 9.05400018 23.40799992 9.30800018 0 P 0
L 23.15399992 8.80000018 23.40799992 8.29200018 0 P 0
L 23.15399992 8.80000018 23.40799992 9.30800018 0 P 0
L 23.30000166 0.54600094 23.80800166 0.29200094 0 P 0
L 23.30000166 1.05400094 23.80800166 1.30800094 0 P 0
L 23.55400166 0.80000094 23.80800166 0.29200094 0 P 0
L 23.55400166 0.80000094 23.80800166 1.30800094 0 P 0
L 24.29199358 2.6920063 24.54599358 3.2000063 0 P 0
L 24.29199358 2.6920063 24.79999358 2.9460063 0 P 0
L 24.29199358 3.7080063 24.54599358 3.2000063 0 P 0
L 24.29199358 3.7080063 24.79999358 3.4540063 0 P 0
L 24.29199358 19.19200124 24.54599358 19.70000124 0 P 0
L 24.29199358 19.19200124 24.79999358 19.44600124 0 P 0
L 24.29199358 20.20800124 24.54599358 19.70000124 0 P 0
L 24.29199358 20.20800124 24.79999358 19.95400124 0 P 0
L 24.2920012 0.29200094 24.5460012 0.80000094 0 P 0
L 24.2920012 0.29200094 24.8000012 0.54600094 0 P 0
L 24.2920012 1.30800094 24.5460012 0.80000094 0 P 0
L 24.2920012 1.30800094 24.8000012 1.05400094 0 P 0
L 24.79999358 2.9460063 25.30799358 2.6920063 0 P 0
L 24.79999358 3.4540063 25.30799358 3.7080063 0 P 0
L 24.79999358 19.44600124 25.30799358 19.19200124 0 P 0
L 24.79999358 19.95400124 25.30799358 20.20800124 0 P 0
L 24.8000012 0.54600094 25.3080012 0.29200094 0 P 0
L 24.8000012 1.05400094 25.3080012 1.30800094 0 P 0
L 24.892 9.19200092 25.146 9.70000092 0 P 0
L 24.892 9.19200092 25.4 9.44600092 0 P 0
L 24.892 10.19199892 25.146 10.69999892 0 P 0
L 24.892 10.19199892 25.4 10.44599892 0 P 0
L 24.892 10.20800092 25.146 9.70000092 0 P 0
L 24.892 10.20800092 25.4 9.95400092 0 P 0
L 24.892 11.20799892 25.146 10.69999892 0 P 0
L 24.892 11.20799892 25.4 10.95399892 0 P 0
L 24.892 12.192 25.146 12.7 0 P 0
L 24.892 12.192 25.4 12.446 0 P 0
L 24.892 13.208 25.146 12.7 0 P 0
L 24.892 13.208 25.4 12.954 0 P 0
L 25.05399358 3.2000063 25.30799358 2.6920063 0 P 0
L 25.05399358 3.2000063 25.30799358 3.7080063 0 P 0
L 25.05399358 19.70000124 25.30799358 19.19200124 0 P 0
L 25.05399358 19.70000124 25.30799358 20.20800124 0 P 0
L 25.0540012 0.80000094 25.3080012 0.29200094 0 P 0
L 25.0540012 0.80000094 25.3080012 1.30800094 0 P 0
L 25.4 9.44600092 25.908 9.19200092 0 P 0
L 25.4 9.95400092 25.908 10.20800092 0 P 0
L 25.4 10.44599892 25.908 10.19199892 0 P 0
L 25.4 10.95399892 25.908 11.20799892 0 P 0
L 25.4 12.446 25.908 12.192 0 P 0
L 25.4 12.954 25.908 13.208 0 P 0
L 25.654 9.70000092 25.908 9.19200092 0 P 0
L 25.654 9.70000092 25.908 10.20800092 0 P 0
L 25.654 10.69999892 25.908 10.19199892 0 P 0
L 25.654 10.69999892 25.908 11.20799892 0 P 0
L 25.654 12.7 25.908 12.192 0 P 0
L 25.654 12.7 25.908 13.208 0 P 0
L 25.79199312 19.19200124 26.04599312 19.70000124 0 P 0
L 25.79199312 19.19200124 26.29999312 19.44600124 0 P 0
L 25.79199312 20.20800124 26.04599312 19.70000124 0 P 0
L 25.79199312 20.20800124 26.29999312 19.95400124 0 P 0
L 25.79199312 20.69200078 26.04599312 21.20000078 0 P 0
L 25.79199312 20.69200078 26.29999312 20.94600078 0 P 0
L 25.79199312 21.70800078 26.04599312 21.20000078 0 P 0
L 25.79199312 21.70800078 26.29999312 21.45400078 0 P 0
L 25.79200074 0.29200094 26.04600074 0.80000094 0 P 0
L 25.79200074 0.29200094 26.30000074 0.54600094 0 P 0
L 25.79200074 1.30800094 26.04600074 0.80000094 0 P 0
L 25.79200074 1.30800094 26.30000074 1.05400094 0 P 0
L 25.8572 14.8844 26.1112 15.3924 0 P 0
L 25.8572 14.8844 26.3652 15.1384 0 P 0
L 25.8572 15.9004 26.1112 15.3924 0 P 0
L 25.8572 15.9004 26.3652 15.6464 0 P 0
L 26.29999312 19.44600124 26.80799312 19.19200124 0 P 0
L 26.29999312 19.95400124 26.80799312 20.20800124 0 P 0
L 26.29999312 20.94600078 26.80799312 20.69200078 0 P 0
L 26.29999312 21.45400078 26.80799312 21.70800078 0 P 0
L 26.30000074 0.54600094 26.80800074 0.29200094 0 P 0
L 26.30000074 1.05400094 26.80800074 1.30800094 0 P 0
L 26.3652 15.1384 26.8732 14.8844 0 P 0
L 26.3652 15.6464 26.8732 15.9004 0 P 0
L 26.49199934 8.19200038 26.74599934 8.70000038 0 P 0
L 26.49199934 8.19200038 26.99999934 8.44600038 0 P 0
L 26.49199934 9.20800038 26.74599934 8.70000038 0 P 0
L 26.49199934 9.20800038 26.99999934 8.95400038 0 P 0
L 26.55399312 19.70000124 26.80799312 19.19200124 0 P 0
L 26.55399312 19.70000124 26.80799312 20.20800124 0 P 0
L 26.55399312 21.20000078 26.80799312 20.69200078 0 P 0
L 26.55399312 21.20000078 26.80799312 21.70800078 0 P 0
L 26.55400074 0.80000094 26.80800074 0.29200094 0 P 0
L 26.55400074 0.80000094 26.80800074 1.30800094 0 P 0
L 26.59199914 10.39200106 26.84599914 10.90000106 0 P 0
L 26.59199914 10.39200106 27.09999914 10.64600106 0 P 0
L 26.59199914 11.40800106 26.84599914 10.90000106 0 P 0
L 26.59199914 11.40800106 27.09999914 11.15400106 0 P 0
L 26.6192 15.3924 26.8732 14.8844 0 P 0
L 26.6192 15.3924 26.8732 15.9004 0 P 0
L 26.89200108 12.192 27.14600108 12.7 0 P 0
L 26.89200108 12.192 27.40000108 12.446 0 P 0
L 26.89200108 13.208 27.14600108 12.7 0 P 0
L 26.89200108 13.208 27.40000108 12.954 0 P 0
L 26.99999934 8.44600038 27.50799934 8.19200038 0 P 0
L 26.99999934 8.95400038 27.50799934 9.20800038 0 P 0
L 27.09999914 10.64600106 27.60799914 10.39200106 0 P 0
L 27.09999914 11.15400106 27.60799914 11.40800106 0 P 0
L 27.25399934 8.70000038 27.50799934 8.19200038 0 P 0
L 27.25399934 8.70000038 27.50799934 9.20800038 0 P 0
L 27.29199266 5.69200538 27.54599266 6.20000538 0 P 0
L 27.29199266 5.69200538 27.79999266 5.94600538 0 P 0
L 27.29199266 6.70800538 27.54599266 6.20000538 0 P 0
L 27.29199266 6.70800538 27.79999266 6.45400538 0 P 0
L 27.29199266 7.19200492 27.54599266 7.70000492 0 P 0
L 27.29199266 7.19200492 27.79999266 7.44600492 0 P 0
L 27.29199266 8.20800492 27.54599266 7.70000492 0 P 0
L 27.29199266 8.20800492 27.79999266 7.95400492 0 P 0
L 27.29199266 8.69200446 27.54599266 9.20000446 0 P 0
L 27.29199266 8.69200446 27.79999266 8.94600446 0 P 0
L 27.29199266 9.70800446 27.54599266 9.20000446 0 P 0
L 27.29199266 9.70800446 27.79999266 9.45400446 0 P 0
L 27.29199266 16.19200216 27.54599266 16.70000216 0 P 0
L 27.29199266 16.19200216 27.79999266 16.44600216 0 P 0
L 27.29199266 17.20800216 27.54599266 16.70000216 0 P 0
L 27.29199266 17.20800216 27.79999266 16.95400216 0 P 0
L 27.29199266 17.6920017 27.54599266 18.2000017 0 P 0
L 27.29199266 17.6920017 27.79999266 17.9460017 0 P 0
L 27.29199266 18.7080017 27.54599266 18.2000017 0 P 0
L 27.29199266 18.7080017 27.79999266 18.4540017 0 P 0
L 27.29199266 19.19200124 27.54599266 19.70000124 0 P 0
L 27.29199266 19.19200124 27.79999266 19.44600124 0 P 0
L 27.29199266 20.20800124 27.54599266 19.70000124 0 P 0
L 27.29199266 20.20800124 27.79999266 19.95400124 0 P 0
L 27.29199266 20.69200078 27.54599266 21.20000078 0 P 0
L 27.29199266 20.69200078 27.79999266 20.94600078 0 P 0
L 27.29199266 21.70800078 27.54599266 21.20000078 0 P 0
L 27.29199266 21.70800078 27.79999266 21.45400078 0 P 0
L 27.29200028 0.29200094 27.54600028 0.80000094 0 P 0
L 27.29200028 0.29200094 27.80000028 0.54600094 0 P 0
L 27.29200028 1.30800094 27.54600028 0.80000094 0 P 0
L 27.29200028 1.30800094 27.80000028 1.05400094 0 P 0
L 27.29200028 1.49200108 27.54600028 2.00000108 0 P 0
L 27.29200028 1.49200108 27.80000028 1.74600108 0 P 0
L 27.29200028 2.50800108 27.54600028 2.00000108 0 P 0
L 27.29200028 2.50800108 27.80000028 2.25400108 0 P 0
L 27.35399914 10.90000106 27.60799914 10.39200106 0 P 0
L 27.35399914 10.90000106 27.60799914 11.40800106 0 P 0
L 27.40000108 12.446 27.90800108 12.192 0 P 0
L 27.40000108 12.954 27.90800108 13.208 0 P 0
L 27.65400108 12.7 27.90800108 12.192 0 P 0
L 27.65400108 12.7 27.90800108 13.208 0 P 0
L 27.79999266 5.94600538 28.30799266 5.69200538 0 P 0
L 27.79999266 6.45400538 28.30799266 6.70800538 0 P 0
L 27.79999266 7.44600492 28.30799266 7.19200492 0 P 0
L 27.79999266 7.95400492 28.30799266 8.20800492 0 P 0
L 27.79999266 8.94600446 28.30799266 8.69200446 0 P 0
L 27.79999266 9.45400446 28.30799266 9.70800446 0 P 0
L 27.79999266 16.44600216 28.30799266 16.19200216 0 P 0
L 27.79999266 16.95400216 28.30799266 17.20800216 0 P 0
L 27.79999266 17.9460017 28.30799266 17.6920017 0 P 0
L 27.79999266 18.4540017 28.30799266 18.7080017 0 P 0
L 27.79999266 19.44600124 28.30799266 19.19200124 0 P 0
L 27.79999266 19.95400124 28.30799266 20.20800124 0 P 0
L 27.79999266 20.94600078 28.30799266 20.69200078 0 P 0
L 27.79999266 21.45400078 28.30799266 21.70800078 0 P 0
L 27.80000028 0.54600094 28.30800028 0.29200094 0 P 0
L 27.80000028 1.05400094 28.30800028 1.30800094 0 P 0
L 27.80000028 1.74600108 28.30800028 1.49200108 0 P 0
L 27.80000028 2.25400108 28.30800028 2.50800108 0 P 0
L 28.05399266 6.20000538 28.30799266 5.69200538 0 P 0
L 28.05399266 6.20000538 28.30799266 6.70800538 0 P 0
L 28.05399266 7.70000492 28.30799266 7.19200492 0 P 0
L 28.05399266 7.70000492 28.30799266 8.20800492 0 P 0
L 28.05399266 9.20000446 28.30799266 8.69200446 0 P 0
L 28.05399266 9.20000446 28.30799266 9.70800446 0 P 0
L 28.05399266 16.70000216 28.30799266 16.19200216 0 P 0
L 28.05399266 16.70000216 28.30799266 17.20800216 0 P 0
L 28.05399266 18.2000017 28.30799266 17.6920017 0 P 0
L 28.05399266 18.2000017 28.30799266 18.7080017 0 P 0
L 28.05399266 19.70000124 28.30799266 19.19200124 0 P 0
L 28.05399266 19.70000124 28.30799266 20.20800124 0 P 0
L 28.05399266 21.20000078 28.30799266 20.69200078 0 P 0
L 28.05399266 21.20000078 28.30799266 21.70800078 0 P 0
L 28.05400028 0.80000094 28.30800028 0.29200094 0 P 0
L 28.05400028 0.80000094 28.30800028 1.30800094 0 P 0
L 28.05400028 2.00000108 28.30800028 1.49200108 0 P 0
L 28.05400028 2.00000108 28.30800028 2.50800108 0 P 0
L 28.29200082 12.192 28.54600082 12.7 0 P 0
L 28.29200082 12.192 28.80000082 12.446 0 P 0
L 28.29200082 13.208 28.54600082 12.7 0 P 0
L 28.29200082 13.208 28.80000082 12.954 0 P 0
L 28.78314538 13.89199914 29.03714538 14.39999914 0 P 0
L 28.78314538 13.89199914 29.29114538 14.14599914 0 P 0
L 28.78314538 14.90799914 29.03714538 14.39999914 0 P 0
L 28.78314538 14.90799914 29.29114538 14.65399914 0 P 0
L 28.7919922 5.69200538 29.0459922 6.20000538 0 P 0
L 28.7919922 5.69200538 29.2999922 5.94600538 0 P 0
L 28.7919922 6.70800538 29.0459922 6.20000538 0 P 0
L 28.7919922 6.70800538 29.2999922 6.45400538 0 P 0
L 28.7919922 7.19200492 29.0459922 7.70000492 0 P 0
L 28.7919922 7.19200492 29.2999922 7.44600492 0 P 0
L 28.7919922 8.20800492 29.0459922 7.70000492 0 P 0
L 28.7919922 8.20800492 29.2999922 7.95400492 0 P 0
L 28.7919922 8.69200446 29.0459922 9.20000446 0 P 0
L 28.7919922 8.69200446 29.2999922 8.94600446 0 P 0
L 28.7919922 9.70800446 29.0459922 9.20000446 0 P 0
L 28.7919922 9.70800446 29.2999922 9.45400446 0 P 0
L 28.7919922 16.19200216 29.0459922 16.70000216 0 P 0
L 28.7919922 16.19200216 29.2999922 16.44600216 0 P 0
L 28.7919922 17.20800216 29.0459922 16.70000216 0 P 0
L 28.7919922 17.20800216 29.2999922 16.95400216 0 P 0
L 28.7919922 17.6920017 29.0459922 18.2000017 0 P 0
L 28.7919922 17.6920017 29.2999922 17.9460017 0 P 0
L 28.7919922 18.7080017 29.0459922 18.2000017 0 P 0
L 28.7919922 18.7080017 29.2999922 18.4540017 0 P 0
L 28.7919922 19.19200124 29.0459922 19.70000124 0 P 0
L 28.7919922 19.19200124 29.2999922 19.44600124 0 P 0
L 28.7919922 20.20800124 29.0459922 19.70000124 0 P 0
L 28.7919922 20.20800124 29.2999922 19.95400124 0 P 0
L 28.7919922 20.69200078 29.0459922 21.20000078 0 P 0
L 28.7919922 20.69200078 29.2999922 20.94600078 0 P 0
L 28.7919922 21.70800078 29.0459922 21.20000078 0 P 0
L 28.7919922 21.70800078 29.2999922 21.45400078 0 P 0
L 28.79199982 0.29200094 29.04599982 0.80000094 0 P 0
L 28.79199982 0.29200094 29.29999982 0.54600094 0 P 0
L 28.79199982 1.30800094 29.04599982 0.80000094 0 P 0
L 28.79199982 1.30800094 29.29999982 1.05400094 0 P 0
L 28.79199982 1.49200108 29.04599982 2.00000108 0 P 0
L 28.79199982 1.49200108 29.29999982 1.74600108 0 P 0
L 28.79199982 2.50800108 29.04599982 2.00000108 0 P 0
L 28.79199982 2.50800108 29.29999982 2.25400108 0 P 0
L 28.80000082 12.446 29.30800082 12.192 0 P 0
L 28.80000082 12.954 29.30800082 13.208 0 P 0
L 29.05400082 12.7 29.30800082 12.192 0 P 0
L 29.05400082 12.7 29.30800082 13.208 0 P 0
L 29.29114538 14.14599914 29.79914538 13.89199914 0 P 0
L 29.29114538 14.65399914 29.79914538 14.90799914 0 P 0
L 29.2999922 5.94600538 29.8079922 5.69200538 0 P 0
L 29.2999922 6.45400538 29.8079922 6.70800538 0 P 0
L 29.2999922 7.44600492 29.8079922 7.19200492 0 P 0
L 29.2999922 7.95400492 29.8079922 8.20800492 0 P 0
L 29.2999922 8.94600446 29.8079922 8.69200446 0 P 0
L 29.2999922 9.45400446 29.8079922 9.70800446 0 P 0
L 29.2999922 16.44600216 29.8079922 16.19200216 0 P 0
L 29.2999922 16.95400216 29.8079922 17.20800216 0 P 0
L 29.2999922 17.9460017 29.8079922 17.6920017 0 P 0
L 29.2999922 18.4540017 29.8079922 18.7080017 0 P 0
L 29.2999922 19.44600124 29.8079922 19.19200124 0 P 0
L 29.2999922 19.95400124 29.8079922 20.20800124 0 P 0
L 29.2999922 20.94600078 29.8079922 20.69200078 0 P 0
L 29.2999922 21.45400078 29.8079922 21.70800078 0 P 0
L 29.29999982 0.54600094 29.80799982 0.29200094 0 P 0
L 29.29999982 1.05400094 29.80799982 1.30800094 0 P 0
L 29.29999982 1.74600108 29.80799982 1.49200108 0 P 0
L 29.29999982 2.25400108 29.80799982 2.50800108 0 P 0
L 29.54514538 14.39999914 29.79914538 13.89199914 0 P 0
L 29.54514538 14.39999914 29.79914538 14.90799914 0 P 0
L 29.5539922 6.20000538 29.8079922 5.69200538 0 P 0
L 29.5539922 6.20000538 29.8079922 6.70800538 0 P 0
L 29.5539922 7.70000492 29.8079922 7.19200492 0 P 0
L 29.5539922 7.70000492 29.8079922 8.20800492 0 P 0
L 29.5539922 9.20000446 29.8079922 8.69200446 0 P 0
L 29.5539922 9.20000446 29.8079922 9.70800446 0 P 0
L 29.5539922 16.70000216 29.8079922 16.19200216 0 P 0
L 29.5539922 16.70000216 29.8079922 17.20800216 0 P 0
L 29.5539922 18.2000017 29.8079922 17.6920017 0 P 0
L 29.5539922 18.2000017 29.8079922 18.7080017 0 P 0
L 29.5539922 19.70000124 29.8079922 19.19200124 0 P 0
L 29.5539922 19.70000124 29.8079922 20.20800124 0 P 0
L 29.5539922 21.20000078 29.8079922 20.69200078 0 P 0
L 29.5539922 21.20000078 29.8079922 21.70800078 0 P 0
L 29.55399982 0.80000094 29.80799982 0.29200094 0 P 0
L 29.55399982 0.80000094 29.80799982 1.30800094 0 P 0
L 29.55399982 2.00000108 29.80799982 1.49200108 0 P 0
L 29.55399982 2.00000108 29.80799982 2.50800108 0 P 0
L 30.29199174 2.6920063 30.54599174 3.2000063 0 P 0
L 30.29199174 2.6920063 30.79999174 2.9460063 0 P 0
L 30.29199174 3.7080063 30.54599174 3.2000063 0 P 0
L 30.29199174 3.7080063 30.79999174 3.4540063 0 P 0
L 30.29199174 4.19200584 30.54599174 4.70000584 0 P 0
L 30.29199174 4.19200584 30.79999174 4.44600584 0 P 0
L 30.29199174 5.20800584 30.54599174 4.70000584 0 P 0
L 30.29199174 5.20800584 30.79999174 4.95400584 0 P 0
L 30.29199174 5.69200538 30.54599174 6.20000538 0 P 0
L 30.29199174 5.69200538 30.79999174 5.94600538 0 P 0
L 30.29199174 6.70800538 30.54599174 6.20000538 0 P 0
L 30.29199174 6.70800538 30.79999174 6.45400538 0 P 0
L 30.29199174 8.69200446 30.54599174 9.20000446 0 P 0
L 30.29199174 8.69200446 30.79999174 8.94600446 0 P 0
L 30.29199174 9.70800446 30.54599174 9.20000446 0 P 0
L 30.29199174 9.70800446 30.79999174 9.45400446 0 P 0
L 30.29199174 11.69200354 30.54599174 12.20000354 0 P 0
L 30.29199174 11.69200354 30.79999174 11.94600354 0 P 0
L 30.29199174 12.70800354 30.54599174 12.20000354 0 P 0
L 30.29199174 12.70800354 30.79999174 12.45400354 0 P 0
L 30.29199174 16.19200216 30.54599174 16.70000216 0 P 0
L 30.29199174 16.19200216 30.79999174 16.44600216 0 P 0
L 30.29199174 17.20800216 30.54599174 16.70000216 0 P 0
L 30.29199174 17.20800216 30.79999174 16.95400216 0 P 0
L 30.29199174 17.6920017 30.54599174 18.2000017 0 P 0
L 30.29199174 17.6920017 30.79999174 17.9460017 0 P 0
L 30.29199174 18.7080017 30.54599174 18.2000017 0 P 0
L 30.29199174 18.7080017 30.79999174 18.4540017 0 P 0
L 30.29199174 19.19200124 30.54599174 19.70000124 0 P 0
L 30.29199174 19.19200124 30.79999174 19.44600124 0 P 0
L 30.29199174 20.20800124 30.54599174 19.70000124 0 P 0
L 30.29199174 20.20800124 30.79999174 19.95400124 0 P 0
L 30.29199174 20.69200078 30.54599174 21.20000078 0 P 0
L 30.29199174 20.69200078 30.79999174 20.94600078 0 P 0
L 30.29199174 21.70800078 30.54599174 21.20000078 0 P 0
L 30.29199174 21.70800078 30.79999174 21.45400078 0 P 0
L 30.2920019 0.29200094 30.5460019 0.80000094 0 P 0
L 30.2920019 0.29200094 30.8000019 0.54600094 0 P 0
L 30.2920019 1.30800094 30.5460019 0.80000094 0 P 0
L 30.2920019 1.30800094 30.8000019 1.05400094 0 P 0
L 30.2920019 1.49200108 30.5460019 2.00000108 0 P 0
L 30.2920019 1.49200108 30.8000019 1.74600108 0 P 0
L 30.2920019 2.50800108 30.5460019 2.00000108 0 P 0
L 30.2920019 2.50800108 30.8000019 2.25400108 0 P 0
L 30.49199896 14.19200108 30.74599896 14.70000108 0 P 0
L 30.49199896 14.19200108 30.99999896 14.44600108 0 P 0
L 30.49199896 15.20800108 30.74599896 14.70000108 0 P 0
L 30.49199896 15.20800108 30.99999896 14.95400108 0 P 0
L 30.79999174 2.9460063 31.30799174 2.6920063 0 P 0
L 30.79999174 3.4540063 31.30799174 3.7080063 0 P 0
L 30.79999174 4.44600584 31.30799174 4.19200584 0 P 0
L 30.79999174 4.95400584 31.30799174 5.20800584 0 P 0
L 30.79999174 5.94600538 31.30799174 5.69200538 0 P 0
L 30.79999174 6.45400538 31.30799174 6.70800538 0 P 0
L 30.79999174 8.94600446 31.30799174 8.69200446 0 P 0
L 30.79999174 9.45400446 31.30799174 9.70800446 0 P 0
L 30.79999174 11.94600354 31.30799174 11.69200354 0 P 0
L 30.79999174 12.45400354 31.30799174 12.70800354 0 P 0
L 30.79999174 16.44600216 31.30799174 16.19200216 0 P 0
L 30.79999174 16.95400216 31.30799174 17.20800216 0 P 0
L 30.79999174 17.9460017 31.30799174 17.6920017 0 P 0
L 30.79999174 18.4540017 31.30799174 18.7080017 0 P 0
L 30.79999174 19.44600124 31.30799174 19.19200124 0 P 0
L 30.79999174 19.95400124 31.30799174 20.20800124 0 P 0
L 30.79999174 20.94600078 31.30799174 20.69200078 0 P 0
L 30.79999174 21.45400078 31.30799174 21.70800078 0 P 0
L 30.8000019 0.54600094 31.3080019 0.29200094 0 P 0
L 30.8000019 1.05400094 31.3080019 1.30800094 0 P 0
L 30.8000019 1.74600108 31.3080019 1.49200108 0 P 0
L 30.8000019 2.25400108 31.3080019 2.50800108 0 P 0
L 30.99999896 14.44600108 31.50799896 14.19200108 0 P 0
L 30.99999896 14.95400108 31.50799896 15.20800108 0 P 0
L 31.05399174 3.2000063 31.30799174 2.6920063 0 P 0
L 31.05399174 3.2000063 31.30799174 3.7080063 0 P 0
L 31.05399174 4.70000584 31.30799174 4.19200584 0 P 0
L 31.05399174 4.70000584 31.30799174 5.20800584 0 P 0
L 31.05399174 6.20000538 31.30799174 5.69200538 0 P 0
L 31.05399174 6.20000538 31.30799174 6.70800538 0 P 0
L 31.05399174 9.20000446 31.30799174 8.69200446 0 P 0
L 31.05399174 9.20000446 31.30799174 9.70800446 0 P 0
L 31.05399174 12.20000354 31.30799174 11.69200354 0 P 0
L 31.05399174 12.20000354 31.30799174 12.70800354 0 P 0
L 31.05399174 16.70000216 31.30799174 16.19200216 0 P 0
L 31.05399174 16.70000216 31.30799174 17.20800216 0 P 0
L 31.05399174 18.2000017 31.30799174 17.6920017 0 P 0
L 31.05399174 18.2000017 31.30799174 18.7080017 0 P 0
L 31.05399174 19.70000124 31.30799174 19.19200124 0 P 0
L 31.05399174 19.70000124 31.30799174 20.20800124 0 P 0
L 31.05399174 21.20000078 31.30799174 20.69200078 0 P 0
L 31.05399174 21.20000078 31.30799174 21.70800078 0 P 0
L 31.0540019 0.80000094 31.3080019 0.29200094 0 P 0
L 31.0540019 0.80000094 31.3080019 1.30800094 0 P 0
L 31.0540019 2.00000108 31.3080019 1.49200108 0 P 0
L 31.0540019 2.00000108 31.3080019 2.50800108 0 P 0
L 31.25399896 14.70000108 31.50799896 14.19200108 0 P 0
L 31.25399896 14.70000108 31.50799896 15.20800108 0 P 0
L 31.79199128 2.6920063 32.04599128 3.2000063 0 P 0
L 31.79199128 2.6920063 32.29999128 2.9460063 0 P 0
L 31.79199128 3.7080063 32.04599128 3.2000063 0 P 0
L 31.79199128 3.7080063 32.29999128 3.4540063 0 P 0
L 31.79199128 4.19200584 32.04599128 4.70000584 0 P 0
L 31.79199128 4.19200584 32.29999128 4.44600584 0 P 0
L 31.79199128 5.20800584 32.04599128 4.70000584 0 P 0
L 31.79199128 5.20800584 32.29999128 4.95400584 0 P 0
L 31.79199128 5.69200538 32.04599128 6.20000538 0 P 0
L 31.79199128 5.69200538 32.29999128 5.94600538 0 P 0
L 31.79199128 6.70800538 32.04599128 6.20000538 0 P 0
L 31.79199128 6.70800538 32.29999128 6.45400538 0 P 0
L 31.79199128 8.69200446 32.04599128 9.20000446 0 P 0
L 31.79199128 8.69200446 32.29999128 8.94600446 0 P 0
L 31.79199128 9.70800446 32.04599128 9.20000446 0 P 0
L 31.79199128 9.70800446 32.29999128 9.45400446 0 P 0
L 31.79199128 11.69200354 32.04599128 12.20000354 0 P 0
L 31.79199128 11.69200354 32.29999128 11.94600354 0 P 0
L 31.79199128 12.70800354 32.04599128 12.20000354 0 P 0
L 31.79199128 12.70800354 32.29999128 12.45400354 0 P 0
L 31.79199128 16.19200216 32.04599128 16.70000216 0 P 0
L 31.79199128 16.19200216 32.29999128 16.44600216 0 P 0
L 31.79199128 17.20800216 32.04599128 16.70000216 0 P 0
L 31.79199128 17.20800216 32.29999128 16.95400216 0 P 0
L 31.79199128 17.6920017 32.04599128 18.2000017 0 P 0
L 31.79199128 17.6920017 32.29999128 17.9460017 0 P 0
L 31.79199128 18.7080017 32.04599128 18.2000017 0 P 0
L 31.79199128 18.7080017 32.29999128 18.4540017 0 P 0
L 31.79199128 19.19200124 32.04599128 19.70000124 0 P 0
L 31.79199128 19.19200124 32.29999128 19.44600124 0 P 0
L 31.79199128 20.20800124 32.04599128 19.70000124 0 P 0
L 31.79199128 20.20800124 32.29999128 19.95400124 0 P 0
L 31.79199128 20.69200078 32.04599128 21.20000078 0 P 0
L 31.79199128 20.69200078 32.29999128 20.94600078 0 P 0
L 31.79199128 21.70800078 32.04599128 21.20000078 0 P 0
L 31.79199128 21.70800078 32.29999128 21.45400078 0 P 0
L 32.29999128 2.9460063 32.80799128 2.6920063 0 P 0
L 32.29999128 3.4540063 32.80799128 3.7080063 0 P 0
L 32.29999128 4.44600584 32.80799128 4.19200584 0 P 0
L 32.29999128 4.95400584 32.80799128 5.20800584 0 P 0
L 32.29999128 5.94600538 32.80799128 5.69200538 0 P 0
L 32.29999128 6.45400538 32.80799128 6.70800538 0 P 0
L 32.29999128 8.94600446 32.80799128 8.69200446 0 P 0
L 32.29999128 9.45400446 32.80799128 9.70800446 0 P 0
L 32.29999128 11.94600354 32.80799128 11.69200354 0 P 0
L 32.29999128 12.45400354 32.80799128 12.70800354 0 P 0
L 32.29999128 16.44600216 32.80799128 16.19200216 0 P 0
L 32.29999128 16.95400216 32.80799128 17.20800216 0 P 0
L 32.29999128 17.9460017 32.80799128 17.6920017 0 P 0
L 32.29999128 18.4540017 32.80799128 18.7080017 0 P 0
L 32.29999128 19.44600124 32.80799128 19.19200124 0 P 0
L 32.29999128 19.95400124 32.80799128 20.20800124 0 P 0
L 32.29999128 20.94600078 32.80799128 20.69200078 0 P 0
L 32.29999128 21.45400078 32.80799128 21.70800078 0 P 0
L 32.55399128 3.2000063 32.80799128 2.6920063 0 P 0
L 32.55399128 3.2000063 32.80799128 3.7080063 0 P 0
L 32.55399128 4.70000584 32.80799128 4.19200584 0 P 0
L 32.55399128 4.70000584 32.80799128 5.20800584 0 P 0
L 32.55399128 6.20000538 32.80799128 5.69200538 0 P 0
L 32.55399128 6.20000538 32.80799128 6.70800538 0 P 0
L 32.55399128 9.20000446 32.80799128 8.69200446 0 P 0
L 32.55399128 9.20000446 32.80799128 9.70800446 0 P 0
L 32.55399128 12.20000354 32.80799128 11.69200354 0 P 0
L 32.55399128 12.20000354 32.80799128 12.70800354 0 P 0
L 32.55399128 16.70000216 32.80799128 16.19200216 0 P 0
L 32.55399128 16.70000216 32.80799128 17.20800216 0 P 0
L 32.55399128 18.2000017 32.80799128 17.6920017 0 P 0
L 32.55399128 18.2000017 32.80799128 18.7080017 0 P 0
L 32.55399128 19.70000124 32.80799128 19.19200124 0 P 0
L 32.55399128 19.70000124 32.80799128 20.20800124 0 P 0
L 32.55399128 21.20000078 32.80799128 20.69200078 0 P 0
L 32.55399128 21.20000078 32.80799128 21.70800078 0 P 0
L 33.29199082 2.6920063 33.54599082 3.2000063 0 P 0
L 33.29199082 2.6920063 33.79999082 2.9460063 0 P 0
L 33.29199082 3.7080063 33.54599082 3.2000063 0 P 0
L 33.29199082 3.7080063 33.79999082 3.4540063 0 P 0
L 33.29199082 4.19200584 33.54599082 4.70000584 0 P 0
L 33.29199082 4.19200584 33.79999082 4.44600584 0 P 0
L 33.29199082 5.20800584 33.54599082 4.70000584 0 P 0
L 33.29199082 5.20800584 33.79999082 4.95400584 0 P 0
L 33.29199082 5.69200538 33.54599082 6.20000538 0 P 0
L 33.29199082 5.69200538 33.79999082 5.94600538 0 P 0
L 33.29199082 6.70800538 33.54599082 6.20000538 0 P 0
L 33.29199082 6.70800538 33.79999082 6.45400538 0 P 0
L 33.29199082 7.19200492 33.54599082 7.70000492 0 P 0
L 33.29199082 7.19200492 33.79999082 7.44600492 0 P 0
L 33.29199082 8.20800492 33.54599082 7.70000492 0 P 0
L 33.29199082 8.20800492 33.79999082 7.95400492 0 P 0
L 33.29199082 8.69200446 33.54599082 9.20000446 0 P 0
L 33.29199082 8.69200446 33.79999082 8.94600446 0 P 0
L 33.29199082 9.70800446 33.54599082 9.20000446 0 P 0
L 33.29199082 9.70800446 33.79999082 9.45400446 0 P 0
L 33.29199082 10.192004 33.54599082 10.700004 0 P 0
L 33.29199082 10.192004 33.79999082 10.446004 0 P 0
L 33.29199082 11.208004 33.54599082 10.700004 0 P 0
L 33.29199082 11.208004 33.79999082 10.954004 0 P 0
L 33.29199082 11.69200354 33.54599082 12.20000354 0 P 0
L 33.29199082 11.69200354 33.79999082 11.94600354 0 P 0
L 33.29199082 12.70800354 33.54599082 12.20000354 0 P 0
L 33.29199082 12.70800354 33.79999082 12.45400354 0 P 0
L 33.29199082 16.19200216 33.54599082 16.70000216 0 P 0
L 33.29199082 16.19200216 33.79999082 16.44600216 0 P 0
L 33.29199082 17.20800216 33.54599082 16.70000216 0 P 0
L 33.29199082 17.20800216 33.79999082 16.95400216 0 P 0
L 33.29199082 17.6920017 33.54599082 18.2000017 0 P 0
L 33.29199082 17.6920017 33.79999082 17.9460017 0 P 0
L 33.29199082 18.7080017 33.54599082 18.2000017 0 P 0
L 33.29199082 18.7080017 33.79999082 18.4540017 0 P 0
L 33.29199082 19.19200124 33.54599082 19.70000124 0 P 0
L 33.29199082 19.19200124 33.79999082 19.44600124 0 P 0
L 33.29199082 20.20800124 33.54599082 19.70000124 0 P 0
L 33.29199082 20.20800124 33.79999082 19.95400124 0 P 0
L 33.29199082 20.69200078 33.54599082 21.20000078 0 P 0
L 33.29199082 20.69200078 33.79999082 20.94600078 0 P 0
L 33.29199082 21.70800078 33.54599082 21.20000078 0 P 0
L 33.29199082 21.70800078 33.79999082 21.45400078 0 P 0
L 33.79999082 2.9460063 34.30799082 2.6920063 0 P 0
L 33.79999082 3.4540063 34.30799082 3.7080063 0 P 0
L 33.79999082 4.44600584 34.30799082 4.19200584 0 P 0
L 33.79999082 4.95400584 34.30799082 5.20800584 0 P 0
L 33.79999082 5.94600538 34.30799082 5.69200538 0 P 0
L 33.79999082 6.45400538 34.30799082 6.70800538 0 P 0
L 33.79999082 7.44600492 34.30799082 7.19200492 0 P 0
L 33.79999082 7.95400492 34.30799082 8.20800492 0 P 0
L 33.79999082 8.94600446 34.30799082 8.69200446 0 P 0
L 33.79999082 9.45400446 34.30799082 9.70800446 0 P 0
L 33.79999082 10.446004 34.30799082 10.192004 0 P 0
L 33.79999082 10.954004 34.30799082 11.208004 0 P 0
L 33.79999082 11.94600354 34.30799082 11.69200354 0 P 0
L 33.79999082 12.45400354 34.30799082 12.70800354 0 P 0
L 33.79999082 16.44600216 34.30799082 16.19200216 0 P 0
L 33.79999082 16.95400216 34.30799082 17.20800216 0 P 0
L 33.79999082 17.9460017 34.30799082 17.6920017 0 P 0
L 33.79999082 18.4540017 34.30799082 18.7080017 0 P 0
L 33.79999082 19.44600124 34.30799082 19.19200124 0 P 0
L 33.79999082 19.95400124 34.30799082 20.20800124 0 P 0
L 33.79999082 20.94600078 34.30799082 20.69200078 0 P 0
L 33.79999082 21.45400078 34.30799082 21.70800078 0 P 0
L 34.05399082 3.2000063 34.30799082 2.6920063 0 P 0
L 34.05399082 3.2000063 34.30799082 3.7080063 0 P 0
L 34.05399082 4.70000584 34.30799082 4.19200584 0 P 0
L 34.05399082 4.70000584 34.30799082 5.20800584 0 P 0
L 34.05399082 6.20000538 34.30799082 5.69200538 0 P 0
L 34.05399082 6.20000538 34.30799082 6.70800538 0 P 0
L 34.05399082 7.70000492 34.30799082 7.19200492 0 P 0
L 34.05399082 7.70000492 34.30799082 8.20800492 0 P 0
L 34.05399082 9.20000446 34.30799082 8.69200446 0 P 0
L 34.05399082 9.20000446 34.30799082 9.70800446 0 P 0
L 34.05399082 10.700004 34.30799082 10.192004 0 P 0
L 34.05399082 10.700004 34.30799082 11.208004 0 P 0
L 34.05399082 12.20000354 34.30799082 11.69200354 0 P 0
L 34.05399082 12.20000354 34.30799082 12.70800354 0 P 0
L 34.05399082 16.70000216 34.30799082 16.19200216 0 P 0
L 34.05399082 16.70000216 34.30799082 17.20800216 0 P 0
L 34.05399082 18.2000017 34.30799082 17.6920017 0 P 0
L 34.05399082 18.2000017 34.30799082 18.7080017 0 P 0
L 34.05399082 19.70000124 34.30799082 19.19200124 0 P 0
L 34.05399082 19.70000124 34.30799082 20.20800124 0 P 0
L 34.05399082 21.20000078 34.30799082 20.69200078 0 P 0
L 34.05399082 21.20000078 34.30799082 21.70800078 0 P 0
L 34.79199036 2.6920063 35.04599036 3.2000063 0 P 0
L 34.79199036 2.6920063 35.29999036 2.9460063 0 P 0
L 34.79199036 3.7080063 35.04599036 3.2000063 0 P 0
L 34.79199036 3.7080063 35.29999036 3.4540063 0 P 0
L 34.79199036 4.19200584 35.04599036 4.70000584 0 P 0
L 34.79199036 4.19200584 35.29999036 4.44600584 0 P 0
L 34.79199036 5.20800584 35.04599036 4.70000584 0 P 0
L 34.79199036 5.20800584 35.29999036 4.95400584 0 P 0
L 34.79199036 5.69200538 35.04599036 6.20000538 0 P 0
L 34.79199036 5.69200538 35.29999036 5.94600538 0 P 0
L 34.79199036 6.70800538 35.04599036 6.20000538 0 P 0
L 34.79199036 6.70800538 35.29999036 6.45400538 0 P 0
L 34.79199036 7.19200492 35.04599036 7.70000492 0 P 0
L 34.79199036 7.19200492 35.29999036 7.44600492 0 P 0
L 34.79199036 8.20800492 35.04599036 7.70000492 0 P 0
L 34.79199036 8.20800492 35.29999036 7.95400492 0 P 0
L 34.79199036 8.69200446 35.04599036 9.20000446 0 P 0
L 34.79199036 8.69200446 35.29999036 8.94600446 0 P 0
L 34.79199036 9.70800446 35.04599036 9.20000446 0 P 0
L 34.79199036 9.70800446 35.29999036 9.45400446 0 P 0
L 34.79199036 10.192004 35.04599036 10.700004 0 P 0
L 34.79199036 10.192004 35.29999036 10.446004 0 P 0
L 34.79199036 11.208004 35.04599036 10.700004 0 P 0
L 34.79199036 11.208004 35.29999036 10.954004 0 P 0
L 34.79199036 11.69200354 35.04599036 12.20000354 0 P 0
L 34.79199036 11.69200354 35.29999036 11.94600354 0 P 0
L 34.79199036 12.70800354 35.04599036 12.20000354 0 P 0
L 34.79199036 12.70800354 35.29999036 12.45400354 0 P 0
L 34.79199036 17.6920017 35.04599036 18.2000017 0 P 0
L 34.79199036 17.6920017 35.29999036 17.9460017 0 P 0
L 34.79199036 18.7080017 35.04599036 18.2000017 0 P 0
L 34.79199036 18.7080017 35.29999036 18.4540017 0 P 0
L 34.79199036 19.19200124 35.04599036 19.70000124 0 P 0
L 34.79199036 19.19200124 35.29999036 19.44600124 0 P 0
L 34.79199036 20.20800124 35.04599036 19.70000124 0 P 0
L 34.79199036 20.20800124 35.29999036 19.95400124 0 P 0
L 34.79199036 20.69200078 35.04599036 21.20000078 0 P 0
L 34.79199036 20.69200078 35.29999036 20.94600078 0 P 0
L 34.79199036 21.70800078 35.04599036 21.20000078 0 P 0
L 34.79199036 21.70800078 35.29999036 21.45400078 0 P 0
L 34.79200052 0.29200094 35.04600052 0.80000094 0 P 0
L 34.79200052 0.29200094 35.30000052 0.54600094 0 P 0
L 34.79200052 1.30800094 35.04600052 0.80000094 0 P 0
L 34.79200052 1.30800094 35.30000052 1.05400094 0 P 0
L 34.79200052 1.49200108 35.04600052 2.00000108 0 P 0
L 34.79200052 1.49200108 35.30000052 1.74600108 0 P 0
L 34.79200052 2.50800108 35.04600052 2.00000108 0 P 0
L 34.79200052 2.50800108 35.30000052 2.25400108 0 P 0
L 35.29999036 2.9460063 35.80799036 2.6920063 0 P 0
L 35.29999036 3.4540063 35.80799036 3.7080063 0 P 0
L 35.29999036 4.44600584 35.80799036 4.19200584 0 P 0
L 35.29999036 4.95400584 35.80799036 5.20800584 0 P 0
L 35.29999036 5.94600538 35.80799036 5.69200538 0 P 0
L 35.29999036 6.45400538 35.80799036 6.70800538 0 P 0
L 35.29999036 7.44600492 35.80799036 7.19200492 0 P 0
L 35.29999036 7.95400492 35.80799036 8.20800492 0 P 0
L 35.29999036 8.94600446 35.80799036 8.69200446 0 P 0
L 35.29999036 9.45400446 35.80799036 9.70800446 0 P 0
L 35.29999036 10.446004 35.80799036 10.192004 0 P 0
L 35.29999036 10.954004 35.80799036 11.208004 0 P 0
L 35.29999036 11.94600354 35.80799036 11.69200354 0 P 0
L 35.29999036 12.45400354 35.80799036 12.70800354 0 P 0
L 35.29999036 17.9460017 35.80799036 17.6920017 0 P 0
L 35.29999036 18.4540017 35.80799036 18.7080017 0 P 0
L 35.29999036 19.44600124 35.80799036 19.19200124 0 P 0
L 35.29999036 19.95400124 35.80799036 20.20800124 0 P 0
L 35.29999036 20.94600078 35.80799036 20.69200078 0 P 0
L 35.29999036 21.45400078 35.80799036 21.70800078 0 P 0
L 35.30000052 0.54600094 35.80800052 0.29200094 0 P 0
L 35.30000052 1.05400094 35.80800052 1.30800094 0 P 0
L 35.30000052 1.74600108 35.80800052 1.49200108 0 P 0
L 35.30000052 2.25400108 35.80800052 2.50800108 0 P 0
L 35.55399036 3.2000063 35.80799036 2.6920063 0 P 0
L 35.55399036 3.2000063 35.80799036 3.7080063 0 P 0
L 35.55399036 4.70000584 35.80799036 4.19200584 0 P 0
L 35.55399036 4.70000584 35.80799036 5.20800584 0 P 0
L 35.55399036 6.20000538 35.80799036 5.69200538 0 P 0
L 35.55399036 6.20000538 35.80799036 6.70800538 0 P 0
L 35.55399036 7.70000492 35.80799036 7.19200492 0 P 0
L 35.55399036 7.70000492 35.80799036 8.20800492 0 P 0
L 35.55399036 9.20000446 35.80799036 8.69200446 0 P 0
L 35.55399036 9.20000446 35.80799036 9.70800446 0 P 0
L 35.55399036 10.700004 35.80799036 10.192004 0 P 0
L 35.55399036 10.700004 35.80799036 11.208004 0 P 0
L 35.55399036 12.20000354 35.80799036 11.69200354 0 P 0
L 35.55399036 12.20000354 35.80799036 12.70800354 0 P 0
L 35.55399036 18.2000017 35.80799036 17.6920017 0 P 0
L 35.55399036 18.2000017 35.80799036 18.7080017 0 P 0
L 35.55399036 19.70000124 35.80799036 19.19200124 0 P 0
L 35.55399036 19.70000124 35.80799036 20.20800124 0 P 0
L 35.55399036 21.20000078 35.80799036 20.69200078 0 P 0
L 35.55399036 21.20000078 35.80799036 21.70800078 0 P 0
L 35.55400052 0.80000094 35.80800052 0.29200094 0 P 0
L 35.55400052 0.80000094 35.80800052 1.30800094 0 P 0
L 35.55400052 2.00000108 35.80800052 1.49200108 0 P 0
L 35.55400052 2.00000108 35.80800052 2.50800108 0 P 0
L 36.2919899 4.19200584 36.5459899 4.70000584 0 P 0
L 36.2919899 4.19200584 36.7999899 4.44600584 0 P 0
L 36.2919899 5.20800584 36.5459899 4.70000584 0 P 0
L 36.2919899 5.20800584 36.7999899 4.95400584 0 P 0
L 36.2919899 5.69200538 36.5459899 6.20000538 0 P 0
L 36.2919899 5.69200538 36.7999899 5.94600538 0 P 0
L 36.2919899 6.70800538 36.5459899 6.20000538 0 P 0
L 36.2919899 6.70800538 36.7999899 6.45400538 0 P 0
L 36.2919899 7.19200492 36.5459899 7.70000492 0 P 0
L 36.2919899 7.19200492 36.7999899 7.44600492 0 P 0
L 36.2919899 8.20800492 36.5459899 7.70000492 0 P 0
L 36.2919899 8.20800492 36.7999899 7.95400492 0 P 0
L 36.2919899 8.69200446 36.5459899 9.20000446 0 P 0
L 36.2919899 8.69200446 36.7999899 8.94600446 0 P 0
L 36.2919899 9.70800446 36.5459899 9.20000446 0 P 0
L 36.2919899 9.70800446 36.7999899 9.45400446 0 P 0
L 36.2919899 10.192004 36.5459899 10.700004 0 P 0
L 36.2919899 10.192004 36.7999899 10.446004 0 P 0
L 36.2919899 11.208004 36.5459899 10.700004 0 P 0
L 36.2919899 11.208004 36.7999899 10.954004 0 P 0
L 36.2919899 11.69200354 36.5459899 12.20000354 0 P 0
L 36.2919899 11.69200354 36.7999899 11.94600354 0 P 0
L 36.2919899 12.70800354 36.5459899 12.20000354 0 P 0
L 36.2919899 12.70800354 36.7999899 12.45400354 0 P 0
L 36.2919899 17.6920017 36.5459899 18.2000017 0 P 0
L 36.2919899 17.6920017 36.7999899 17.9460017 0 P 0
L 36.2919899 18.7080017 36.5459899 18.2000017 0 P 0
L 36.2919899 18.7080017 36.7999899 18.4540017 0 P 0
L 36.2919899 19.19200124 36.5459899 19.70000124 0 P 0
L 36.2919899 19.19200124 36.7999899 19.44600124 0 P 0
L 36.2919899 20.20800124 36.5459899 19.70000124 0 P 0
L 36.2919899 20.20800124 36.7999899 19.95400124 0 P 0
L 36.2919899 20.69200078 36.5459899 21.20000078 0 P 0
L 36.2919899 20.69200078 36.7999899 20.94600078 0 P 0
L 36.2919899 21.70800078 36.5459899 21.20000078 0 P 0
L 36.2919899 21.70800078 36.7999899 21.45400078 0 P 0
L 36.7999899 4.44600584 37.3079899 4.19200584 0 P 0
L 36.7999899 4.95400584 37.3079899 5.20800584 0 P 0
L 36.7999899 5.94600538 37.3079899 5.69200538 0 P 0
L 36.7999899 6.45400538 37.3079899 6.70800538 0 P 0
L 36.7999899 7.44600492 37.3079899 7.19200492 0 P 0
L 36.7999899 7.95400492 37.3079899 8.20800492 0 P 0
L 36.7999899 8.94600446 37.3079899 8.69200446 0 P 0
L 36.7999899 9.45400446 37.3079899 9.70800446 0 P 0
L 36.7999899 10.446004 37.3079899 10.192004 0 P 0
L 36.7999899 10.954004 37.3079899 11.208004 0 P 0
L 36.7999899 11.94600354 37.3079899 11.69200354 0 P 0
L 36.7999899 12.45400354 37.3079899 12.70800354 0 P 0
L 36.7999899 17.9460017 37.3079899 17.6920017 0 P 0
L 36.7999899 18.4540017 37.3079899 18.7080017 0 P 0
L 36.7999899 19.44600124 37.3079899 19.19200124 0 P 0
L 36.7999899 19.95400124 37.3079899 20.20800124 0 P 0
L 36.7999899 20.94600078 37.3079899 20.69200078 0 P 0
L 36.7999899 21.45400078 37.3079899 21.70800078 0 P 0
L 36.9920012 3.00800008 37.5000012 1.99200008 0 P 0
L 36.9920012 3.00800008 38.0080012 3.00800008 0 P 0
L 37.0539899 4.70000584 37.3079899 4.19200584 0 P 0
L 37.0539899 4.70000584 37.3079899 5.20800584 0 P 0
L 37.0539899 6.20000538 37.3079899 5.69200538 0 P 0
L 37.0539899 6.20000538 37.3079899 6.70800538 0 P 0
L 37.0539899 7.70000492 37.3079899 7.19200492 0 P 0
L 37.0539899 7.70000492 37.3079899 8.20800492 0 P 0
L 37.0539899 9.20000446 37.3079899 8.69200446 0 P 0
L 37.0539899 9.20000446 37.3079899 9.70800446 0 P 0
L 37.0539899 10.700004 37.3079899 10.192004 0 P 0
L 37.0539899 10.700004 37.3079899 11.208004 0 P 0
L 37.0539899 12.20000354 37.3079899 11.69200354 0 P 0
L 37.0539899 12.20000354 37.3079899 12.70800354 0 P 0
L 37.0539899 18.2000017 37.3079899 17.6920017 0 P 0
L 37.0539899 18.2000017 37.3079899 18.7080017 0 P 0
L 37.0539899 19.70000124 37.3079899 19.19200124 0 P 0
L 37.0539899 19.70000124 37.3079899 20.20800124 0 P 0
L 37.0539899 21.20000078 37.3079899 20.69200078 0 P 0
L 37.0539899 21.20000078 37.3079899 21.70800078 0 P 0
L 37.092001 15.99200002 37.346001 16.50000002 0 P 0
L 37.092001 15.99200002 37.600001 16.24600002 0 P 0
L 37.092001 17.00800002 37.346001 16.50000002 0 P 0
L 37.092001 17.00800002 37.600001 16.75400002 0 P 0
L 37.5000012 1.99200008 38.0080012 3.00800008 0 P 0
L 37.600001 16.24600002 38.108001 15.99200002 0 P 0
L 37.600001 16.75400002 38.108001 17.00800002 0 P 0
L 37.79198944 4.19200584 38.04598944 4.70000584 0 P 0
L 37.79198944 4.19200584 38.29998944 4.44600584 0 P 0
L 37.79198944 5.20800584 38.04598944 4.70000584 0 P 0
L 37.79198944 5.20800584 38.29998944 4.95400584 0 P 0
L 37.79198944 5.69200538 38.04598944 6.20000538 0 P 0
L 37.79198944 5.69200538 38.29998944 5.94600538 0 P 0
L 37.79198944 6.70800538 38.04598944 6.20000538 0 P 0
L 37.79198944 6.70800538 38.29998944 6.45400538 0 P 0
L 37.79198944 7.19200492 38.04598944 7.70000492 0 P 0
L 37.79198944 7.19200492 38.29998944 7.44600492 0 P 0
L 37.79198944 8.20800492 38.04598944 7.70000492 0 P 0
L 37.79198944 8.20800492 38.29998944 7.95400492 0 P 0
L 37.79198944 8.69200446 38.04598944 9.20000446 0 P 0
L 37.79198944 8.69200446 38.29998944 8.94600446 0 P 0
L 37.79198944 9.70800446 38.04598944 9.20000446 0 P 0
L 37.79198944 9.70800446 38.29998944 9.45400446 0 P 0
L 37.79198944 10.192004 38.04598944 10.700004 0 P 0
L 37.79198944 10.192004 38.29998944 10.446004 0 P 0
L 37.79198944 11.208004 38.04598944 10.700004 0 P 0
L 37.79198944 11.208004 38.29998944 10.954004 0 P 0
L 37.79198944 11.69200354 38.04598944 12.20000354 0 P 0
L 37.79198944 11.69200354 38.29998944 11.94600354 0 P 0
L 37.79198944 12.70800354 38.04598944 12.20000354 0 P 0
L 37.79198944 12.70800354 38.29998944 12.45400354 0 P 0
L 37.79198944 13.19200308 38.04598944 13.70000308 0 P 0
L 37.79198944 13.19200308 38.29998944 13.44600308 0 P 0
L 37.79198944 14.20800308 38.04598944 13.70000308 0 P 0
L 37.79198944 14.20800308 38.29998944 13.95400308 0 P 0
L 37.79198944 14.69200262 38.04598944 15.20000262 0 P 0
L 37.79198944 14.69200262 38.29998944 14.94600262 0 P 0
L 37.79198944 15.70800262 38.04598944 15.20000262 0 P 0
L 37.79198944 15.70800262 38.29998944 15.45400262 0 P 0
L 37.79198944 17.6920017 38.04598944 18.2000017 0 P 0
L 37.79198944 17.6920017 38.29998944 17.9460017 0 P 0
L 37.79198944 18.7080017 38.04598944 18.2000017 0 P 0
L 37.79198944 18.7080017 38.29998944 18.4540017 0 P 0
L 37.79198944 19.19200124 38.04598944 19.70000124 0 P 0
L 37.79198944 19.19200124 38.29998944 19.44600124 0 P 0
L 37.79198944 20.20800124 38.04598944 19.70000124 0 P 0
L 37.79198944 20.20800124 38.29998944 19.95400124 0 P 0
L 37.79198944 20.69200078 38.04598944 21.20000078 0 P 0
L 37.79198944 20.69200078 38.29998944 20.94600078 0 P 0
L 37.79198944 21.70800078 38.04598944 21.20000078 0 P 0
L 37.79198944 21.70800078 38.29998944 21.45400078 0 P 0
L 37.854001 16.50000002 38.108001 15.99200002 0 P 0
L 37.854001 16.50000002 38.108001 17.00800002 0 P 0
L 38.29998944 4.44600584 38.80798944 4.19200584 0 P 0
L 38.29998944 4.95400584 38.80798944 5.20800584 0 P 0
L 38.29998944 5.94600538 38.80798944 5.69200538 0 P 0
L 38.29998944 6.45400538 38.80798944 6.70800538 0 P 0
L 38.29998944 7.44600492 38.80798944 7.19200492 0 P 0
L 38.29998944 7.95400492 38.80798944 8.20800492 0 P 0
L 38.29998944 8.94600446 38.80798944 8.69200446 0 P 0
L 38.29998944 9.45400446 38.80798944 9.70800446 0 P 0
L 38.29998944 10.446004 38.80798944 10.192004 0 P 0
L 38.29998944 10.954004 38.80798944 11.208004 0 P 0
L 38.29998944 11.94600354 38.80798944 11.69200354 0 P 0
L 38.29998944 12.45400354 38.80798944 12.70800354 0 P 0
L 38.29998944 13.44600308 38.80798944 13.19200308 0 P 0
L 38.29998944 13.95400308 38.80798944 14.20800308 0 P 0
L 38.29998944 14.94600262 38.80798944 14.69200262 0 P 0
L 38.29998944 15.45400262 38.80798944 15.70800262 0 P 0
L 38.29998944 17.9460017 38.80798944 17.6920017 0 P 0
L 38.29998944 18.4540017 38.80798944 18.7080017 0 P 0
L 38.29998944 19.44600124 38.80798944 19.19200124 0 P 0
L 38.29998944 19.95400124 38.80798944 20.20800124 0 P 0
L 38.29998944 20.94600078 38.80798944 20.69200078 0 P 0
L 38.29998944 21.45400078 38.80798944 21.70800078 0 P 0
L 38.55398944 4.70000584 38.80798944 4.19200584 0 P 0
L 38.55398944 4.70000584 38.80798944 5.20800584 0 P 0
L 38.55398944 6.20000538 38.80798944 5.69200538 0 P 0
L 38.55398944 6.20000538 38.80798944 6.70800538 0 P 0
L 38.55398944 7.70000492 38.80798944 7.19200492 0 P 0
L 38.55398944 7.70000492 38.80798944 8.20800492 0 P 0
L 38.55398944 9.20000446 38.80798944 8.69200446 0 P 0
L 38.55398944 9.20000446 38.80798944 9.70800446 0 P 0
L 38.55398944 10.700004 38.80798944 10.192004 0 P 0
L 38.55398944 10.700004 38.80798944 11.208004 0 P 0
L 38.55398944 12.20000354 38.80798944 11.69200354 0 P 0
L 38.55398944 12.20000354 38.80798944 12.70800354 0 P 0
L 38.55398944 13.70000308 38.80798944 13.19200308 0 P 0
L 38.55398944 13.70000308 38.80798944 14.20800308 0 P 0
L 38.55398944 15.20000262 38.80798944 14.69200262 0 P 0
L 38.55398944 15.20000262 38.80798944 15.70800262 0 P 0
L 38.55398944 18.2000017 38.80798944 17.6920017 0 P 0
L 38.55398944 18.2000017 38.80798944 18.7080017 0 P 0
L 38.55398944 19.70000124 38.80798944 19.19200124 0 P 0
L 38.55398944 19.70000124 38.80798944 20.20800124 0 P 0
L 38.55398944 21.20000078 38.80798944 20.69200078 0 P 0
L 38.55398944 21.20000078 38.80798944 21.70800078 0 P 0
L 38.69200034 4.19200076 38.94600034 4.70000076 0 P 0
L 38.69200034 4.19200076 39.20000034 4.44600076 0 P 0
L 38.69200034 5.20800076 38.94600034 4.70000076 0 P 0
L 38.69200034 5.20800076 39.20000034 4.95400076 0 P 0
L 38.69200034 5.6920003 38.94600034 6.2000003 0 P 0
L 38.69200034 5.6920003 39.20000034 5.9460003 0 P 0
L 38.69200034 6.7080003 38.94600034 6.2000003 0 P 0
L 38.69200034 6.7080003 39.20000034 6.4540003 0 P 0
L 38.69200034 7.19199984 38.94600034 7.69999984 0 P 0
L 38.69200034 7.19199984 39.20000034 7.44599984 0 P 0
L 38.69200034 8.20799984 38.94600034 7.69999984 0 P 0
L 38.69200034 8.20799984 39.20000034 7.95399984 0 P 0
L 38.69200034 8.69199938 38.94600034 9.19999938 0 P 0
L 38.69200034 8.69199938 39.20000034 8.94599938 0 P 0
L 38.69200034 9.70799938 38.94600034 9.19999938 0 P 0
L 38.69200034 9.70799938 39.20000034 9.45399938 0 P 0
L 38.69200034 10.19199892 38.94600034 10.69999892 0 P 0
L 38.69200034 10.19199892 39.20000034 10.44599892 0 P 0
L 38.69200034 11.20799892 38.94600034 10.69999892 0 P 0
L 38.69200034 11.20799892 39.20000034 10.95399892 0 P 0
L 38.69200034 11.692001 38.94600034 12.200001 0 P 0
L 38.69200034 11.692001 39.20000034 11.946001 0 P 0
L 38.69200034 12.708001 38.94600034 12.200001 0 P 0
L 38.69200034 12.708001 39.20000034 12.454001 0 P 0
L 38.69200034 13.19200054 38.94600034 13.70000054 0 P 0
L 38.69200034 13.19200054 39.20000034 13.44600054 0 P 0
L 38.69200034 14.20800054 38.94600034 13.70000054 0 P 0
L 38.69200034 14.20800054 39.20000034 13.95400054 0 P 0
L 38.69200034 14.69200008 38.94600034 15.20000008 0 P 0
L 38.69200034 14.69200008 39.20000034 14.94600008 0 P 0
L 38.69200034 15.70800008 38.94600034 15.20000008 0 P 0
L 38.69200034 15.70800008 39.20000034 15.45400008 0 P 0
L 38.69200034 16.19199962 38.94600034 16.69999962 0 P 0
L 38.69200034 16.19199962 39.20000034 16.44599962 0 P 0
L 38.69200034 17.20799962 38.94600034 16.69999962 0 P 0
L 38.69200034 17.20799962 39.20000034 16.95399962 0 P 0
L 38.69200034 17.69199916 38.94600034 18.19999916 0 P 0
L 38.69200034 17.69199916 39.20000034 17.94599916 0 P 0
L 38.69200034 18.70799916 38.94600034 18.19999916 0 P 0
L 38.69200034 18.70799916 39.20000034 18.45399916 0 P 0
L 38.69200034 19.19200124 38.94600034 19.70000124 0 P 0
L 38.69200034 19.19200124 39.20000034 19.44600124 0 P 0
L 38.69200034 20.20800124 38.94600034 19.70000124 0 P 0
L 38.69200034 20.20800124 39.20000034 19.95400124 0 P 0
L 38.69200034 20.69200078 38.94600034 21.20000078 0 P 0
L 38.69200034 20.69200078 39.20000034 20.94600078 0 P 0
L 38.69200034 21.70800078 38.94600034 21.20000078 0 P 0
L 38.69200034 21.70800078 39.20000034 21.45400078 0 P 0
L 39.20000034 4.44600076 39.70800034 4.19200076 0 P 0
L 39.20000034 4.95400076 39.70800034 5.20800076 0 P 0
L 39.20000034 5.9460003 39.70800034 5.6920003 0 P 0
L 39.20000034 6.4540003 39.70800034 6.7080003 0 P 0
L 39.20000034 7.44599984 39.70800034 7.19199984 0 P 0
L 39.20000034 7.95399984 39.70800034 8.20799984 0 P 0
L 39.20000034 8.94599938 39.70800034 8.69199938 0 P 0
L 39.20000034 9.45399938 39.70800034 9.70799938 0 P 0
L 39.20000034 10.44599892 39.70800034 10.19199892 0 P 0
L 39.20000034 10.95399892 39.70800034 11.20799892 0 P 0
L 39.20000034 11.946001 39.70800034 11.692001 0 P 0
L 39.20000034 12.454001 39.70800034 12.708001 0 P 0
L 39.20000034 13.44600054 39.70800034 13.19200054 0 P 0
L 39.20000034 13.95400054 39.70800034 14.20800054 0 P 0
L 39.20000034 14.94600008 39.70800034 14.69200008 0 P 0
L 39.20000034 15.45400008 39.70800034 15.70800008 0 P 0
L 39.20000034 16.44599962 39.70800034 16.19199962 0 P 0
L 39.20000034 16.95399962 39.70800034 17.20799962 0 P 0
L 39.20000034 17.94599916 39.70800034 17.69199916 0 P 0
L 39.20000034 18.45399916 39.70800034 18.70799916 0 P 0
L 39.20000034 19.44600124 39.70800034 19.19200124 0 P 0
L 39.20000034 19.95400124 39.70800034 20.20800124 0 P 0
L 39.20000034 20.94600078 39.70800034 20.69200078 0 P 0
L 39.20000034 21.45400078 39.70800034 21.70800078 0 P 0
L 39.45400034 4.70000076 39.70800034 4.19200076 0 P 0
L 39.45400034 4.70000076 39.70800034 5.20800076 0 P 0
L 39.45400034 6.2000003 39.70800034 5.6920003 0 P 0
L 39.45400034 6.2000003 39.70800034 6.7080003 0 P 0
L 39.45400034 7.69999984 39.70800034 7.19199984 0 P 0
L 39.45400034 7.69999984 39.70800034 8.20799984 0 P 0
L 39.45400034 9.19999938 39.70800034 8.69199938 0 P 0
L 39.45400034 9.19999938 39.70800034 9.70799938 0 P 0
L 39.45400034 10.69999892 39.70800034 10.19199892 0 P 0
L 39.45400034 10.69999892 39.70800034 11.20799892 0 P 0
L 39.45400034 12.200001 39.70800034 11.692001 0 P 0
L 39.45400034 12.200001 39.70800034 12.708001 0 P 0
L 39.45400034 13.70000054 39.70800034 13.19200054 0 P 0
L 39.45400034 13.70000054 39.70800034 14.20800054 0 P 0
L 39.45400034 15.20000008 39.70800034 14.69200008 0 P 0
L 39.45400034 15.20000008 39.70800034 15.70800008 0 P 0
L 39.45400034 16.69999962 39.70800034 16.19199962 0 P 0
L 39.45400034 16.69999962 39.70800034 17.20799962 0 P 0
L 39.45400034 18.19999916 39.70800034 17.69199916 0 P 0
L 39.45400034 18.19999916 39.70800034 18.70799916 0 P 0
L 39.45400034 19.70000124 39.70800034 19.19200124 0 P 0
L 39.45400034 19.70000124 39.70800034 20.20800124 0 P 0
L 39.45400034 21.20000078 39.70800034 20.69200078 0 P 0
L 39.45400034 21.20000078 39.70800034 21.70800078 0 P 0
