UNITS=MM
#Layer_Color=9474304
#
#Feature symbol names
#
$0 r127
$1 r169.33164

#
#Feature attribute names
#

#
#Layer features
#
A 36.98200122 6.45500106 36.98200122 6.45500106 36.47400122 6.45500106 1 P 0 N
A 37.99800122 11.53500106 37.99800122 11.53500106 37.49000122 11.53500106 1 P 0 N
A 39.01400122 6.45500106 39.01400122 6.45500106 38.50600122 6.45500106 1 P 0 N
L 0.24200104 9.70799938 0.75000104 8.69199938 0 P 0
L 0.24200104 9.70799938 1.25800104 9.70799938 0 P 0
L 0.24200104 11.20799892 0.75000104 10.19199892 0 P 0
L 0.24200104 11.20799892 1.25800104 11.20799892 0 P 0
L 0.24384254 5.2078255 0.75184254 4.1918255 0 P 0
L 0.24384254 5.2078255 1.25984254 5.2078255 0 P 0
L 0.24384254 6.70782504 0.75184254 5.69182504 0 P 0
L 0.24384254 6.70782504 1.25984254 6.70782504 0 P 0
L 0.24384254 8.20782458 0.75184254 7.19182458 0 P 0
L 0.24384254 8.20782458 1.25984254 8.20782458 0 P 0
L 0.24384254 12.70782574 0.75184254 11.69182574 0 P 0
L 0.24384254 12.70782574 1.25984254 12.70782574 0 P 0
L 0.24384254 14.20782528 0.75184254 13.19182528 0 P 0
L 0.24384254 14.20782528 1.25984254 14.20782528 0 P 0
L 0.24384254 15.70782482 0.75184254 14.69182482 0 P 0
L 0.24384254 15.70782482 1.25984254 15.70782482 0 P 0
L 0.24384254 17.20782436 0.75184254 16.19182436 0 P 0
L 0.24384254 17.20782436 1.25984254 17.20782436 0 P 0
L 0.24384254 18.7078239 0.75184254 17.6918239 0 P 0
L 0.24384254 18.7078239 1.25984254 18.7078239 0 P 0
L 0.24384254 20.20782598 0.75184254 19.19182598 0 P 0
L 0.24384254 20.20782598 1.25984254 20.20782598 0 P 0
L 0.24384254 21.70782552 0.75184254 20.69182552 0 P 0
L 0.24384254 21.70782552 1.25984254 21.70782552 0 P 0
L 0.75000104 8.69199938 1.25800104 9.70799938 0 P 0
L 0.75000104 10.19199892 1.25800104 11.20799892 0 P 0
L 0.75184254 4.1918255 1.25984254 5.2078255 0 P 0
L 0.75184254 5.69182504 1.25984254 6.70782504 0 P 0
L 0.75184254 7.19182458 1.25984254 8.20782458 0 P 0
L 0.75184254 11.69182574 1.25984254 12.70782574 0 P 0
L 0.75184254 13.19182528 1.25984254 14.20782528 0 P 0
L 0.75184254 14.69182482 1.25984254 15.70782482 0 P 0
L 0.75184254 16.19182436 1.25984254 17.20782436 0 P 0
L 0.75184254 17.6918239 1.25984254 18.7078239 0 P 0
L 0.75184254 19.19182598 1.25984254 20.20782598 0 P 0
L 0.75184254 20.69182552 1.25984254 21.70782552 0 P 0
L 1.49200616 5.20800076 2.00000616 4.19200076 0 P 0
L 1.49200616 5.20800076 2.50800616 5.20800076 0 P 0
L 1.49200616 6.7080003 2.00000616 5.6920003 0 P 0
L 1.49200616 6.7080003 2.50800616 6.7080003 0 P 0
L 1.49200616 8.20799984 2.00000616 7.19199984 0 P 0
L 1.49200616 8.20799984 2.50800616 8.20799984 0 P 0
L 1.49200616 9.70799938 2.00000616 8.69199938 0 P 0
L 1.49200616 9.70799938 2.50800616 9.70799938 0 P 0
L 1.49200616 11.20799892 2.00000616 10.19199892 0 P 0
L 1.49200616 11.20799892 2.50800616 11.20799892 0 P 0
L 1.49200616 12.70799846 2.00000616 11.69199846 0 P 0
L 1.49200616 12.70799846 2.50800616 12.70799846 0 P 0
L 1.49200616 14.207998 2.00000616 13.191998 0 P 0
L 1.49200616 14.207998 2.50800616 14.207998 0 P 0
L 1.49200616 15.70799754 2.00000616 14.69199754 0 P 0
L 1.49200616 15.70799754 2.50800616 15.70799754 0 P 0
L 1.49200616 17.20799708 2.00000616 16.19199708 0 P 0
L 1.49200616 17.20799708 2.50800616 17.20799708 0 P 0
L 1.49200616 18.70799662 2.00000616 17.69199662 0 P 0
L 1.49200616 18.70799662 2.50800616 18.70799662 0 P 0
L 1.49200616 20.20799616 2.00000616 19.19199616 0 P 0
L 1.49200616 20.20799616 2.50800616 20.20799616 0 P 0
L 1.49200616 21.7079957 2.00000616 20.6919957 0 P 0
L 1.49200616 21.7079957 2.50800616 21.7079957 0 P 0
L 1.99200008 1.99200008 2.24600008 2.50000008 0 P 0
L 1.99200008 1.99200008 2.50000008 2.24600008 0 P 0
L 1.99200008 3.00800008 2.24600008 2.50000008 0 P 0
L 1.99200008 3.00800008 2.50000008 2.75400008 0 P 0
L 2.00000616 4.19200076 2.50800616 5.20800076 0 P 0
L 2.00000616 5.6920003 2.50800616 6.7080003 0 P 0
L 2.00000616 7.19199984 2.50800616 8.20799984 0 P 0
L 2.00000616 8.69199938 2.50800616 9.70799938 0 P 0
L 2.00000616 10.19199892 2.50800616 11.20799892 0 P 0
L 2.00000616 11.69199846 2.50800616 12.70799846 0 P 0
L 2.00000616 13.191998 2.50800616 14.207998 0 P 0
L 2.00000616 14.69199754 2.50800616 15.70799754 0 P 0
L 2.00000616 16.19199708 2.50800616 17.20799708 0 P 0
L 2.00000616 17.69199662 2.50800616 18.70799662 0 P 0
L 2.00000616 19.19199616 2.50800616 20.20799616 0 P 0
L 2.00000616 20.6919957 2.50800616 21.7079957 0 P 0
L 2.50000008 2.24600008 3.00800008 1.99200008 0 P 0
L 2.50000008 2.75400008 3.00800008 3.00800008 0 P 0
L 2.75400008 2.50000008 3.00800008 1.99200008 0 P 0
L 2.75400008 2.50000008 3.00800008 3.00800008 0 P 0
L 2.9920057 5.20800076 3.5000057 4.19200076 0 P 0
L 2.9920057 5.20800076 4.0080057 5.20800076 0 P 0
L 2.9920057 6.7080003 3.5000057 5.6920003 0 P 0
L 2.9920057 6.7080003 4.0080057 6.7080003 0 P 0
L 2.9920057 8.20799984 3.5000057 7.19199984 0 P 0
L 2.9920057 8.20799984 4.0080057 8.20799984 0 P 0
L 2.9920057 9.70799938 3.5000057 8.69199938 0 P 0
L 2.9920057 9.70799938 4.0080057 9.70799938 0 P 0
L 2.9920057 11.20799892 3.5000057 10.19199892 0 P 0
L 2.9920057 11.20799892 4.0080057 11.20799892 0 P 0
L 2.9920057 12.70799846 3.5000057 11.69199846 0 P 0
L 2.9920057 12.70799846 4.0080057 12.70799846 0 P 0
L 2.9920057 14.207998 3.5000057 13.191998 0 P 0
L 2.9920057 14.207998 4.0080057 14.207998 0 P 0
L 2.9920057 15.70799754 3.5000057 14.69199754 0 P 0
L 2.9920057 15.70799754 4.0080057 15.70799754 0 P 0
L 2.9920057 17.20799708 3.5000057 16.19199708 0 P 0
L 2.9920057 17.20799708 4.0080057 17.20799708 0 P 0
L 2.9920057 18.70799662 3.5000057 17.69199662 0 P 0
L 2.9920057 18.70799662 4.0080057 18.70799662 0 P 0
L 2.9920057 20.20799616 3.5000057 19.19199616 0 P 0
L 2.9920057 20.20799616 4.0080057 20.20799616 0 P 0
L 2.9920057 21.7079957 3.5000057 20.6919957 0 P 0
L 2.9920057 21.7079957 4.0080057 21.7079957 0 P 0
L 3.5000057 4.19200076 4.0080057 5.20800076 0 P 0
L 3.5000057 5.6920003 4.0080057 6.7080003 0 P 0
L 3.5000057 7.19199984 4.0080057 8.20799984 0 P 0
L 3.5000057 8.69199938 4.0080057 9.70799938 0 P 0
L 3.5000057 10.19199892 4.0080057 11.20799892 0 P 0
L 3.5000057 11.69199846 4.0080057 12.70799846 0 P 0
L 3.5000057 13.191998 4.0080057 14.207998 0 P 0
L 3.5000057 14.69199754 4.0080057 15.70799754 0 P 0
L 3.5000057 16.19199708 4.0080057 17.20799708 0 P 0
L 3.5000057 17.69199662 4.0080057 18.70799662 0 P 0
L 3.5000057 19.19199616 4.0080057 20.20799616 0 P 0
L 3.5000057 20.6919957 4.0080057 21.7079957 0 P 0
L 4.49200016 1.28299972 5.00000016 0.26699972 0 P 0
L 4.49200016 1.28299972 5.50800016 1.28299972 0 P 0
L 4.49200016 2.30799894 5.00000016 1.29199894 0 P 0
L 4.49200016 2.30799894 5.50800016 2.30799894 0 P 0
L 4.49200524 3.70800122 5.00000524 2.69200122 0 P 0
L 4.49200524 3.70800122 5.50800524 3.70800122 0 P 0
L 4.49200524 5.20800076 5.00000524 4.19200076 0 P 0
L 4.49200524 5.20800076 5.50800524 5.20800076 0 P 0
L 4.49200524 6.7080003 5.00000524 5.6920003 0 P 0
L 4.49200524 6.7080003 5.50800524 6.7080003 0 P 0
L 4.49200524 8.20799984 5.00000524 7.19199984 0 P 0
L 4.49200524 8.20799984 5.50800524 8.20799984 0 P 0
L 4.49200524 9.70799938 5.00000524 8.69199938 0 P 0
L 4.49200524 9.70799938 5.50800524 9.70799938 0 P 0
L 4.49200524 11.20799892 5.00000524 10.19199892 0 P 0
L 4.49200524 11.20799892 5.50800524 11.20799892 0 P 0
L 4.49200524 12.70799846 5.00000524 11.69199846 0 P 0
L 4.49200524 12.70799846 5.50800524 12.70799846 0 P 0
L 4.49200524 14.207998 5.00000524 13.191998 0 P 0
L 4.49200524 14.207998 5.50800524 14.207998 0 P 0
L 4.49200524 15.70799754 5.00000524 14.69199754 0 P 0
L 4.49200524 15.70799754 5.50800524 15.70799754 0 P 0
L 4.49200524 17.20799708 5.00000524 16.19199708 0 P 0
L 4.49200524 17.20799708 5.50800524 17.20799708 0 P 0
L 4.49200524 18.70799662 5.00000524 17.69199662 0 P 0
L 4.49200524 18.70799662 5.50800524 18.70799662 0 P 0
L 4.49200524 20.20799616 5.00000524 19.19199616 0 P 0
L 4.49200524 20.20799616 5.50800524 20.20799616 0 P 0
L 4.49200524 21.7079957 5.00000524 20.6919957 0 P 0
L 4.49200524 21.7079957 5.50800524 21.7079957 0 P 0
L 5.00000016 0.26699972 5.50800016 1.28299972 0 P 0
L 5.00000016 1.29199894 5.50800016 2.30799894 0 P 0
L 5.00000524 2.69200122 5.50800524 3.70800122 0 P 0
L 5.00000524 4.19200076 5.50800524 5.20800076 0 P 0
L 5.00000524 5.6920003 5.50800524 6.7080003 0 P 0
L 5.00000524 7.19199984 5.50800524 8.20799984 0 P 0
L 5.00000524 8.69199938 5.50800524 9.70799938 0 P 0
L 5.00000524 10.19199892 5.50800524 11.20799892 0 P 0
L 5.00000524 11.69199846 5.50800524 12.70799846 0 P 0
L 5.00000524 13.191998 5.50800524 14.207998 0 P 0
L 5.00000524 14.69199754 5.50800524 15.70799754 0 P 0
L 5.00000524 16.19199708 5.50800524 17.20799708 0 P 0
L 5.00000524 17.69199662 5.50800524 18.70799662 0 P 0
L 5.00000524 19.19199616 5.50800524 20.20799616 0 P 0
L 5.00000524 20.6919957 5.50800524 21.7079957 0 P 0
L 5.96700102 2.30799894 6.47500102 1.29199894 0 P 0
L 5.96700102 2.30799894 6.98300102 2.30799894 0 P 0
L 5.9919997 1.28299972 6.4999997 0.26699972 0 P 0
L 5.9919997 1.28299972 7.0079997 1.28299972 0 P 0
L 5.99200478 3.70800122 6.50000478 2.69200122 0 P 0
L 5.99200478 3.70800122 7.00800478 3.70800122 0 P 0
L 5.99200478 5.20800076 6.50000478 4.19200076 0 P 0
L 5.99200478 5.20800076 7.00800478 5.20800076 0 P 0
L 5.99200478 6.7080003 6.50000478 5.6920003 0 P 0
L 5.99200478 6.7080003 7.00800478 6.7080003 0 P 0
L 5.99200478 8.20799984 6.50000478 7.19199984 0 P 0
L 5.99200478 8.20799984 7.00800478 8.20799984 0 P 0
L 5.99200478 12.70799846 6.50000478 11.69199846 0 P 0
L 5.99200478 12.70799846 7.00800478 12.70799846 0 P 0
L 5.99200478 14.207998 6.50000478 13.191998 0 P 0
L 5.99200478 14.207998 7.00800478 14.207998 0 P 0
L 5.99200478 15.70799754 6.50000478 14.69199754 0 P 0
L 5.99200478 15.70799754 7.00800478 15.70799754 0 P 0
L 5.99200478 17.20799708 6.50000478 16.19199708 0 P 0
L 5.99200478 17.20799708 7.00800478 17.20799708 0 P 0
L 5.99200478 18.70799662 6.50000478 17.69199662 0 P 0
L 5.99200478 18.70799662 7.00800478 18.70799662 0 P 0
L 5.99200478 20.20799616 6.50000478 19.19199616 0 P 0
L 5.99200478 20.20799616 7.00800478 20.20799616 0 P 0
L 5.99200478 21.7079957 6.50000478 20.6919957 0 P 0
L 5.99200478 21.7079957 7.00800478 21.7079957 0 P 0
L 6.47500102 1.29199894 6.98300102 2.30799894 0 P 0
L 6.4999997 0.26699972 7.0079997 1.28299972 0 P 0
L 6.50000478 2.69200122 7.00800478 3.70800122 0 P 0
L 6.50000478 4.19200076 7.00800478 5.20800076 0 P 0
L 6.50000478 5.6920003 7.00800478 6.7080003 0 P 0
L 6.50000478 7.19199984 7.00800478 8.20799984 0 P 0
L 6.50000478 11.69199846 7.00800478 12.70799846 0 P 0
L 6.50000478 13.191998 7.00800478 14.207998 0 P 0
L 6.50000478 14.69199754 7.00800478 15.70799754 0 P 0
L 6.50000478 16.19199708 7.00800478 17.20799708 0 P 0
L 6.50000478 17.69199662 7.00800478 18.70799662 0 P 0
L 6.50000478 19.19199616 7.00800478 20.20799616 0 P 0
L 6.50000478 20.6919957 7.00800478 21.7079957 0 P 0
L 6.86699922 17.35799932 7.37499922 16.34199932 0 P 0
L 6.86699922 17.35799932 7.88299922 17.35799932 0 P 0
L 7.37499922 16.34199932 7.88299922 17.35799932 0 P 0
L 7.44199934 2.30799894 7.94999934 1.29199894 0 P 0
L 7.44199934 2.30799894 8.45799934 2.30799894 0 P 0
L 7.49199924 1.28299972 7.99999924 0.26699972 0 P 0
L 7.49199924 1.28299972 8.50799924 1.28299972 0 P 0
L 7.49200432 3.70800122 8.00000432 2.69200122 0 P 0
L 7.49200432 3.70800122 8.50800432 3.70800122 0 P 0
L 7.49200432 5.20800076 8.00000432 4.19200076 0 P 0
L 7.49200432 5.20800076 8.50800432 5.20800076 0 P 0
L 7.49200432 6.7080003 8.00000432 5.6920003 0 P 0
L 7.49200432 6.7080003 8.50800432 6.7080003 0 P 0
L 7.49200432 8.20799984 8.00000432 7.19199984 0 P 0
L 7.49200432 8.20799984 8.50800432 8.20799984 0 P 0
L 7.49200432 9.70799938 8.00000432 8.69199938 0 P 0
L 7.49200432 9.70799938 8.50800432 9.70799938 0 P 0
L 7.49200432 11.20799892 8.00000432 10.19199892 0 P 0
L 7.49200432 11.20799892 8.50800432 11.20799892 0 P 0
L 7.49200432 12.70799846 8.00000432 11.69199846 0 P 0
L 7.49200432 12.70799846 8.50800432 12.70799846 0 P 0
L 7.49200432 14.207998 8.00000432 13.191998 0 P 0
L 7.49200432 14.207998 8.50800432 14.207998 0 P 0
L 7.49200432 15.70799754 8.00000432 14.69199754 0 P 0
L 7.49200432 15.70799754 8.50800432 15.70799754 0 P 0
L 7.49200432 18.70799662 8.00000432 17.69199662 0 P 0
L 7.49200432 18.70799662 8.50800432 18.70799662 0 P 0
L 7.49200432 20.20799616 8.00000432 19.19199616 0 P 0
L 7.49200432 20.20799616 8.50800432 20.20799616 0 P 0
L 7.49200432 21.7079957 8.00000432 20.6919957 0 P 0
L 7.49200432 21.7079957 8.50800432 21.7079957 0 P 0
L 7.94999934 1.29199894 8.45799934 2.30799894 0 P 0
L 7.99999924 0.26699972 8.50799924 1.28299972 0 P 0
L 8.00000432 2.69200122 8.50800432 3.70800122 0 P 0
L 8.00000432 4.19200076 8.50800432 5.20800076 0 P 0
L 8.00000432 5.6920003 8.50800432 6.7080003 0 P 0
L 8.00000432 7.19199984 8.50800432 8.20799984 0 P 0
L 8.00000432 8.69199938 8.50800432 9.70799938 0 P 0
L 8.00000432 10.19199892 8.50800432 11.20799892 0 P 0
L 8.00000432 11.69199846 8.50800432 12.70799846 0 P 0
L 8.00000432 13.191998 8.50800432 14.207998 0 P 0
L 8.00000432 14.69199754 8.50800432 15.70799754 0 P 0
L 8.00000432 17.69199662 8.50800432 18.70799662 0 P 0
L 8.00000432 19.19199616 8.50800432 20.20799616 0 P 0
L 8.00000432 20.6919957 8.50800432 21.7079957 0 P 0
L 8.99199878 1.28299972 9.49999878 0.26699972 0 P 0
L 8.99199878 1.28299972 10.00799878 1.28299972 0 P 0
L 8.99200386 3.70800122 9.50000386 2.69200122 0 P 0
L 8.99200386 3.70800122 10.00800386 3.70800122 0 P 0
L 8.99200386 5.20800076 9.50000386 4.19200076 0 P 0
L 8.99200386 5.20800076 10.00800386 5.20800076 0 P 0
L 8.99200386 6.7080003 9.50000386 5.6920003 0 P 0
L 8.99200386 6.7080003 10.00800386 6.7080003 0 P 0
L 8.99200386 8.20799984 9.50000386 7.19199984 0 P 0
L 8.99200386 8.20799984 10.00800386 8.20799984 0 P 0
L 8.99200386 12.70799846 9.50000386 11.69199846 0 P 0
L 8.99200386 12.70799846 10.00800386 12.70799846 0 P 0
L 8.99200386 14.207998 9.50000386 13.191998 0 P 0
L 8.99200386 14.207998 10.00800386 14.207998 0 P 0
L 8.99200386 15.70799754 9.50000386 14.69199754 0 P 0
L 8.99200386 15.70799754 10.00800386 15.70799754 0 P 0
L 8.99200386 20.20799616 9.50000386 19.19199616 0 P 0
L 8.99200386 20.20799616 10.00800386 20.20799616 0 P 0
L 8.99200386 21.7079957 9.50000386 20.6919957 0 P 0
L 8.99200386 21.7079957 10.00800386 21.7079957 0 P 0
L 9.017 2.30799894 9.525 1.29199894 0 P 0
L 9.017 2.30799894 10.033 2.30799894 0 P 0
L 9.49200032 19.5080001 10.00000032 18.4920001 0 P 0
L 9.49200032 19.5080001 10.50800032 19.5080001 0 P 0
L 9.49999878 0.26699972 10.00799878 1.28299972 0 P 0
L 9.50000386 2.69200122 10.00800386 3.70800122 0 P 0
L 9.50000386 4.19200076 10.00800386 5.20800076 0 P 0
L 9.50000386 5.6920003 10.00800386 6.7080003 0 P 0
L 9.50000386 7.19199984 10.00800386 8.20799984 0 P 0
L 9.50000386 11.69199846 10.00800386 12.70799846 0 P 0
L 9.50000386 13.191998 10.00800386 14.207998 0 P 0
L 9.50000386 14.69199754 10.00800386 15.70799754 0 P 0
L 9.50000386 19.19199616 10.00800386 20.20799616 0 P 0
L 9.50000386 20.6919957 10.00800386 21.7079957 0 P 0
L 9.525 1.29199894 10.033 2.30799894 0 P 0
L 10.00000032 18.4920001 10.50800032 19.5080001 0 P 0
L 10.49200086 1.28299972 11.00000086 0.26699972 0 P 0
L 10.49200086 1.28299972 11.50800086 1.28299972 0 P 0
L 10.49200086 2.30799894 11.00000086 1.29199894 0 P 0
L 10.49200086 2.30799894 11.50800086 2.30799894 0 P 0
L 10.4920034 6.7080003 11.0000034 5.6920003 0 P 0
L 10.4920034 6.7080003 11.5080034 6.7080003 0 P 0
L 10.4920034 8.20799984 11.0000034 7.19199984 0 P 0
L 10.4920034 8.20799984 11.5080034 8.20799984 0 P 0
L 10.4920034 12.70799846 11.0000034 11.69199846 0 P 0
L 10.4920034 12.70799846 11.5080034 12.70799846 0 P 0
L 10.4920034 14.207998 11.0000034 13.191998 0 P 0
L 10.4920034 14.207998 11.5080034 14.207998 0 P 0
L 10.4920034 15.70799754 11.0000034 14.69199754 0 P 0
L 10.4920034 15.70799754 11.5080034 15.70799754 0 P 0
L 10.4920034 20.20799616 11.0000034 19.19199616 0 P 0
L 10.4920034 20.20799616 11.5080034 20.20799616 0 P 0
L 10.4920034 21.7079957 11.0000034 20.6919957 0 P 0
L 10.4920034 21.7079957 11.5080034 21.7079957 0 P 0
L 10.60200064 3.66199928 10.60200064 4.67799928 0 P 0
L 10.60200064 3.66199928 11.61800064 3.66199928 0 P 0
L 10.60200064 4.67799928 11.61800064 4.67799928 0 P 0
L 11.00000086 0.26699972 11.50800086 1.28299972 0 P 0
L 11.00000086 1.29199894 11.50800086 2.30799894 0 P 0
L 11.0000034 5.6920003 11.5080034 6.7080003 0 P 0
L 11.0000034 7.19199984 11.5080034 8.20799984 0 P 0
L 11.0000034 11.69199846 11.5080034 12.70799846 0 P 0
L 11.0000034 13.191998 11.5080034 14.207998 0 P 0
L 11.0000034 14.69199754 11.5080034 15.70799754 0 P 0
L 11.0000034 19.19199616 11.5080034 20.20799616 0 P 0
L 11.0000034 20.6919957 11.5080034 21.7079957 0 P 0
L 11.61800064 3.66199928 11.61800064 4.67799928 0 P 0
L 11.9920004 1.28299972 12.5000004 0.26699972 0 P 0
L 11.9920004 1.28299972 13.0080004 1.28299972 0 P 0
L 11.9920004 2.30799894 12.5000004 1.29199894 0 P 0
L 11.9920004 2.30799894 13.0080004 2.30799894 0 P 0
L 11.99200294 3.70800122 12.50000294 2.69200122 0 P 0
L 11.99200294 3.70800122 13.00800294 3.70800122 0 P 0
L 11.99200294 5.20800076 12.50000294 4.19200076 0 P 0
L 11.99200294 5.20800076 13.00800294 5.20800076 0 P 0
L 11.99200294 6.7080003 12.50000294 5.6920003 0 P 0
L 11.99200294 6.7080003 13.00800294 6.7080003 0 P 0
L 11.99200294 8.20799984 12.50000294 7.19199984 0 P 0
L 11.99200294 8.20799984 13.00800294 8.20799984 0 P 0
L 11.99200294 9.70799938 12.50000294 8.69199938 0 P 0
L 11.99200294 9.70799938 13.00800294 9.70799938 0 P 0
L 11.99200294 12.70799846 12.50000294 11.69199846 0 P 0
L 11.99200294 12.70799846 13.00800294 12.70799846 0 P 0
L 11.99200294 14.207998 12.50000294 13.191998 0 P 0
L 11.99200294 14.207998 13.00800294 14.207998 0 P 0
L 11.99200294 15.70799754 12.50000294 14.69199754 0 P 0
L 11.99200294 15.70799754 13.00800294 15.70799754 0 P 0
L 11.99200294 20.20799616 12.50000294 19.19199616 0 P 0
L 11.99200294 20.20799616 13.00800294 20.20799616 0 P 0
L 11.99200294 21.7079957 12.50000294 20.6919957 0 P 0
L 11.99200294 21.7079957 13.00800294 21.7079957 0 P 0
L 12.5000004 0.26699972 13.0080004 1.28299972 0 P 0
L 12.5000004 1.29199894 13.0080004 2.30799894 0 P 0
L 12.50000294 2.69200122 13.00800294 3.70800122 0 P 0
L 12.50000294 4.19200076 13.00800294 5.20800076 0 P 0
L 12.50000294 5.6920003 13.00800294 6.7080003 0 P 0
L 12.50000294 7.19199984 13.00800294 8.20799984 0 P 0
L 12.50000294 8.69199938 13.00800294 9.70799938 0 P 0
L 12.50000294 11.69199846 13.00800294 12.70799846 0 P 0
L 12.50000294 13.191998 13.00800294 14.207998 0 P 0
L 12.50000294 14.69199754 13.00800294 15.70799754 0 P 0
L 12.50000294 19.19199616 13.00800294 20.20799616 0 P 0
L 12.50000294 20.6919957 13.00800294 21.7079957 0 P 0
L 12.94200104 16.3330001 13.45000104 15.3170001 0 P 0
L 12.94200104 16.3330001 13.95800104 16.3330001 0 P 0
L 12.94200104 19.13299958 13.45000104 18.11699958 0 P 0
L 12.94200104 19.13299958 13.95800104 19.13299958 0 P 0
L 13.14200064 3.66199928 13.14200064 4.67799928 0 P 0
L 13.14200064 3.66199928 14.15800064 3.66199928 0 P 0
L 13.14200064 4.67799928 14.15800064 4.67799928 0 P 0
L 13.45000104 15.3170001 13.95800104 16.3330001 0 P 0
L 13.45000104 18.11699958 13.95800104 19.13299958 0 P 0
L 13.49199994 1.28299972 13.99999994 0.26699972 0 P 0
L 13.49199994 1.28299972 14.50799994 1.28299972 0 P 0
L 13.49199994 2.30799894 13.99999994 1.29199894 0 P 0
L 13.49199994 2.30799894 14.50799994 2.30799894 0 P 0
L 13.49200248 6.7080003 14.00000248 5.6920003 0 P 0
L 13.49200248 6.7080003 14.50800248 6.7080003 0 P 0
L 13.49200248 8.20799984 14.00000248 7.19199984 0 P 0
L 13.49200248 8.20799984 14.50800248 8.20799984 0 P 0
L 13.49200248 9.70799938 14.00000248 8.69199938 0 P 0
L 13.49200248 9.70799938 14.50800248 9.70799938 0 P 0
L 13.49200248 11.20799892 14.00000248 10.19199892 0 P 0
L 13.49200248 11.20799892 14.50800248 11.20799892 0 P 0
L 13.49200248 14.207998 14.00000248 13.191998 0 P 0
L 13.49200248 14.207998 14.50800248 14.207998 0 P 0
L 13.49200248 15.70799754 14.00000248 14.69199754 0 P 0
L 13.49200248 15.70799754 14.50800248 15.70799754 0 P 0
L 13.49200248 20.20799616 14.00000248 19.19199616 0 P 0
L 13.49200248 20.20799616 14.50800248 20.20799616 0 P 0
L 13.49200248 21.7079957 14.00000248 20.6919957 0 P 0
L 13.49200248 21.7079957 14.50800248 21.7079957 0 P 0
L 13.99199894 18.00800056 14.49999894 16.99200056 0 P 0
L 13.99199894 18.00800056 15.00799894 18.00800056 0 P 0
L 13.99999994 0.26699972 14.50799994 1.28299972 0 P 0
L 13.99999994 1.29199894 14.50799994 2.30799894 0 P 0
L 14.00000248 5.6920003 14.50800248 6.7080003 0 P 0
L 14.00000248 7.19199984 14.50800248 8.20799984 0 P 0
L 14.00000248 8.69199938 14.50800248 9.70799938 0 P 0
L 14.00000248 10.19199892 14.50800248 11.20799892 0 P 0
L 14.00000248 13.191998 14.50800248 14.207998 0 P 0
L 14.00000248 14.69199754 14.50800248 15.70799754 0 P 0
L 14.00000248 19.19199616 14.50800248 20.20799616 0 P 0
L 14.00000248 20.6919957 14.50800248 21.7079957 0 P 0
L 14.15800064 3.66199928 14.15800064 4.67799928 0 P 0
L 14.49200048 19.5080001 15.00000048 18.4920001 0 P 0
L 14.49200048 19.5080001 15.50800048 19.5080001 0 P 0
L 14.49999894 16.99200056 15.00799894 18.00800056 0 P 0
L 14.99199948 1.28299972 15.49999948 0.26699972 0 P 0
L 14.99199948 1.28299972 16.00799948 1.28299972 0 P 0
L 14.99199948 2.30799894 15.49999948 1.29199894 0 P 0
L 14.99199948 2.30799894 16.00799948 2.30799894 0 P 0
L 14.99200202 8.20799984 15.50000202 7.19199984 0 P 0
L 14.99200202 8.20799984 16.00800202 8.20799984 0 P 0
L 14.99200202 9.70799938 15.50000202 8.69199938 0 P 0
L 14.99200202 9.70799938 16.00800202 9.70799938 0 P 0
L 14.99200202 11.20799892 15.50000202 10.19199892 0 P 0
L 14.99200202 11.20799892 16.00800202 11.20799892 0 P 0
L 14.99200202 12.70799846 15.50000202 11.69199846 0 P 0
L 14.99200202 12.70799846 16.00800202 12.70799846 0 P 0
L 14.99200202 15.70799754 15.50000202 14.69199754 0 P 0
L 14.99200202 15.70799754 16.00800202 15.70799754 0 P 0
L 14.99200202 20.20799616 15.50000202 19.19199616 0 P 0
L 14.99200202 20.20799616 16.00800202 20.20799616 0 P 0
L 15.00000048 18.4920001 15.50800048 19.5080001 0 P 0
L 15.01836722 18.60467196 15.52636722 17.58867196 0 P 0
L 15.01836722 18.60467196 16.03436722 18.60467196 0 P 0
L 15.13696744 16.83600138 15.64496744 15.82000138 0 P 0
L 15.13696744 16.83600138 16.15296744 16.83600138 0 P 0
L 15.49999948 0.26699972 16.00799948 1.28299972 0 P 0
L 15.49999948 1.29199894 16.00799948 2.30799894 0 P 0
L 15.50000202 7.19199984 16.00800202 8.20799984 0 P 0
L 15.50000202 8.69199938 16.00800202 9.70799938 0 P 0
L 15.50000202 10.19199892 16.00800202 11.20799892 0 P 0
L 15.50000202 11.69199846 16.00800202 12.70799846 0 P 0
L 15.50000202 14.69199754 16.00800202 15.70799754 0 P 0
L 15.50000202 19.19199616 16.00800202 20.20799616 0 P 0
L 15.52636722 17.58867196 16.03436722 18.60467196 0 P 0
L 15.59200082 13.1580001 16.10000082 12.1420001 0 P 0
L 15.59200082 13.1580001 16.60800082 13.1580001 0 P 0
L 15.64496744 15.82000138 16.15296744 16.83600138 0 P 0
L 15.6669994 20.55800054 16.1749994 19.54200054 0 P 0
L 15.6669994 20.55800054 16.6829994 20.55800054 0 P 0
L 15.6669994 21.75800068 16.1749994 20.74200068 0 P 0
L 15.6669994 21.75800068 16.6829994 21.75800068 0 P 0
L 15.68200064 3.66199928 15.68200064 4.67799928 0 P 0
L 15.68200064 3.66199928 16.69800064 3.66199928 0 P 0
L 15.68200064 4.67799928 16.69800064 4.67799928 0 P 0
L 16.10000082 12.1420001 16.60800082 13.1580001 0 P 0
L 16.1749994 19.54200054 16.6829994 20.55800054 0 P 0
L 16.1749994 20.74200068 16.6829994 21.75800068 0 P 0
L 16.29199942 19.9579992 16.79999942 18.9419992 0 P 0
L 16.29199942 19.9579992 17.30799942 19.9579992 0 P 0
L 16.29199942 21.15799934 16.79999942 20.14199934 0 P 0
L 16.29199942 21.15799934 17.30799942 21.15799934 0 P 0
L 16.49199902 1.28299972 16.99999902 0.26699972 0 P 0
L 16.49199902 1.28299972 17.50799902 1.28299972 0 P 0
L 16.49199902 2.30799894 16.99999902 1.29199894 0 P 0
L 16.49199902 2.30799894 17.50799902 2.30799894 0 P 0
L 16.49200156 3.70800122 17.00000156 2.69200122 0 P 0
L 16.49200156 3.70800122 17.50800156 3.70800122 0 P 0
L 16.49200156 6.7080003 17.00000156 5.6920003 0 P 0
L 16.49200156 6.7080003 17.50800156 6.7080003 0 P 0
L 16.49200156 8.20799984 17.00000156 7.19199984 0 P 0
L 16.49200156 8.20799984 17.50800156 8.20799984 0 P 0
L 16.49200156 9.70799938 17.00000156 8.69199938 0 P 0
L 16.49200156 9.70799938 17.50800156 9.70799938 0 P 0
L 16.49200156 11.20799892 17.00000156 10.19199892 0 P 0
L 16.49200156 11.20799892 17.50800156 11.20799892 0 P 0
L 16.69800064 3.66199928 16.69800064 4.67799928 0 P 0
L 16.79999942 18.9419992 17.30799942 19.9579992 0 P 0
L 16.79999942 20.14199934 17.30799942 21.15799934 0 P 0
L 16.99999902 0.26699972 17.50799902 1.28299972 0 P 0
L 16.99999902 1.29199894 17.50799902 2.30799894 0 P 0
L 17.00000156 2.69200122 17.50800156 3.70800122 0 P 0
L 17.00000156 5.6920003 17.50800156 6.7080003 0 P 0
L 17.00000156 7.19199984 17.50800156 8.20799984 0 P 0
L 17.00000156 8.69199938 17.50800156 9.70799938 0 P 0
L 17.00000156 10.19199892 17.50800156 11.20799892 0 P 0
L 17.9920011 2.55800098 18.5000011 1.54200098 0 P 0
L 17.9920011 2.55800098 19.0080011 2.55800098 0 P 0
L 17.9920011 8.20799984 18.5000011 7.19199984 0 P 0
L 17.9920011 8.20799984 19.0080011 8.20799984 0 P 0
L 17.9920011 9.70799938 18.5000011 8.69199938 0 P 0
L 17.9920011 9.70799938 19.0080011 9.70799938 0 P 0
L 17.9920011 11.20799892 18.5000011 10.19199892 0 P 0
L 17.9920011 11.20799892 19.0080011 11.20799892 0 P 0
L 17.9920011 12.00799986 18.5000011 10.99199986 0 P 0
L 17.9920011 12.00799986 19.0080011 12.00799986 0 P 0
L 18.22200064 3.66199928 18.22200064 4.67799928 0 P 0
L 18.22200064 3.66199928 19.23800064 3.66199928 0 P 0
L 18.22200064 4.67799928 19.23800064 4.67799928 0 P 0
L 18.41699898 18.85799886 18.92499898 17.84199886 0 P 0
L 18.41699898 18.85799886 19.43299898 18.85799886 0 P 0
L 18.5000011 1.54200098 19.0080011 2.55800098 0 P 0
L 18.5000011 7.19199984 19.0080011 8.20799984 0 P 0
L 18.5000011 8.69199938 19.0080011 9.70799938 0 P 0
L 18.5000011 10.19199892 19.0080011 11.20799892 0 P 0
L 18.5000011 10.99199986 19.0080011 12.00799986 0 P 0
L 18.6419998 12.50799886 19.1499998 11.49199886 0 P 0
L 18.6419998 12.50799886 19.6579998 12.50799886 0 P 0
L 18.71700092 14.59509908 19.22500092 13.57909908 0 P 0
L 18.71700092 14.59509908 19.73300092 14.59509908 0 P 0
L 18.92499898 17.84199886 19.43299898 18.85799886 0 P 0
L 19.06700022 18.05800046 19.57500022 17.04200046 0 P 0
L 19.06700022 18.05800046 20.08300022 18.05800046 0 P 0
L 19.1499998 11.49199886 19.6579998 12.50799886 0 P 0
L 19.22500092 13.57909908 19.73300092 14.59509908 0 P 0
L 19.23800064 3.66199928 19.23800064 4.67799928 0 P 0
L 19.24200114 11.75800036 19.75000114 10.74200036 0 P 0
L 19.24200114 11.75800036 20.25800114 11.75800036 0 P 0
L 19.29200104 18.85799886 19.80000104 17.84199886 0 P 0
L 19.29200104 18.85799886 20.30800104 18.85799886 0 P 0
L 19.49200064 2.55800098 20.00000064 1.54200098 0 P 0
L 19.49200064 2.55800098 20.50800064 2.55800098 0 P 0
L 19.49200064 3.70800122 20.00000064 2.69200122 0 P 0
L 19.49200064 3.70800122 20.50800064 3.70800122 0 P 0
L 19.49200064 5.20800076 20.00000064 4.19200076 0 P 0
L 19.49200064 5.20800076 20.50800064 5.20800076 0 P 0
L 19.49200064 8.20799984 20.00000064 7.19199984 0 P 0
L 19.49200064 8.20799984 20.50800064 8.20799984 0 P 0
L 19.57500022 17.04200046 20.08300022 18.05800046 0 P 0
L 19.61699912 11.00799932 20.12499912 9.99199932 0 P 0
L 19.61699912 11.00799932 20.63299912 11.00799932 0 P 0
L 19.75000114 10.74200036 20.25800114 11.75800036 0 P 0
L 19.80000104 17.84199886 20.30800104 18.85799886 0 P 0
L 19.91700106 15.30800088 20.42500106 14.29200088 0 P 0
L 19.91700106 15.30800088 20.93300106 15.30800088 0 P 0
L 19.91700106 17.20799962 20.42500106 16.19199962 0 P 0
L 19.91700106 17.20799962 20.93300106 17.20799962 0 P 0
L 20.00000064 1.54200098 20.50800064 2.55800098 0 P 0
L 20.00000064 2.69200122 20.50800064 3.70800122 0 P 0
L 20.00000064 4.19200076 20.50800064 5.20800076 0 P 0
L 20.00000064 7.19199984 20.50800064 8.20799984 0 P 0
L 20.12499912 9.99199932 20.63299912 11.00799932 0 P 0
L 20.42500106 14.29200088 20.93300106 15.30800088 0 P 0
L 20.42500106 16.19199962 20.93300106 17.20799962 0 P 0
L 20.54200108 18.85799886 21.05000108 17.84199886 0 P 0
L 20.54200108 18.85799886 21.55800108 18.85799886 0 P 0
L 20.76200064 3.66199928 20.76200064 4.67799928 0 P 0
L 20.76200064 3.66199928 21.77800064 3.66199928 0 P 0
L 20.76200064 4.67799928 21.77800064 4.67799928 0 P 0
L 20.99200018 2.55800098 21.50000018 1.54200098 0 P 0
L 20.99200018 2.55800098 22.00800018 2.55800098 0 P 0
L 20.99200018 10.73300114 21.50000018 9.71700114 0 P 0
L 20.99200018 10.73300114 22.00800018 10.73300114 0 P 0
L 21.05000108 17.84199886 21.55800108 18.85799886 0 P 0
L 21.50000018 1.54200098 22.00800018 2.55800098 0 P 0
L 21.50000018 9.71700114 22.00800018 10.73300114 0 P 0
L 21.6170002 6.53299938 22.1250002 5.51699938 0 P 0
L 21.6170002 6.53299938 22.6330002 6.53299938 0 P 0
L 21.77800064 3.66199928 21.77800064 4.67799928 0 P 0
L 22.1250002 5.51699938 22.6330002 6.53299938 0 P 0
L 22.49199972 1.28299972 22.99999972 0.26699972 0 P 0
L 22.49199972 1.28299972 23.50799972 1.28299972 0 P 0
L 22.49199972 2.30799894 22.99999972 1.29199894 0 P 0
L 22.49199972 2.30799894 23.50799972 2.30799894 0 P 0
L 22.49199972 3.70800122 22.99999972 2.69200122 0 P 0
L 22.49199972 3.70800122 23.50799972 3.70800122 0 P 0
L 22.49199972 6.7080003 22.99999972 5.6920003 0 P 0
L 22.49199972 6.7080003 23.50799972 6.7080003 0 P 0
L 22.49199972 8.20799984 22.99999972 7.19199984 0 P 0
L 22.49199972 8.20799984 23.50799972 8.20799984 0 P 0
L 22.69199932 12.53300008 23.19999932 11.51700008 0 P 0
L 22.69199932 12.53300008 23.70799932 12.53300008 0 P 0
L 22.69199932 19.9579992 23.19999932 18.9419992 0 P 0
L 22.69199932 19.9579992 23.70799932 19.9579992 0 P 0
L 22.69199932 21.15799934 23.19999932 20.14199934 0 P 0
L 22.69199932 21.15799934 23.70799932 21.15799934 0 P 0
L 22.99999972 0.26699972 23.50799972 1.28299972 0 P 0
L 22.99999972 1.29199894 23.50799972 2.30799894 0 P 0
L 22.99999972 2.69200122 23.50799972 3.70800122 0 P 0
L 22.99999972 5.6920003 23.50799972 6.7080003 0 P 0
L 22.99999972 7.19199984 23.50799972 8.20799984 0 P 0
L 23.19999932 11.51700008 23.70799932 12.53300008 0 P 0
L 23.19999932 18.9419992 23.70799932 19.9579992 0 P 0
L 23.19999932 20.14199934 23.70799932 21.15799934 0 P 0
L 23.30200064 3.66199928 23.30200064 4.67799928 0 P 0
L 23.30200064 3.66199928 24.31800064 3.66199928 0 P 0
L 23.30200064 4.67799928 24.31800064 4.67799928 0 P 0
L 23.31699934 19.33299918 23.82499934 18.31699918 0 P 0
L 23.31699934 19.33299918 24.33299934 19.33299918 0 P 0
L 23.31699934 20.55800054 23.82499934 19.54200054 0 P 0
L 23.31699934 20.55800054 24.33299934 20.55800054 0 P 0
L 23.31699934 21.75800068 23.82499934 20.74200068 0 P 0
L 23.31699934 21.75800068 24.33299934 21.75800068 0 P 0
L 23.82499934 18.31699918 24.33299934 19.33299918 0 P 0
L 23.82499934 19.54200054 24.33299934 20.55800054 0 P 0
L 23.82499934 20.74200068 24.33299934 21.75800068 0 P 0
L 23.99199926 1.28299972 24.49999926 0.26699972 0 P 0
L 23.99199926 1.28299972 25.00799926 1.28299972 0 P 0
L 23.99199926 2.30799894 24.49999926 1.29199894 0 P 0
L 23.99199926 2.30799894 25.00799926 2.30799894 0 P 0
L 23.99199926 6.7080003 24.49999926 5.6920003 0 P 0
L 23.99199926 6.7080003 25.00799926 6.7080003 0 P 0
L 23.99199926 8.20799984 24.49999926 7.19199984 0 P 0
L 23.99199926 8.20799984 25.00799926 8.20799984 0 P 0
L 23.99199926 14.207998 24.49999926 13.191998 0 P 0
L 23.99199926 14.207998 25.00799926 14.207998 0 P 0
L 23.99199926 18.70799662 24.49999926 17.69199662 0 P 0
L 23.99199926 18.70799662 25.00799926 18.70799662 0 P 0
L 23.99199926 20.20799616 24.49999926 19.19199616 0 P 0
L 23.99199926 20.20799616 25.00799926 20.20799616 0 P 0
L 24.31800064 3.66199928 24.31800064 4.67799928 0 P 0
L 24.49999926 0.26699972 25.00799926 1.28299972 0 P 0
L 24.49999926 1.29199894 25.00799926 2.30799894 0 P 0
L 24.49999926 5.6920003 25.00799926 6.7080003 0 P 0
L 24.49999926 7.19199984 25.00799926 8.20799984 0 P 0
L 24.49999926 13.191998 25.00799926 14.207998 0 P 0
L 24.49999926 17.69199662 25.00799926 18.70799662 0 P 0
L 24.49999926 19.19199616 25.00799926 20.20799616 0 P 0
L 25.4919988 1.28299972 25.9999988 0.26699972 0 P 0
L 25.4919988 1.28299972 26.5079988 1.28299972 0 P 0
L 25.4919988 2.30799894 25.9999988 1.29199894 0 P 0
L 25.4919988 2.30799894 26.5079988 2.30799894 0 P 0
L 25.4919988 8.20799984 25.9999988 7.19199984 0 P 0
L 25.4919988 8.20799984 26.5079988 8.20799984 0 P 0
L 25.4919988 14.207998 25.9999988 13.191998 0 P 0
L 25.4919988 14.207998 26.5079988 14.207998 0 P 0
L 25.4919988 18.70799662 25.9999988 17.69199662 0 P 0
L 25.4919988 18.70799662 26.5079988 18.70799662 0 P 0
L 25.4919988 20.20799616 25.9999988 19.19199616 0 P 0
L 25.4919988 20.20799616 26.5079988 20.20799616 0 P 0
L 25.4919988 21.7079957 25.9999988 20.6919957 0 P 0
L 25.4919988 21.7079957 26.5079988 21.7079957 0 P 0
L 25.84200064 3.66199928 25.84200064 4.67799928 0 P 0
L 25.84200064 3.66199928 26.85800064 3.66199928 0 P 0
L 25.84200064 4.67799928 26.85800064 4.67799928 0 P 0
L 25.9999988 0.26699972 26.5079988 1.28299972 0 P 0
L 25.9999988 1.29199894 26.5079988 2.30799894 0 P 0
L 25.9999988 7.19199984 26.5079988 8.20799984 0 P 0
L 25.9999988 13.191998 26.5079988 14.207998 0 P 0
L 25.9999988 17.69199662 26.5079988 18.70799662 0 P 0
L 25.9999988 19.19199616 26.5079988 20.20799616 0 P 0
L 25.9999988 20.6919957 26.5079988 21.7079957 0 P 0
L 26.24199984 7.2579992 26.74999984 6.2419992 0 P 0
L 26.24199984 7.2579992 27.25799984 7.2579992 0 P 0
L 26.74999984 6.2419992 27.25799984 7.2579992 0 P 0
L 26.85800064 3.66199928 26.85800064 4.67799928 0 P 0
L 26.99199834 3.70800122 27.49999834 2.69200122 0 P 0
L 26.99199834 3.70800122 28.00799834 3.70800122 0 P 0
L 26.99199834 5.20800076 27.49999834 4.19200076 0 P 0
L 26.99199834 5.20800076 28.00799834 5.20800076 0 P 0
L 26.99199834 6.7080003 27.49999834 5.6920003 0 P 0
L 26.99199834 6.7080003 28.00799834 6.7080003 0 P 0
L 26.99199834 8.20799984 27.49999834 7.19199984 0 P 0
L 26.99199834 8.20799984 28.00799834 8.20799984 0 P 0
L 26.99199834 12.70799846 27.49999834 11.69199846 0 P 0
L 26.99199834 12.70799846 28.00799834 12.70799846 0 P 0
L 26.99199834 14.207998 27.49999834 13.191998 0 P 0
L 26.99199834 14.207998 28.00799834 14.207998 0 P 0
L 26.99199834 15.70799754 27.49999834 14.69199754 0 P 0
L 26.99199834 15.70799754 28.00799834 15.70799754 0 P 0
L 26.99199834 17.20799708 27.49999834 16.19199708 0 P 0
L 26.99199834 17.20799708 28.00799834 17.20799708 0 P 0
L 26.99199834 18.70799662 27.49999834 17.69199662 0 P 0
L 26.99199834 18.70799662 28.00799834 18.70799662 0 P 0
L 26.99199834 20.20799616 27.49999834 19.19199616 0 P 0
L 26.99199834 20.20799616 28.00799834 20.20799616 0 P 0
L 26.99199834 21.7079957 27.49999834 20.6919957 0 P 0
L 26.99199834 21.7079957 28.00799834 21.7079957 0 P 0
L 26.99200088 1.28299972 27.50000088 0.26699972 0 P 0
L 26.99200088 1.28299972 28.00800088 1.28299972 0 P 0
L 26.99200088 2.30799894 27.50000088 1.29199894 0 P 0
L 26.99200088 2.30799894 28.00800088 2.30799894 0 P 0
L 27.03928298 10.00099854 27.54728298 8.98499854 0 P 0
L 27.03928298 10.00099854 28.05528298 10.00099854 0 P 0
L 27.49999834 2.69200122 28.00799834 3.70800122 0 P 0
L 27.49999834 4.19200076 28.00799834 5.20800076 0 P 0
L 27.49999834 5.6920003 28.00799834 6.7080003 0 P 0
L 27.49999834 7.19199984 28.00799834 8.20799984 0 P 0
L 27.49999834 11.69199846 28.00799834 12.70799846 0 P 0
L 27.49999834 13.191998 28.00799834 14.207998 0 P 0
L 27.49999834 14.69199754 28.00799834 15.70799754 0 P 0
L 27.49999834 16.19199708 28.00799834 17.20799708 0 P 0
L 27.49999834 17.69199662 28.00799834 18.70799662 0 P 0
L 27.49999834 19.19199616 28.00799834 20.20799616 0 P 0
L 27.49999834 20.6919957 28.00799834 21.7079957 0 P 0
L 27.50000088 0.26699972 28.00800088 1.28299972 0 P 0
L 27.50000088 1.29199894 28.00800088 2.30799894 0 P 0
L 27.54728298 8.98499854 28.05528298 10.00099854 0 P 0
L 28.38200064 3.66199928 28.38200064 4.67799928 0 P 0
L 28.38200064 3.66199928 29.39800064 3.66199928 0 P 0
L 28.38200064 4.67799928 29.39800064 4.67799928 0 P 0
L 28.49199788 6.7080003 28.99999788 5.6920003 0 P 0
L 28.49199788 6.7080003 29.50799788 6.7080003 0 P 0
L 28.49199788 8.20799984 28.99999788 7.19199984 0 P 0
L 28.49199788 8.20799984 29.50799788 8.20799984 0 P 0
L 28.49199788 12.70799846 28.99999788 11.69199846 0 P 0
L 28.49199788 12.70799846 29.50799788 12.70799846 0 P 0
L 28.49199788 14.207998 28.99999788 13.191998 0 P 0
L 28.49199788 14.207998 29.50799788 14.207998 0 P 0
L 28.49199788 15.70799754 28.99999788 14.69199754 0 P 0
L 28.49199788 15.70799754 29.50799788 15.70799754 0 P 0
L 28.49199788 17.20799708 28.99999788 16.19199708 0 P 0
L 28.49199788 17.20799708 29.50799788 17.20799708 0 P 0
L 28.49199788 18.70799662 28.99999788 17.69199662 0 P 0
L 28.49199788 18.70799662 29.50799788 18.70799662 0 P 0
L 28.49199788 20.20799616 28.99999788 19.19199616 0 P 0
L 28.49199788 20.20799616 29.50799788 20.20799616 0 P 0
L 28.49199788 21.7079957 28.99999788 20.6919957 0 P 0
L 28.49199788 21.7079957 29.50799788 21.7079957 0 P 0
L 28.49200042 1.28299972 29.00000042 0.26699972 0 P 0
L 28.49200042 1.28299972 29.50800042 1.28299972 0 P 0
L 28.49200042 2.30799894 29.00000042 1.29199894 0 P 0
L 28.49200042 2.30799894 29.50800042 2.30799894 0 P 0
L 28.99999788 5.6920003 29.50799788 6.7080003 0 P 0
L 28.99999788 7.19199984 29.50799788 8.20799984 0 P 0
L 28.99999788 11.69199846 29.50799788 12.70799846 0 P 0
L 28.99999788 13.191998 29.50799788 14.207998 0 P 0
L 28.99999788 14.69199754 29.50799788 15.70799754 0 P 0
L 28.99999788 16.19199708 29.50799788 17.20799708 0 P 0
L 28.99999788 17.69199662 29.50799788 18.70799662 0 P 0
L 28.99999788 19.19199616 29.50799788 20.20799616 0 P 0
L 28.99999788 20.6919957 29.50799788 21.7079957 0 P 0
L 29.00000042 0.26699972 29.50800042 1.28299972 0 P 0
L 29.00000042 1.29199894 29.50800042 2.30799894 0 P 0
L 29.39800064 3.66199928 29.39800064 4.67799928 0 P 0
L 29.99199742 3.70800122 30.49999742 2.69200122 0 P 0
L 29.99199742 3.70800122 31.00799742 3.70800122 0 P 0
L 29.99199742 5.20800076 30.49999742 4.19200076 0 P 0
L 29.99199742 5.20800076 31.00799742 5.20800076 0 P 0
L 29.99199742 6.7080003 30.49999742 5.6920003 0 P 0
L 29.99199742 6.7080003 31.00799742 6.7080003 0 P 0
L 29.99199742 8.20799984 30.49999742 7.19199984 0 P 0
L 29.99199742 8.20799984 31.00799742 8.20799984 0 P 0
L 29.99199742 12.70799846 30.49999742 11.69199846 0 P 0
L 29.99199742 12.70799846 31.00799742 12.70799846 0 P 0
L 29.99199742 14.207998 30.49999742 13.191998 0 P 0
L 29.99199742 14.207998 31.00799742 14.207998 0 P 0
L 29.99199742 15.70799754 30.49999742 14.69199754 0 P 0
L 29.99199742 15.70799754 31.00799742 15.70799754 0 P 0
L 29.99199742 17.20799708 30.49999742 16.19199708 0 P 0
L 29.99199742 17.20799708 31.00799742 17.20799708 0 P 0
L 29.99199742 18.70799662 30.49999742 17.69199662 0 P 0
L 29.99199742 18.70799662 31.00799742 18.70799662 0 P 0
L 29.99199742 20.20799616 30.49999742 19.19199616 0 P 0
L 29.99199742 20.20799616 31.00799742 20.20799616 0 P 0
L 29.99199742 21.7079957 30.49999742 20.6919957 0 P 0
L 29.99199742 21.7079957 31.00799742 21.7079957 0 P 0
L 29.99199996 2.30799894 30.49999996 1.29199894 0 P 0
L 29.99199996 2.30799894 31.00799996 2.30799894 0 P 0
L 30.04199986 1.28299972 30.54999986 0.26699972 0 P 0
L 30.04199986 1.28299972 31.05799986 1.28299972 0 P 0
L 30.49999742 2.69200122 31.00799742 3.70800122 0 P 0
L 30.49999742 4.19200076 31.00799742 5.20800076 0 P 0
L 30.49999742 5.6920003 31.00799742 6.7080003 0 P 0
L 30.49999742 7.19199984 31.00799742 8.20799984 0 P 0
L 30.49999742 11.69199846 31.00799742 12.70799846 0 P 0
L 30.49999742 13.191998 31.00799742 14.207998 0 P 0
L 30.49999742 14.69199754 31.00799742 15.70799754 0 P 0
L 30.49999742 16.19199708 31.00799742 17.20799708 0 P 0
L 30.49999742 17.69199662 31.00799742 18.70799662 0 P 0
L 30.49999742 19.19199616 31.00799742 20.20799616 0 P 0
L 30.49999742 20.6919957 31.00799742 21.7079957 0 P 0
L 30.49999996 1.29199894 31.00799996 2.30799894 0 P 0
L 30.54999986 0.26699972 31.05799986 1.28299972 0 P 0
L 31.49199696 3.70800122 31.99999696 2.69200122 0 P 0
L 31.49199696 3.70800122 32.50799696 3.70800122 0 P 0
L 31.49199696 5.20800076 31.99999696 4.19200076 0 P 0
L 31.49199696 5.20800076 32.50799696 5.20800076 0 P 0
L 31.49199696 6.7080003 31.99999696 5.6920003 0 P 0
L 31.49199696 6.7080003 32.50799696 6.7080003 0 P 0
L 31.49199696 8.20799984 31.99999696 7.19199984 0 P 0
L 31.49199696 8.20799984 32.50799696 8.20799984 0 P 0
L 31.49199696 12.70799846 31.99999696 11.69199846 0 P 0
L 31.49199696 12.70799846 32.50799696 12.70799846 0 P 0
L 31.49199696 14.207998 31.99999696 13.191998 0 P 0
L 31.49199696 14.207998 32.50799696 14.207998 0 P 0
L 31.49199696 15.70799754 31.99999696 14.69199754 0 P 0
L 31.49199696 15.70799754 32.50799696 15.70799754 0 P 0
L 31.49199696 17.20799708 31.99999696 16.19199708 0 P 0
L 31.49199696 17.20799708 32.50799696 17.20799708 0 P 0
L 31.49199696 18.70799662 31.99999696 17.69199662 0 P 0
L 31.49199696 18.70799662 32.50799696 18.70799662 0 P 0
L 31.49199696 20.20799616 31.99999696 19.19199616 0 P 0
L 31.49199696 20.20799616 32.50799696 20.20799616 0 P 0
L 31.49199696 21.7079957 31.99999696 20.6919957 0 P 0
L 31.49199696 21.7079957 32.50799696 21.7079957 0 P 0
L 31.4919995 1.28299972 31.9999995 0.26699972 0 P 0
L 31.4919995 1.28299972 32.5079995 1.28299972 0 P 0
L 31.4919995 2.30799894 31.9999995 1.29199894 0 P 0
L 31.4919995 2.30799894 32.5079995 2.30799894 0 P 0
L 31.99999696 2.69200122 32.50799696 3.70800122 0 P 0
L 31.99999696 4.19200076 32.50799696 5.20800076 0 P 0
L 31.99999696 5.6920003 32.50799696 6.7080003 0 P 0
L 31.99999696 7.19199984 32.50799696 8.20799984 0 P 0
L 31.99999696 11.69199846 32.50799696 12.70799846 0 P 0
L 31.99999696 13.191998 32.50799696 14.207998 0 P 0
L 31.99999696 14.69199754 32.50799696 15.70799754 0 P 0
L 31.99999696 16.19199708 32.50799696 17.20799708 0 P 0
L 31.99999696 17.69199662 32.50799696 18.70799662 0 P 0
L 31.99999696 19.19199616 32.50799696 20.20799616 0 P 0
L 31.99999696 20.6919957 32.50799696 21.7079957 0 P 0
L 31.9999995 0.26699972 32.5079995 1.28299972 0 P 0
L 31.9999995 1.29199894 32.5079995 2.30799894 0 P 0
L 32.9919965 3.70800122 33.4999965 2.69200122 0 P 0
L 32.9919965 3.70800122 34.0079965 3.70800122 0 P 0
L 32.9919965 5.20800076 33.4999965 4.19200076 0 P 0
L 32.9919965 5.20800076 34.0079965 5.20800076 0 P 0
L 32.9919965 6.7080003 33.4999965 5.6920003 0 P 0
L 32.9919965 6.7080003 34.0079965 6.7080003 0 P 0
L 32.9919965 8.20799984 33.4999965 7.19199984 0 P 0
L 32.9919965 8.20799984 34.0079965 8.20799984 0 P 0
L 32.9919965 12.70799846 33.4999965 11.69199846 0 P 0
L 32.9919965 12.70799846 34.0079965 12.70799846 0 P 0
L 32.9919965 14.207998 33.4999965 13.191998 0 P 0
L 32.9919965 14.207998 34.0079965 14.207998 0 P 0
L 32.9919965 15.70799754 33.4999965 14.69199754 0 P 0
L 32.9919965 15.70799754 34.0079965 15.70799754 0 P 0
L 32.9919965 17.20799708 33.4999965 16.19199708 0 P 0
L 32.9919965 17.20799708 34.0079965 17.20799708 0 P 0
L 32.9919965 18.70799662 33.4999965 17.69199662 0 P 0
L 32.9919965 18.70799662 34.0079965 18.70799662 0 P 0
L 32.9919965 20.20799616 33.4999965 19.19199616 0 P 0
L 32.9919965 20.20799616 34.0079965 20.20799616 0 P 0
L 32.9919965 21.7079957 33.4999965 20.6919957 0 P 0
L 32.9919965 21.7079957 34.0079965 21.7079957 0 P 0
L 32.99199904 1.28299972 33.49999904 0.26699972 0 P 0
L 32.99199904 1.28299972 34.00799904 1.28299972 0 P 0
L 32.99199904 2.30799894 33.49999904 1.29199894 0 P 0
L 32.99199904 2.30799894 34.00799904 2.30799894 0 P 0
L 33.4999965 2.69200122 34.0079965 3.70800122 0 P 0
L 33.4999965 4.19200076 34.0079965 5.20800076 0 P 0
L 33.4999965 5.6920003 34.0079965 6.7080003 0 P 0
L 33.4999965 7.19199984 34.0079965 8.20799984 0 P 0
L 33.4999965 11.69199846 34.0079965 12.70799846 0 P 0
L 33.4999965 13.191998 34.0079965 14.207998 0 P 0
L 33.4999965 14.69199754 34.0079965 15.70799754 0 P 0
L 33.4999965 16.19199708 34.0079965 17.20799708 0 P 0
L 33.4999965 17.69199662 34.0079965 18.70799662 0 P 0
L 33.4999965 19.19199616 34.0079965 20.20799616 0 P 0
L 33.4999965 20.6919957 34.0079965 21.7079957 0 P 0
L 33.49999904 0.26699972 34.00799904 1.28299972 0 P 0
L 33.49999904 1.29199894 34.00799904 2.30799894 0 P 0
L 34.49199604 3.70800122 34.99999604 2.69200122 0 P 0
L 34.49199604 3.70800122 35.50799604 3.70800122 0 P 0
L 34.49199604 5.20800076 34.99999604 4.19200076 0 P 0
L 34.49199604 5.20800076 35.50799604 5.20800076 0 P 0
L 34.49199604 6.7080003 34.99999604 5.6920003 0 P 0
L 34.49199604 6.7080003 35.50799604 6.7080003 0 P 0
L 34.49199604 8.20799984 34.99999604 7.19199984 0 P 0
L 34.49199604 8.20799984 35.50799604 8.20799984 0 P 0
L 34.49199604 12.70799846 34.99999604 11.69199846 0 P 0
L 34.49199604 12.70799846 35.50799604 12.70799846 0 P 0
L 34.49199604 14.207998 34.99999604 13.191998 0 P 0
L 34.49199604 14.207998 35.50799604 14.207998 0 P 0
L 34.49199604 15.70799754 34.99999604 14.69199754 0 P 0
L 34.49199604 15.70799754 35.50799604 15.70799754 0 P 0
L 34.49199604 17.20799708 34.99999604 16.19199708 0 P 0
L 34.49199604 17.20799708 35.50799604 17.20799708 0 P 0
L 34.49199604 18.70799662 34.99999604 17.69199662 0 P 0
L 34.49199604 18.70799662 35.50799604 18.70799662 0 P 0
L 34.49199604 20.20799616 34.99999604 19.19199616 0 P 0
L 34.49199604 20.20799616 35.50799604 20.20799616 0 P 0
L 34.49199604 21.7079957 34.99999604 20.6919957 0 P 0
L 34.49199604 21.7079957 35.50799604 21.7079957 0 P 0
L 34.49200112 1.28299972 35.00000112 0.26699972 0 P 0
L 34.49200112 1.28299972 35.50800112 1.28299972 0 P 0
L 34.49200112 2.30799894 35.00000112 1.29199894 0 P 0
L 34.49200112 2.30799894 35.50800112 2.30799894 0 P 0
L 34.99999604 2.69200122 35.50799604 3.70800122 0 P 0
L 34.99999604 4.19200076 35.50799604 5.20800076 0 P 0
L 34.99999604 5.6920003 35.50799604 6.7080003 0 P 0
L 34.99999604 7.19199984 35.50799604 8.20799984 0 P 0
L 34.99999604 11.69199846 35.50799604 12.70799846 0 P 0
L 34.99999604 13.191998 35.50799604 14.207998 0 P 0
L 34.99999604 14.69199754 35.50799604 15.70799754 0 P 0
L 34.99999604 16.19199708 35.50799604 17.20799708 0 P 0
L 34.99999604 17.69199662 35.50799604 18.70799662 0 P 0
L 34.99999604 19.19199616 35.50799604 20.20799616 0 P 0
L 34.99999604 20.6919957 35.50799604 21.7079957 0 P 0
L 35.00000112 0.26699972 35.50800112 1.28299972 0 P 0
L 35.00000112 1.29199894 35.50800112 2.30799894 0 P 0
L 35.39199932 9.50799978 35.89999932 8.49199978 0 P 0
L 35.39199932 9.50799978 36.40799932 9.50799978 0 P 0
L 35.56700024 11.53299954 36.07500024 10.51699954 0 P 0
L 35.56700024 11.53299954 36.58300024 11.53299954 0 P 0
L 35.89999932 8.49199978 36.40799932 9.50799978 0 P 0
L 35.99199558 5.20800076 36.49999558 4.19200076 0 P 0
L 35.99199558 5.20800076 37.00799558 5.20800076 0 P 0
L 35.99199558 12.70799846 36.49999558 11.69199846 0 P 0
L 35.99199558 12.70799846 37.00799558 12.70799846 0 P 0
L 35.99199558 14.207998 36.49999558 13.191998 0 P 0
L 35.99199558 14.207998 37.00799558 14.207998 0 P 0
L 35.99199558 15.70799754 36.49999558 14.69199754 0 P 0
L 35.99199558 15.70799754 37.00799558 15.70799754 0 P 0
L 35.99199558 17.20799708 36.49999558 16.19199708 0 P 0
L 35.99199558 17.20799708 37.00799558 17.20799708 0 P 0
L 35.99199558 18.70799662 36.49999558 17.69199662 0 P 0
L 35.99199558 18.70799662 37.00799558 18.70799662 0 P 0
L 35.99199558 20.20799616 36.49999558 19.19199616 0 P 0
L 35.99199558 20.20799616 37.00799558 20.20799616 0 P 0
L 35.99199558 21.7079957 36.49999558 20.6919957 0 P 0
L 35.99199558 21.7079957 37.00799558 21.7079957 0 P 0
L 36.07500024 10.51699954 36.58300024 11.53299954 0 P 0
L 36.49999558 4.19200076 37.00799558 5.20800076 0 P 0
L 36.49999558 11.69199846 37.00799558 12.70799846 0 P 0
L 36.49999558 13.191998 37.00799558 14.207998 0 P 0
L 36.49999558 14.69199754 37.00799558 15.70799754 0 P 0
L 36.49999558 16.19199708 37.00799558 17.20799708 0 P 0
L 36.49999558 17.69199662 37.00799558 18.70799662 0 P 0
L 36.49999558 19.19199616 37.00799558 20.20799616 0 P 0
L 36.49999558 20.6919957 37.00799558 21.7079957 0 P 0
L 36.9920012 1.99200008 37.2460012 2.50000008 0 P 0
L 36.9920012 1.99200008 37.5000012 2.24600008 0 P 0
L 36.9920012 3.00800008 37.2460012 2.50000008 0 P 0
L 36.9920012 3.00800008 37.5000012 2.75400008 0 P 0
L 37.49199512 5.20800076 37.99999512 4.19200076 0 P 0
L 37.49199512 5.20800076 38.50799512 5.20800076 0 P 0
L 37.49199512 14.207998 37.99999512 13.191998 0 P 0
L 37.49199512 14.207998 38.50799512 14.207998 0 P 0
L 37.49199512 15.70799754 37.99999512 14.69199754 0 P 0
L 37.49199512 15.70799754 38.50799512 15.70799754 0 P 0
L 37.49199512 17.20799708 37.99999512 16.19199708 0 P 0
L 37.49199512 17.20799708 38.50799512 17.20799708 0 P 0
L 37.49199512 18.70799662 37.99999512 17.69199662 0 P 0
L 37.49199512 18.70799662 38.50799512 18.70799662 0 P 0
L 37.49199512 20.20799616 37.99999512 19.19199616 0 P 0
L 37.49199512 20.20799616 38.50799512 20.20799616 0 P 0
L 37.49199512 21.7079957 37.99999512 20.6919957 0 P 0
L 37.49199512 21.7079957 38.50799512 21.7079957 0 P 0
L 37.5000012 2.24600008 38.0080012 1.99200008 0 P 0
L 37.5000012 2.75400008 38.0080012 3.00800008 0 P 0
L 37.7540012 2.50000008 38.0080012 1.99200008 0 P 0
L 37.7540012 2.50000008 38.0080012 3.00800008 0 P 0
L 37.9919992 11.63299934 38.4999992 10.61699934 0 P 0
L 37.9919992 11.63299934 39.0079992 11.63299934 0 P 0
L 37.99999512 4.19200076 38.50799512 5.20800076 0 P 0
L 37.99999512 13.191998 38.50799512 14.207998 0 P 0
L 37.99999512 14.69199754 38.50799512 15.70799754 0 P 0
L 37.99999512 16.19199708 38.50799512 17.20799708 0 P 0
L 37.99999512 17.69199662 38.50799512 18.70799662 0 P 0
L 37.99999512 19.19199616 38.50799512 20.20799616 0 P 0
L 37.99999512 20.6919957 38.50799512 21.7079957 0 P 0
L 38.36699972 9.50799978 38.87499972 8.49199978 0 P 0
L 38.36699972 9.50799978 39.38299972 9.50799978 0 P 0
L 38.4999992 10.61699934 39.0079992 11.63299934 0 P 0
L 38.74200024 5.20800076 39.25000024 4.19200076 0 P 0
L 38.74200024 5.20800076 39.75800024 5.20800076 0 P 0
L 38.74200024 8.20799984 39.25000024 7.19199984 0 P 0
L 38.74200024 8.20799984 39.75800024 8.20799984 0 P 0
L 38.74200024 11.45800096 39.25000024 10.44200096 0 P 0
L 38.74200024 11.45800096 39.75800024 11.45800096 0 P 0
L 38.74200024 12.708001 39.25000024 11.692001 0 P 0
L 38.74200024 12.708001 39.75800024 12.708001 0 P 0
L 38.74200024 14.20800054 39.25000024 13.19200054 0 P 0
L 38.74200024 14.20800054 39.75800024 14.20800054 0 P 0
L 38.74200024 15.70800008 39.25000024 14.69200008 0 P 0
L 38.74200024 15.70800008 39.75800024 15.70800008 0 P 0
L 38.74200024 17.20799962 39.25000024 16.19199962 0 P 0
L 38.74200024 17.20799962 39.75800024 17.20799962 0 P 0
L 38.74200024 18.70799916 39.25000024 17.69199916 0 P 0
L 38.74200024 18.70799916 39.75800024 18.70799916 0 P 0
L 38.74200024 20.20800124 39.25000024 19.19200124 0 P 0
L 38.74200024 20.20800124 39.75800024 20.20800124 0 P 0
L 38.74200024 21.70800078 39.25000024 20.69200078 0 P 0
L 38.74200024 21.70800078 39.75800024 21.70800078 0 P 0
L 38.87499972 8.49199978 39.38299972 9.50799978 0 P 0
L 39.25000024 4.19200076 39.75800024 5.20800076 0 P 0
L 39.25000024 7.19199984 39.75800024 8.20799984 0 P 0
L 39.25000024 10.44200096 39.75800024 11.45800096 0 P 0
L 39.25000024 11.692001 39.75800024 12.708001 0 P 0
L 39.25000024 13.19200054 39.75800024 14.20800054 0 P 0
L 39.25000024 14.69200008 39.75800024 15.70800008 0 P 0
L 39.25000024 16.19199962 39.75800024 17.20799962 0 P 0
L 39.25000024 17.69199916 39.75800024 18.70799916 0 P 0
L 39.25000024 19.19200124 39.75800024 20.20800124 0 P 0
L 39.25000024 20.69200078 39.75800024 21.70800078 0 P 0
