UNITS=MM
#Layer_Color=16711935
#
#Feature symbol names
#
$0 r49.9999
$1 r99.9998

#
#Feature attribute names
#

#
#Layer features
#
A 3.38900008 2.50000008 3.38900008 2.50000008 2.50000008 2.50000008 0 P 0 N
A 38.3890012 2.50000008 38.3890012 2.50000008 37.5000012 2.50000008 0 P 0 N
L 7.05000114 7.4999977 7.05000114 11.49999986 0 P 0
L 7.05000114 7.4999977 9.55000122 7.4999977 0 P 0
L 7.05000114 11.49999986 9.55000122 11.49999986 0 P 0
L 9.54991486 10.3498269 9.55000122 8.64999794 0 P 0
L 9.54991486 10.3498269 9.55000122 10.34999962 0 P 0
L 9.55000122 7.4999977 9.55000122 8.64999794 0 P 0
L 9.55000122 10.34999962 9.55000122 11.49999986 0 P 0
L 9.84000064 0.12999974 9.84000064 2.66999974 1 P 0
L 9.84000064 0.12999974 30.16000064 0.12999974 1 P 0
L 9.84000064 2.66999974 30.16000064 2.66999974 1 P 0
L 10.09999504 10.39991824 10.09999504 11.19991918 0 P 0
L 10.09999504 10.39991824 10.69998622 10.39991824 0 P 0
L 10.09999504 11.19991918 10.69998622 11.19991918 0 P 0
L 10.69998622 10.39991824 10.69998622 11.19991918 0 P 0
L 15.00000048 6.8999989 15.00000048 21.89999938 1 P 0
L 15.00000048 6.8999989 25.0000008 6.8999989 1 P 0
L 15.00000048 21.89999938 25.0000008 21.89999938 1 P 0
L 25.0000008 6.8999989 25.0000008 21.89999938 1 P 0
L 25.866598 17.41860372 25.866598 18.01860506 1 P 0
L 25.866598 17.41860372 26.96659834 17.41860372 1 P 0
L 25.866598 18.01860506 26.96659834 18.01860506 1 P 0
L 25.87660052 16.21860104 25.87660052 16.81860238 1 P 0
L 25.87660052 16.21860104 26.97660086 16.21860104 1 P 0
L 25.87660052 16.81860238 26.97660086 16.81860238 1 P 0
L 26.96659834 17.41860372 26.96659834 18.01860506 1 P 0
L 26.97660086 16.21860104 26.97660086 16.81860238 1 P 0
L 29.19999494 10.39992078 29.19999494 11.19992172 0 P 0
L 29.19999494 10.39992078 29.79998612 10.39992078 0 P 0
L 29.19999494 11.19992172 29.79998612 11.19992172 0 P 0
L 29.79998612 10.39992078 29.79998612 11.19992172 0 P 0
L 30.16000064 0.12999974 30.16000064 2.66999974 1 P 0
L 30.35000534 7.49999516 30.35000534 11.49999732 0 P 0
L 30.35000534 7.49999516 32.85000542 7.49999516 0 P 0
L 30.35000534 11.49999732 32.85000542 11.49999732 0 P 0
L 31.64999766 14.40000168 31.64999766 15.00000048 0 P 0
L 31.64999766 14.40000168 32.749998 14.40000168 0 P 0
L 31.64999766 15.00000048 32.749998 15.00000048 0 P 0
L 32.749998 14.40000168 32.749998 15.00000048 0 P 0
L 32.84991906 10.34982436 32.85000542 8.6499954 0 P 0
L 32.84991906 10.34982436 32.85000542 10.34999708 0 P 0
L 32.85000542 7.49999516 32.85000542 8.6499954 0 P 0
L 32.85000542 10.34999708 32.85000542 11.49999732 0 P 0
L 33.64999874 14.24999944 33.64999874 16.35000032 0 P 0
L 33.64999874 14.24999944 35.74999962 14.24999944 0 P 0
L 33.64999874 16.35000032 35.74999962 16.35000032 0 P 0
L 35.74999962 14.24999944 35.74999962 16.35000032 0 P 0
L 36.65000036 15.49999948 36.65000036 16.09999828 0 P 0
L 36.65000036 15.49999948 37.7500007 15.49999948 0 P 0
L 36.65000036 16.09999828 37.7500007 16.09999828 0 P 0
L 36.6500029 14.50000148 36.6500029 15.10000028 0 P 0
L 36.6500029 14.50000148 37.75000324 14.50000148 0 P 0
L 36.6500029 15.10000028 37.75000324 15.10000028 0 P 0
L 37.7500007 15.49999948 37.7500007 16.09999828 0 P 0
L 37.75000324 14.50000148 37.75000324 15.10000028 0 P 0
