UNITS=MM
#Layer_Color=9474304
#
#Feature symbol names
#
$0 r127

#
#Feature attribute names
#

#
#Layer features
#
L 0.60000134 20.32500126 0.90000074 20.32500126 0 P 0
L 0.60000134 21.69999978 0.90000074 21.69999978 0 P 0
L 0.60000134 23.19999932 0.90000074 23.19999932 0 P 0
L 0.60000134 24.69999886 0.90000074 24.69999886 0 P 0
L 0.60000134 26.20000094 0.90000074 26.20000094 0 P 0
L 0.60000134 27.70000048 0.90000074 27.70000048 0 P 0
L 0.60000134 29.20000002 0.90000074 29.20000002 0 P 0
L 0.60000134 30.69999956 0.90000074 30.69999956 0 P 0
L 0.60000134 32.1999991 0.90000074 32.1999991 0 P 0
L 0.60000134 33.70000118 0.90000074 33.70000118 0 P 0
L 0.60000134 35.20000072 0.90000074 35.20000072 0 P 0
L 0.75000104 20.17500156 0.75000104 20.47500096 0 P 0
L 0.75000104 21.55000008 0.75000104 21.84999948 0 P 0
L 0.75000104 23.04999962 0.75000104 23.34999902 0 P 0
L 0.75000104 24.54999916 0.75000104 24.84999856 0 P 0
L 0.75000104 26.05000124 0.75000104 26.35000064 0 P 0
L 0.75000104 27.55000078 0.75000104 27.85000018 0 P 0
L 0.75000104 29.05000032 0.75000104 29.34999972 0 P 0
L 0.75000104 30.54999986 0.75000104 30.84999926 0 P 0
L 0.75000104 32.0499994 0.75000104 32.3499988 0 P 0
L 0.75000104 33.55000148 0.75000104 33.85000088 0 P 0
L 0.75000104 35.05000102 0.75000104 35.35000042 0 P 0
L 1.56000196 4.21999918 2.65999976 4.21999918 0 P 0
L 1.85000138 20.32500126 2.15000078 20.32500126 0 P 0
L 1.85000138 21.69999978 2.15000078 21.69999978 0 P 0
L 1.85000392 23.2000044 2.15000332 23.2000044 0 P 0
L 1.85000392 24.70000394 2.15000332 24.70000394 0 P 0
L 1.85000392 26.20000348 2.15000332 26.20000348 0 P 0
L 1.85000392 27.70000302 2.15000332 27.70000302 0 P 0
L 1.85000392 29.20000256 2.15000332 29.20000256 0 P 0
L 1.85000392 30.7000021 2.15000332 30.7000021 0 P 0
L 1.85000392 32.20000164 2.15000332 32.20000164 0 P 0
L 1.85000392 33.70000118 2.15000332 33.70000118 0 P 0
L 1.85000392 35.20000072 2.15000332 35.20000072 0 P 0
L 2.00000108 20.17500156 2.00000108 20.47500096 0 P 0
L 2.00000108 21.55000008 2.00000108 21.84999948 0 P 0
L 2.00000362 23.0500047 2.00000362 23.3500041 0 P 0
L 2.00000362 24.55000424 2.00000362 24.85000364 0 P 0
L 2.00000362 26.05000378 2.00000362 26.35000318 0 P 0
L 2.00000362 27.55000332 2.00000362 27.85000272 0 P 0
L 2.00000362 29.05000286 2.00000362 29.35000226 0 P 0
L 2.00000362 30.5500024 2.00000362 30.8500018 0 P 0
L 2.00000362 32.05000194 2.00000362 32.35000134 0 P 0
L 2.00000362 33.55000148 2.00000362 33.85000088 0 P 0
L 2.00000362 35.05000102 2.00000362 35.35000042 0 P 0
L 2.11000086 3.67000028 2.11000086 4.76999808 0 P 0
L 2.60000242 10.00000032 4.39999882 10.00000032 0 P 0
L 2.8250007 19.4999991 3.1250001 19.4999991 0 P 0
L 2.9750004 19.3499994 2.9750004 19.6499988 0 P 0
L 3.35000092 20.32500126 3.65000032 20.32500126 0 P 0
L 3.35000092 21.69999978 3.65000032 21.69999978 0 P 0
L 3.35000092 33.75000108 3.65000032 33.75000108 0 P 0
L 3.35000346 23.2000044 3.65000286 23.2000044 0 P 0
L 3.35000346 24.70000394 3.65000286 24.70000394 0 P 0
L 3.35000346 35.20000072 3.65000286 35.20000072 0 P 0
L 3.50000062 9.10000212 3.50000062 10.89999852 0 P 0
L 3.50000062 20.17500156 3.50000062 20.47500096 0 P 0
L 3.50000062 21.55000008 3.50000062 21.84999948 0 P 0
L 3.50000062 33.60000138 3.50000062 33.90000078 0 P 0
L 3.50000316 23.0500047 3.50000316 23.3500041 0 P 0
L 3.50000316 24.55000424 3.50000316 24.85000364 0 P 0
L 3.50000316 35.05000102 3.50000316 35.35000042 0 P 0
L 4.10000196 4.21999918 5.19999976 4.21999918 0 P 0
L 4.35000146 28.2250007 4.65000086 28.2250007 0 P 0
L 4.50000116 28.075001 4.50000116 28.3750004 0 P 0
L 4.65000086 3.67000028 4.65000086 4.76999808 0 P 0
L 4.85000046 20.32500126 5.14999986 20.32500126 0 P 0
L 4.85000046 21.69999978 5.14999986 21.69999978 0 P 0
L 4.85000046 33.75000108 5.14999986 33.75000108 0 P 0
L 4.850003 23.2000044 5.1500024 23.2000044 0 P 0
L 4.850003 24.70000394 5.1500024 24.70000394 0 P 0
L 4.850003 35.20000072 5.1500024 35.20000072 0 P 0
L 5.00000016 20.17500156 5.00000016 20.47500096 0 P 0
L 5.00000016 21.55000008 5.00000016 21.84999948 0 P 0
L 5.00000016 33.60000138 5.00000016 33.90000078 0 P 0
L 5.0000027 23.0500047 5.0000027 23.3500041 0 P 0
L 5.0000027 24.55000424 5.0000027 24.85000364 0 P 0
L 5.0000027 35.05000102 5.0000027 35.35000042 0 P 0
L 5.44999926 30.67500088 5.74999866 30.67500088 0 P 0
L 5.59999896 30.52500118 5.59999896 30.82500058 0 P 0
L 5.72499998 26.47499912 6.02499938 26.47499912 0 P 0
L 5.7500012 34.15000028 6.0500006 34.15000028 0 P 0
L 5.7500012 35.20000072 6.0500006 35.20000072 0 P 0
L 5.77499988 33.07500116 6.07499928 33.07500116 0 P 0
L 5.850001 24.9500009 6.1500004 24.9500009 0 P 0
L 5.87499968 26.32499942 5.87499968 26.62499882 0 P 0
L 5.9000009 34.00000058 5.9000009 34.29999998 0 P 0
L 5.9000009 35.05000102 5.9000009 35.35000042 0 P 0
L 5.92499958 32.92500146 5.92499958 33.22500086 0 P 0
L 6.0000007 24.8000012 6.0000007 25.1000006 0 P 0
L 6.35 20.32500126 6.6499994 20.32500126 0 P 0
L 6.35000254 23.2000044 6.65000194 23.2000044 0 P 0
L 6.4499998 25.7499993 6.7499992 25.7499993 0 P 0
L 6.4999997 20.17500156 6.4999997 20.47500096 0 P 0
L 6.50000224 23.0500047 6.50000224 23.3500041 0 P 0
L 6.5999995 25.5999996 6.5999995 25.899999 0 P 0
L 6.64000196 4.21999918 7.73999976 4.21999918 0 P 0
L 6.6499994 24.17500118 6.9499988 24.17500118 0 P 0
L 6.7999991 24.02500148 6.7999991 24.32500088 0 P 0
L 6.90000144 21.45000028 7.20000084 21.45000028 0 P 0
L 7.05000114 21.30000058 7.05000114 21.59999998 0 P 0
L 7.19000086 3.67000028 7.19000086 4.76999808 0 P 0
L 7.27499942 27.29999874 7.57499882 27.29999874 0 P 0
L 7.42499912 27.14999904 7.42499912 27.44999844 0 P 0
L 7.55000014 21.45000028 7.84999954 21.45000028 0 P 0
L 7.55000014 24.02500148 7.84999954 24.02500148 0 P 0
L 7.69999984 21.30000058 7.69999984 21.59999998 0 P 0
L 7.69999984 23.87500178 7.69999984 24.17500118 0 P 0
L 7.85000208 23.2000044 8.15000148 23.2000044 0 P 0
L 7.96250122 10.0100003 8.9575005 10.0100003 0 P 0
L 8.00000178 23.0500047 8.00000178 23.3500041 0 P 0
L 8.02500046 33.62500006 8.32499986 33.62500006 0 P 0
L 8.02500046 34.7250004 8.32499986 34.7250004 0 P 0
L 8.09999904 28.04999978 8.39999844 28.04999978 0 P 0
L 8.17500016 33.47500036 8.17500016 33.77499976 0 P 0
L 8.17500016 34.5750007 8.17500016 34.8750001 0 P 0
L 8.20000138 21.45000028 8.50000078 21.45000028 0 P 0
L 8.24999874 27.90000008 8.24999874 28.19999948 0 P 0
L 8.35000108 21.30000058 8.35000108 21.59999998 0 P 0
L 8.46000086 9.51250066 8.46000086 10.50749994 0 P 0
L 8.52499946 35.20000072 8.82499886 35.20000072 0 P 0
L 8.67499916 35.05000102 8.67499916 35.35000042 0 P 0
L 8.85000008 18.5000011 9.14999948 18.5000011 0 P 0
L 8.99999978 18.3500014 8.99999978 18.6500008 0 P 0
L 9.18000196 4.21999918 10.27999976 4.21999918 0 P 0
L 9.35000162 23.2000044 9.65000102 23.2000044 0 P 0
L 9.35000162 29.20000256 9.65000102 29.20000256 0 P 0
L 9.35000162 30.7000021 9.65000102 30.7000021 0 P 0
L 9.35000162 32.20000164 9.65000102 32.20000164 0 P 0
L 9.35000162 33.70000118 9.65000102 33.70000118 0 P 0
L 9.50000132 23.0500047 9.50000132 23.3500041 0 P 0
L 9.50000132 29.05000286 9.50000132 29.35000226 0 P 0
L 9.50000132 30.5500024 9.50000132 30.8500018 0 P 0
L 9.50000132 32.05000194 9.50000132 32.35000134 0 P 0
L 9.50000132 33.55000148 9.50000132 33.85000088 0 P 0
L 9.60000112 8.55399864 9.90000052 8.55399864 0 P 0
L 9.65000102 18.5000011 9.95000042 18.5000011 0 P 0
L 9.73000086 3.67000028 9.73000086 4.76999808 0 P 0
L 9.75000082 8.40399894 9.75000082 8.70399834 0 P 0
L 9.80000072 18.3500014 9.80000072 18.6500008 0 P 0
L 9.8749993 35.20000072 10.1749987 35.20000072 0 P 0
L 10.024999 35.05000102 10.024999 35.35000042 0 P 0
L 10.44999942 18.5000011 10.74999882 18.5000011 0 P 0
L 10.59999912 18.3500014 10.59999912 18.6500008 0 P 0
L 10.85000116 8.55399864 11.15000056 8.55399864 0 P 0
L 10.85000116 29.20000256 11.15000056 29.20000256 0 P 0
L 10.85000116 30.7000021 11.15000056 30.7000021 0 P 0
L 10.85000116 32.20000164 11.15000056 32.20000164 0 P 0
L 10.85000116 33.70000118 11.15000056 33.70000118 0 P 0
L 10.85000116 35.20000072 11.15000056 35.20000072 0 P 0
L 11.00000086 8.40399894 11.00000086 8.70399834 0 P 0
L 11.00000086 29.05000286 11.00000086 29.35000226 0 P 0
L 11.00000086 30.5500024 11.00000086 30.8500018 0 P 0
L 11.00000086 32.05000194 11.00000086 32.35000134 0 P 0
L 11.00000086 33.55000148 11.00000086 33.85000088 0 P 0
L 11.00000086 35.05000102 11.00000086 35.35000042 0 P 0
L 11.25000036 18.5000011 11.54999976 18.5000011 0 P 0
L 11.40000006 18.3500014 11.40000006 18.6500008 0 P 0
L 11.72000196 4.21999918 12.81999976 4.21999918 0 P 0
L 11.82500048 35.20000072 12.12499988 35.20000072 0 P 0
L 11.97500018 35.05000102 11.97500018 35.35000042 0 P 0
L 12.0500013 18.5000011 12.3500007 18.5000011 0 P 0
L 12.200001 18.3500014 12.200001 18.6500008 0 P 0
L 12.27000086 3.67000028 12.27000086 4.76999808 0 P 0
L 12.3500007 23.2000044 12.6500001 23.2000044 0 P 0
L 12.3500007 24.70000394 12.6500001 24.70000394 0 P 0
L 12.3500007 29.20000256 12.6500001 29.20000256 0 P 0
L 12.3500007 30.7000021 12.6500001 30.7000021 0 P 0
L 12.3500007 32.20000164 12.6500001 32.20000164 0 P 0
L 12.3500007 33.70000118 12.6500001 33.70000118 0 P 0
L 12.5000004 23.0500047 12.5000004 23.3500041 0 P 0
L 12.5000004 24.55000424 12.5000004 24.85000364 0 P 0
L 12.5000004 29.05000286 12.5000004 29.35000226 0 P 0
L 12.5000004 30.5500024 12.5000004 30.8500018 0 P 0
L 12.5000004 32.05000194 12.5000004 32.35000134 0 P 0
L 12.5000004 33.55000148 12.5000004 33.85000088 0 P 0
L 12.72500122 15.05000038 13.02500062 15.05000038 0 P 0
L 12.8499997 18.5000011 13.1499991 18.5000011 0 P 0
L 12.87500092 14.90000068 12.87500092 15.20000008 0 P 0
L 12.9999994 18.3500014 12.9999994 18.6500008 0 P 0
L 13.04250122 8.9940003 14.0375005 8.9940003 0 P 0
L 13.04250122 11.0260003 14.0375005 11.0260003 0 P 0
L 13.17500032 35.20000072 13.47499972 35.20000072 0 P 0
L 13.32500002 35.05000102 13.32500002 35.35000042 0 P 0
L 13.50000094 21.45000028 13.80000034 21.45000028 0 P 0
L 13.54000086 8.49650066 13.54000086 9.49149994 0 P 0
L 13.54000086 10.52850066 13.54000086 11.52349994 0 P 0
L 13.65000064 21.30000058 13.65000064 21.59999998 0 P 0
L 13.85000024 23.2000044 14.14999964 23.2000044 0 P 0
L 13.85000024 24.70000394 14.14999964 24.70000394 0 P 0
L 13.99999994 23.0500047 13.99999994 23.3500041 0 P 0
L 13.99999994 24.55000424 13.99999994 24.85000364 0 P 0
L 14.14999964 18.5000011 14.44999904 18.5000011 0 P 0
L 14.14999964 21.45000028 14.44999904 21.45000028 0 P 0
L 14.14999964 25.77500052 14.44999904 25.77500052 0 P 0
L 14.26000196 4.21999918 15.35999976 4.21999918 0 P 0
L 14.29999934 18.3500014 14.29999934 18.6500008 0 P 0
L 14.29999934 21.30000058 14.29999934 21.59999998 0 P 0
L 14.29999934 25.62500082 14.29999934 25.92500022 0 P 0
L 14.42500036 27.32499996 14.72499976 27.32499996 0 P 0
L 14.57500006 27.17500026 14.57500006 27.47499966 0 P 0
L 14.80000088 21.45000028 15.10000028 21.45000028 0 P 0
L 14.81000086 3.67000028 14.81000086 4.76999808 0 P 0
L 14.95000058 21.30000058 14.95000058 21.59999998 0 P 0
L 15.10000028 14.12500096 15.39999968 14.12500096 0 P 0
L 15.24999998 13.97500126 15.24999998 14.27500066 0 P 0
L 15.2750012 25.77500052 15.5750006 25.77500052 0 P 0
L 15.34999978 18.7500006 15.64999918 18.7500006 0 P 0
L 15.34999978 23.2000044 15.64999918 23.2000044 0 P 0
L 15.34999978 24.70000394 15.64999918 24.70000394 0 P 0
L 15.4250009 25.62500082 15.4250009 25.92500022 0 P 0
L 15.49999948 18.6000009 15.49999948 18.9000003 0 P 0
L 15.49999948 23.0500047 15.49999948 23.3500041 0 P 0
L 15.49999948 24.55000424 15.49999948 24.85000364 0 P 0
L 15.7310709 14.99392988 16.0310703 14.99392988 0 P 0
L 15.8810706 14.84393018 15.8810706 15.14392958 0 P 0
L 15.9249999 35.20000072 16.2249993 35.20000072 0 P 0
L 15.95000112 26.47499912 16.25000052 26.47499912 0 P 0
L 16.0749996 35.05000102 16.0749996 35.35000042 0 P 0
L 16.10000082 26.32499942 16.10000082 26.62499882 0 P 0
L 16.15000072 18.7500006 16.45000012 18.7500006 0 P 0
L 16.30000042 18.6000009 16.30000042 18.9000003 0 P 0
L 16.80000196 4.21999918 17.89999976 4.21999918 0 P 0
L 16.84999932 32.20000164 17.14999872 32.20000164 0 P 0
L 16.84999932 33.70000118 17.14999872 33.70000118 0 P 0
L 16.84999932 35.20000072 17.14999872 35.20000072 0 P 0
L 16.94999912 18.7500006 17.24999852 18.7500006 0 P 0
L 16.99999902 32.05000194 16.99999902 32.35000134 0 P 0
L 16.99999902 33.55000148 16.99999902 33.85000088 0 P 0
L 16.99999902 35.05000102 16.99999902 35.35000042 0 P 0
L 17.09999882 18.6000009 17.09999882 18.9000003 0 P 0
L 17.35000086 3.67000028 17.35000086 4.76999808 0 P 0
L 17.6000029 10.00000032 19.3999993 10.00000032 0 P 0
L 18.34999886 29.20000256 18.64999826 29.20000256 0 P 0
L 18.34999886 30.7000021 18.64999826 30.7000021 0 P 0
L 18.34999886 32.20000164 18.64999826 32.20000164 0 P 0
L 18.34999886 33.70000118 18.64999826 33.70000118 0 P 0
L 18.34999886 35.20000072 18.64999826 35.20000072 0 P 0
L 18.49999856 29.05000286 18.49999856 29.35000226 0 P 0
L 18.49999856 30.5500024 18.49999856 30.8500018 0 P 0
L 18.49999856 32.05000194 18.49999856 32.35000134 0 P 0
L 18.49999856 33.55000148 18.49999856 33.85000088 0 P 0
L 18.49999856 35.05000102 18.49999856 35.35000042 0 P 0
L 18.5000011 9.10000212 18.5000011 10.89999852 0 P 0
L 19.34000196 4.21999918 20.43999976 4.21999918 0 P 0
L 19.3499994 18.7500006 19.6499988 18.7500006 0 P 0
L 19.4999991 18.6000009 19.4999991 18.9000003 0 P 0
L 19.8499984 23.2000044 20.1499978 23.2000044 0 P 0
L 19.8499984 24.70000394 20.1499978 24.70000394 0 P 0
L 19.8499984 26.20000348 20.1499978 26.20000348 0 P 0
L 19.8499984 27.70000302 20.1499978 27.70000302 0 P 0
L 19.8499984 29.20000256 20.1499978 29.20000256 0 P 0
L 19.8499984 30.7000021 20.1499978 30.7000021 0 P 0
L 19.8499984 32.20000164 20.1499978 32.20000164 0 P 0
L 19.8499984 33.70000118 20.1499978 33.70000118 0 P 0
L 19.8499984 35.20000072 20.1499978 35.20000072 0 P 0
L 19.89000086 3.67000028 19.89000086 4.76999808 0 P 0
L 19.97499942 16.99999902 20.27499882 16.99999902 0 P 0
L 19.9999981 23.0500047 19.9999981 23.3500041 0 P 0
L 19.9999981 24.55000424 19.9999981 24.85000364 0 P 0
L 19.9999981 26.05000378 19.9999981 26.35000318 0 P 0
L 19.9999981 27.55000332 19.9999981 27.85000272 0 P 0
L 19.9999981 29.05000286 19.9999981 29.35000226 0 P 0
L 19.9999981 30.5500024 19.9999981 30.8500018 0 P 0
L 19.9999981 32.05000194 19.9999981 32.35000134 0 P 0
L 19.9999981 33.55000148 19.9999981 33.85000088 0 P 0
L 19.9999981 35.05000102 19.9999981 35.35000042 0 P 0
L 20.12499912 16.84999932 20.12499912 17.14999872 0 P 0
L 20.15000034 18.7500006 20.44999974 18.7500006 0 P 0
L 20.30000004 18.6000009 20.30000004 18.9000003 0 P 0
L 20.95000128 18.7500006 21.25000068 18.7500006 0 P 0
L 21.10000098 18.6000009 21.10000098 18.9000003 0 P 0
L 21.10000098 21.69999978 21.40000038 21.69999978 0 P 0
L 21.10000098 23.19999932 21.40000038 23.19999932 0 P 0
L 21.10000098 24.69999886 21.40000038 24.69999886 0 P 0
L 21.10000098 26.20000094 21.40000038 26.20000094 0 P 0
L 21.10000098 27.70000048 21.40000038 27.70000048 0 P 0
L 21.10000098 29.20000002 21.40000038 29.20000002 0 P 0
L 21.10000098 30.69999956 21.40000038 30.69999956 0 P 0
L 21.10000098 32.1999991 21.40000038 32.1999991 0 P 0
L 21.10000098 33.70000118 21.40000038 33.70000118 0 P 0
L 21.10000098 35.20000072 21.40000038 35.20000072 0 P 0
L 21.25000068 21.55000008 21.25000068 21.84999948 0 P 0
L 21.25000068 23.04999962 21.25000068 23.34999902 0 P 0
L 21.25000068 24.54999916 21.25000068 24.84999856 0 P 0
L 21.25000068 26.05000124 21.25000068 26.35000064 0 P 0
L 21.25000068 27.55000078 21.25000068 27.85000018 0 P 0
L 21.25000068 29.05000032 21.25000068 29.34999972 0 P 0
L 21.25000068 30.54999986 21.25000068 30.84999926 0 P 0
L 21.25000068 32.0499994 21.25000068 32.3499988 0 P 0
L 21.25000068 33.55000148 21.25000068 33.85000088 0 P 0
L 21.25000068 35.05000102 21.25000068 35.35000042 0 P 0
