UNITS=MM
#Layer_Color=9474304
#
#Feature symbol names
#
$0 r127
$1 r169.33164

#
#Feature attribute names
#

#
#Layer features
#
A 2.61800086 4.21999918 2.61800086 4.21999918 2.11000086 4.21999918 1 P 0 N
A 5.15800086 4.21999918 5.15800086 4.21999918 4.65000086 4.21999918 1 P 0 N
A 7.69800086 4.21999918 7.69800086 4.21999918 7.19000086 4.21999918 1 P 0 N
A 10.23800086 4.21999918 10.23800086 4.21999918 9.73000086 4.21999918 1 P 0 N
A 12.77800086 4.21999918 12.77800086 4.21999918 12.27000086 4.21999918 1 P 0 N
A 15.31800086 4.21999918 15.31800086 4.21999918 14.81000086 4.21999918 1 P 0 N
A 17.85800086 4.21999918 17.85800086 4.21999918 17.35000086 4.21999918 1 P 0 N
A 20.39800086 4.21999918 20.39800086 4.21999918 19.89000086 4.21999918 1 P 0 N
L 0.29200094 19.89199984 0.54600094 20.39999984 0 P 0
L 0.29200094 19.89199984 0.80000094 20.14599984 0 P 0
L 0.29200094 20.90799984 0.54600094 20.39999984 0 P 0
L 0.29200094 20.90799984 0.80000094 20.65399984 0 P 0
L 0.29200094 20.99200018 0.54600094 21.50000018 0 P 0
L 0.29200094 20.99200018 0.80000094 21.24600018 0 P 0
L 0.29200094 22.00800018 0.54600094 21.50000018 0 P 0
L 0.29200094 22.00800018 0.80000094 21.75400018 0 P 0
L 0.29200094 22.1920054 0.54600094 22.7000054 0 P 0
L 0.29200094 22.1920054 0.80000094 22.4460054 0 P 0
L 0.29200094 23.2080054 0.54600094 22.7000054 0 P 0
L 0.29200094 23.2080054 0.80000094 22.9540054 0 P 0
L 0.29200094 23.69200494 0.54600094 24.20000494 0 P 0
L 0.29200094 23.69200494 0.80000094 23.94600494 0 P 0
L 0.29200094 24.70800494 0.54600094 24.20000494 0 P 0
L 0.29200094 24.70800494 0.80000094 24.45400494 0 P 0
L 0.29200094 25.19200448 0.54600094 25.70000448 0 P 0
L 0.29200094 25.19200448 0.80000094 25.44600448 0 P 0
L 0.29200094 26.20800448 0.54600094 25.70000448 0 P 0
L 0.29200094 26.20800448 0.80000094 25.95400448 0 P 0
L 0.29200094 37.1920008 0.54600094 37.7000008 0 P 0
L 0.29200094 37.1920008 0.80000094 37.4460008 0 P 0
L 0.29200094 38.2080008 0.54600094 37.7000008 0 P 0
L 0.29200094 38.2080008 0.80000094 37.9540008 0 P 0
L 0.29200094 38.69200034 0.54600094 39.20000034 0 P 0
L 0.29200094 38.69200034 0.80000094 38.94600034 0 P 0
L 0.29200094 39.70800034 0.54600094 39.20000034 0 P 0
L 0.29200094 39.70800034 0.80000094 39.45400034 0 P 0
L 0.80000094 20.14599984 1.30800094 19.89199984 0 P 0
L 0.80000094 20.65399984 1.30800094 20.90799984 0 P 0
L 0.80000094 21.24600018 1.30800094 20.99200018 0 P 0
L 0.80000094 21.75400018 1.30800094 22.00800018 0 P 0
L 0.80000094 22.4460054 1.30800094 22.1920054 0 P 0
L 0.80000094 22.9540054 1.30800094 23.2080054 0 P 0
L 0.80000094 23.94600494 1.30800094 23.69200494 0 P 0
L 0.80000094 24.45400494 1.30800094 24.70800494 0 P 0
L 0.80000094 25.44600448 1.30800094 25.19200448 0 P 0
L 0.80000094 25.95400448 1.30800094 26.20800448 0 P 0
L 0.80000094 37.4460008 1.30800094 37.1920008 0 P 0
L 0.80000094 37.9540008 1.30800094 38.2080008 0 P 0
L 0.80000094 38.94600034 1.30800094 38.69200034 0 P 0
L 0.80000094 39.45400034 1.30800094 39.70800034 0 P 0
L 1.05400094 20.39999984 1.30800094 19.89199984 0 P 0
L 1.05400094 20.39999984 1.30800094 20.90799984 0 P 0
L 1.05400094 21.50000018 1.30800094 20.99200018 0 P 0
L 1.05400094 21.50000018 1.30800094 22.00800018 0 P 0
L 1.05400094 22.7000054 1.30800094 22.1920054 0 P 0
L 1.05400094 22.7000054 1.30800094 23.2080054 0 P 0
L 1.05400094 24.20000494 1.30800094 23.69200494 0 P 0
L 1.05400094 24.20000494 1.30800094 24.70800494 0 P 0
L 1.05400094 25.70000448 1.30800094 25.19200448 0 P 0
L 1.05400094 25.70000448 1.30800094 26.20800448 0 P 0
L 1.05400094 37.7000008 1.30800094 37.1920008 0 P 0
L 1.05400094 37.7000008 1.30800094 38.2080008 0 P 0
L 1.05400094 39.20000034 1.30800094 38.69200034 0 P 0
L 1.05400094 39.20000034 1.30800094 39.70800034 0 P 0
L 1.4732 17.5006 1.7272 18.0086 0 P 0
L 1.4732 17.5006 1.9812 17.7546 0 P 0
L 1.4732 18.5166 1.7272 18.0086 0 P 0
L 1.4732 18.5166 1.9812 18.2626 0 P 0
L 1.5889986 30.1752 1.8429986 30.6832 0 P 0
L 1.5889986 30.1752 2.0969986 30.4292 0 P 0
L 1.5889986 31.16699888 1.8429986 31.67499888 0 P 0
L 1.5889986 31.16699888 2.0969986 31.42099888 0 P 0
L 1.5889986 31.1912 1.8429986 30.6832 0 P 0
L 1.5889986 31.1912 2.0969986 30.9372 0 P 0
L 1.5889986 32.18299888 1.8429986 31.67499888 0 P 0
L 1.5889986 32.18299888 2.0969986 31.92899888 0 P 0
L 1.79200048 34.19200172 2.04600048 34.70000172 0 P 0
L 1.79200048 34.19200172 2.30000048 34.44600172 0 P 0
L 1.79200048 35.20800172 2.04600048 34.70000172 0 P 0
L 1.79200048 35.20800172 2.30000048 34.95400172 0 P 0
L 1.79200048 35.69200126 2.04600048 36.20000126 0 P 0
L 1.79200048 35.69200126 2.30000048 35.94600126 0 P 0
L 1.79200048 36.70800126 2.04600048 36.20000126 0 P 0
L 1.79200048 36.70800126 2.30000048 36.45400126 0 P 0
L 1.79200048 37.1920008 2.04600048 37.7000008 0 P 0
L 1.79200048 37.1920008 2.30000048 37.4460008 0 P 0
L 1.79200048 38.2080008 2.04600048 37.7000008 0 P 0
L 1.79200048 38.2080008 2.30000048 37.9540008 0 P 0
L 1.79200048 38.69200034 2.04600048 39.20000034 0 P 0
L 1.79200048 38.69200034 2.30000048 38.94600034 0 P 0
L 1.79200048 39.70800034 2.04600048 39.20000034 0 P 0
L 1.79200048 39.70800034 2.30000048 39.45400034 0 P 0
L 1.8542 15.875 2.1082 16.383 0 P 0
L 1.8542 15.875 2.3622 16.129 0 P 0
L 1.8542 16.891 2.1082 16.383 0 P 0
L 1.8542 16.891 2.3622 16.637 0 P 0
L 1.9812 17.7546 2.4892 17.5006 0 P 0
L 1.9812 18.2626 2.4892 18.5166 0 P 0
L 2.0969986 30.4292 2.6049986 30.1752 0 P 0
L 2.0969986 30.9372 2.6049986 31.1912 0 P 0
L 2.0969986 31.42099888 2.6049986 31.16699888 0 P 0
L 2.0969986 31.92899888 2.6049986 32.18299888 0 P 0
L 2.2352 18.0086 2.4892 17.5006 0 P 0
L 2.2352 18.0086 2.4892 18.5166 0 P 0
L 2.30000048 34.44600172 2.80800048 34.19200172 0 P 0
L 2.30000048 34.95400172 2.80800048 35.20800172 0 P 0
L 2.30000048 35.94600126 2.80800048 35.69200126 0 P 0
L 2.30000048 36.45400126 2.80800048 36.70800126 0 P 0
L 2.30000048 37.4460008 2.80800048 37.1920008 0 P 0
L 2.30000048 37.9540008 2.80800048 38.2080008 0 P 0
L 2.30000048 38.94600034 2.80800048 38.69200034 0 P 0
L 2.30000048 39.45400034 2.80800048 39.70800034 0 P 0
L 2.3509986 30.6832 2.6049986 30.1752 0 P 0
L 2.3509986 30.6832 2.6049986 31.1912 0 P 0
L 2.3509986 31.67499888 2.6049986 31.16699888 0 P 0
L 2.3509986 31.67499888 2.6049986 32.18299888 0 P 0
L 2.3622 16.129 2.8702 15.875 0 P 0
L 2.3622 16.637 2.8702 16.891 0 P 0
L 2.47320054 17.5006 2.72720054 18.0086 0 P 0
L 2.47320054 17.5006 2.98120054 17.7546 0 P 0
L 2.47320054 18.5166 2.72720054 18.0086 0 P 0
L 2.47320054 18.5166 2.98120054 18.2626 0 P 0
L 2.55400048 34.70000172 2.80800048 34.19200172 0 P 0
L 2.55400048 34.70000172 2.80800048 35.20800172 0 P 0
L 2.55400048 36.20000126 2.80800048 35.69200126 0 P 0
L 2.55400048 36.20000126 2.80800048 36.70800126 0 P 0
L 2.55400048 37.7000008 2.80800048 37.1920008 0 P 0
L 2.55400048 37.7000008 2.80800048 38.2080008 0 P 0
L 2.55400048 39.20000034 2.80800048 38.69200034 0 P 0
L 2.55400048 39.20000034 2.80800048 39.70800034 0 P 0
L 2.6162 16.383 2.8702 15.875 0 P 0
L 2.6162 16.383 2.8702 16.891 0 P 0
L 2.98120054 17.7546 3.48920054 17.5006 0 P 0
L 2.98120054 18.2626 3.48920054 18.5166 0 P 0
L 2.99200062 9.74600032 3.24600062 9.74600032 0 P 0
L 2.99200062 9.74600032 3.24600062 10.00000032 0 P 0
L 2.99200062 10.25400032 3.24600062 10.00000032 0 P 0
L 2.99200062 10.25400032 3.24600062 10.25400032 0 P 0
L 2.99200062 33.29200098 3.24600062 33.80000098 0 P 0
L 2.99200062 33.29200098 3.50000062 33.54600098 0 P 0
L 2.99200062 34.30800098 3.24600062 33.80000098 0 P 0
L 2.99200062 34.30800098 3.50000062 34.05400098 0 P 0
L 3.09200042 27.39200008 3.34600042 27.90000008 0 P 0
L 3.09200042 27.39200008 3.60000042 27.64600008 0 P 0
L 3.09200042 28.40800008 3.34600042 27.90000008 0 P 0
L 3.09200042 28.40800008 3.60000042 28.15400008 0 P 0
L 3.19200022 29.19199902 3.44600022 29.69999902 0 P 0
L 3.19200022 29.19199902 3.70000022 29.44599902 0 P 0
L 3.19200022 30.20799902 3.44600022 29.69999902 0 P 0
L 3.19200022 30.20799902 3.70000022 29.95399902 0 P 0
L 3.2258 16.129 3.4798 16.637 0 P 0
L 3.2258 16.129 3.7338 16.383 0 P 0
L 3.2258 17.145 3.4798 16.637 0 P 0
L 3.2258 17.145 3.7338 16.891 0 P 0
L 3.23520054 18.0086 3.48920054 17.5006 0 P 0
L 3.23520054 18.0086 3.48920054 18.5166 0 P 0
L 3.24600062 9.74600032 3.50000062 9.49200032 0 P 0
L 3.24600062 10.25400032 3.50000062 10.50800032 0 P 0
L 3.29200002 22.1920054 3.54600002 22.7000054 0 P 0
L 3.29200002 22.1920054 3.80000002 22.4460054 0 P 0
L 3.29200002 23.2080054 3.54600002 22.7000054 0 P 0
L 3.29200002 23.2080054 3.80000002 22.9540054 0 P 0
L 3.29200002 23.69200494 3.54600002 24.20000494 0 P 0
L 3.29200002 23.69200494 3.80000002 23.94600494 0 P 0
L 3.29200002 24.70800494 3.54600002 24.20000494 0 P 0
L 3.29200002 24.70800494 3.80000002 24.45400494 0 P 0
L 3.29200002 25.19200448 3.54600002 25.70000448 0 P 0
L 3.29200002 25.19200448 3.80000002 25.44600448 0 P 0
L 3.29200002 26.20800448 3.54600002 25.70000448 0 P 0
L 3.29200002 26.20800448 3.80000002 25.95400448 0 P 0
L 3.29200002 31.19200264 3.54600002 31.70000264 0 P 0
L 3.29200002 31.19200264 3.80000002 31.44600264 0 P 0
L 3.29200002 32.20800264 3.54600002 31.70000264 0 P 0
L 3.29200002 32.20800264 3.80000002 31.95400264 0 P 0
L 3.29200002 37.1920008 3.54600002 37.7000008 0 P 0
L 3.29200002 37.1920008 3.80000002 37.4460008 0 P 0
L 3.29200002 38.2080008 3.54600002 37.7000008 0 P 0
L 3.29200002 38.2080008 3.80000002 37.9540008 0 P 0
L 3.29200002 38.69200034 3.54600002 39.20000034 0 P 0
L 3.29200002 38.69200034 3.80000002 38.94600034 0 P 0
L 3.29200002 39.70800034 3.54600002 39.20000034 0 P 0
L 3.29200002 39.70800034 3.80000002 39.45400034 0 P 0
L 3.4798 19.6596 3.7338 20.1676 0 P 0
L 3.4798 19.6596 3.9878 19.9136 0 P 0
L 3.4798 20.6756 3.7338 20.1676 0 P 0
L 3.4798 20.6756 3.9878 20.4216 0 P 0
L 3.50000062 9.49200032 3.75400062 9.74600032 0 P 0
L 3.50000062 10.50800032 3.75400062 10.25400032 0 P 0
L 3.50000062 33.54600098 4.00800062 33.29200098 0 P 0
L 3.50000062 34.05400098 4.00800062 34.30800098 0 P 0
L 3.60000042 27.64600008 4.10800042 27.39200008 0 P 0
L 3.60000042 28.15400008 4.10800042 28.40800008 0 P 0
L 3.70000022 29.44599902 4.20800022 29.19199902 0 P 0
L 3.70000022 29.95399902 4.20800022 30.20799902 0 P 0
L 3.7338 16.383 4.2418 16.129 0 P 0
L 3.7338 16.891 4.2418 17.145 0 P 0
L 3.75400062 9.74600032 4.00800062 9.74600032 0 P 0
L 3.75400062 10.00000032 4.00800062 9.74600032 0 P 0
L 3.75400062 10.00000032 4.00800062 10.25400032 0 P 0
L 3.75400062 10.25400032 4.00800062 10.25400032 0 P 0
L 3.75400062 33.80000098 4.00800062 33.29200098 0 P 0
L 3.75400062 33.80000098 4.00800062 34.30800098 0 P 0
L 3.80000002 22.4460054 4.30800002 22.1920054 0 P 0
L 3.80000002 22.9540054 4.30800002 23.2080054 0 P 0
L 3.80000002 23.94600494 4.30800002 23.69200494 0 P 0
L 3.80000002 24.45400494 4.30800002 24.70800494 0 P 0
L 3.80000002 25.44600448 4.30800002 25.19200448 0 P 0
L 3.80000002 25.95400448 4.30800002 26.20800448 0 P 0
L 3.80000002 31.44600264 4.30800002 31.19200264 0 P 0
L 3.80000002 31.95400264 4.30800002 32.20800264 0 P 0
L 3.80000002 37.4460008 4.30800002 37.1920008 0 P 0
L 3.80000002 37.9540008 4.30800002 38.2080008 0 P 0
L 3.80000002 38.94600034 4.30800002 38.69200034 0 P 0
L 3.80000002 39.45400034 4.30800002 39.70800034 0 P 0
L 3.85400042 27.90000008 4.10800042 27.39200008 0 P 0
L 3.85400042 27.90000008 4.10800042 28.40800008 0 P 0
L 3.95400022 29.69999902 4.20800022 29.19199902 0 P 0
L 3.95400022 29.69999902 4.20800022 30.20799902 0 P 0
L 3.9878 16.637 4.2418 16.129 0 P 0
L 3.9878 16.637 4.2418 17.145 0 P 0
L 3.9878 19.9136 4.4958 19.6596 0 P 0
L 3.9878 20.4216 4.4958 20.6756 0 P 0
L 4.05400002 22.7000054 4.30800002 22.1920054 0 P 0
L 4.05400002 22.7000054 4.30800002 23.2080054 0 P 0
L 4.05400002 24.20000494 4.30800002 23.69200494 0 P 0
L 4.05400002 24.20000494 4.30800002 24.70800494 0 P 0
L 4.05400002 25.70000448 4.30800002 25.19200448 0 P 0
L 4.05400002 25.70000448 4.30800002 26.20800448 0 P 0
L 4.05400002 31.70000264 4.30800002 31.19200264 0 P 0
L 4.05400002 31.70000264 4.30800002 32.20800264 0 P 0
L 4.05400002 37.7000008 4.30800002 37.1920008 0 P 0
L 4.05400002 37.7000008 4.30800002 38.2080008 0 P 0
L 4.05400002 39.20000034 4.30800002 38.69200034 0 P 0
L 4.05400002 39.20000034 4.30800002 39.70800034 0 P 0
L 4.19200076 33.29200098 4.44600076 33.80000098 0 P 0
L 4.19200076 33.29200098 4.70000076 33.54600098 0 P 0
L 4.19200076 34.30800098 4.44600076 33.80000098 0 P 0
L 4.19200076 34.30800098 4.70000076 34.05400098 0 P 0
L 4.2418 20.1676 4.4958 19.6596 0 P 0
L 4.2418 20.1676 4.4958 20.6756 0 P 0
L 4.4958 19.6596 4.7498 20.1676 0 P 0
L 4.4958 19.6596 5.0038 19.9136 0 P 0
L 4.4958 20.6756 4.7498 20.1676 0 P 0
L 4.4958 20.6756 5.0038 20.4216 0 P 0
L 4.69199976 27.39200008 4.94599976 27.90000008 0 P 0
L 4.69199976 27.39200008 5.19999976 27.64600008 0 P 0
L 4.69199976 28.40800008 4.94599976 27.90000008 0 P 0
L 4.69199976 28.40800008 5.19999976 28.15400008 0 P 0
L 4.70000076 33.54600098 5.20800076 33.29200098 0 P 0
L 4.70000076 34.05400098 5.20800076 34.30800098 0 P 0
L 4.79199956 22.1920054 5.04599956 22.7000054 0 P 0
L 4.79199956 22.1920054 5.29999956 22.4460054 0 P 0
L 4.79199956 23.2080054 5.04599956 22.7000054 0 P 0
L 4.79199956 23.2080054 5.29999956 22.9540054 0 P 0
L 4.79199956 23.69200494 5.04599956 24.20000494 0 P 0
L 4.79199956 23.69200494 5.29999956 23.94600494 0 P 0
L 4.79199956 24.70800494 5.04599956 24.20000494 0 P 0
L 4.79199956 24.70800494 5.29999956 24.45400494 0 P 0
L 4.79199956 25.19200448 5.04599956 25.70000448 0 P 0
L 4.79199956 25.19200448 5.29999956 25.44600448 0 P 0
L 4.79199956 26.20800448 5.04599956 25.70000448 0 P 0
L 4.79199956 26.20800448 5.29999956 25.95400448 0 P 0
L 4.79199956 37.1920008 5.04599956 37.7000008 0 P 0
L 4.79199956 37.1920008 5.29999956 37.4460008 0 P 0
L 4.79199956 38.2080008 5.04599956 37.7000008 0 P 0
L 4.79199956 38.2080008 5.29999956 37.9540008 0 P 0
L 4.79199956 38.69200034 5.04599956 39.20000034 0 P 0
L 4.79199956 38.69200034 5.29999956 38.94600034 0 P 0
L 4.79199956 39.70800034 5.04599956 39.20000034 0 P 0
L 4.79199956 39.70800034 5.29999956 39.45400034 0 P 0
L 4.95400076 33.80000098 5.20800076 33.29200098 0 P 0
L 4.95400076 33.80000098 5.20800076 34.30800098 0 P 0
L 5.0038 19.9136 5.5118 19.6596 0 P 0
L 5.0038 20.4216 5.5118 20.6756 0 P 0
L 5.19999976 27.64600008 5.70799976 27.39200008 0 P 0
L 5.19999976 28.15400008 5.70799976 28.40800008 0 P 0
L 5.2578 20.1676 5.5118 19.6596 0 P 0
L 5.2578 20.1676 5.5118 20.6756 0 P 0
L 5.2920011 33.29200098 5.5460011 33.80000098 0 P 0
L 5.2920011 33.29200098 5.8000011 33.54600098 0 P 0
L 5.2920011 34.30800098 5.5460011 33.80000098 0 P 0
L 5.2920011 34.30800098 5.8000011 34.05400098 0 P 0
L 5.29999956 22.4460054 5.80799956 22.1920054 0 P 0
L 5.29999956 22.9540054 5.80799956 23.2080054 0 P 0
L 5.29999956 23.94600494 5.80799956 23.69200494 0 P 0
L 5.29999956 24.45400494 5.80799956 24.70800494 0 P 0
L 5.29999956 25.44600448 5.80799956 25.19200448 0 P 0
L 5.29999956 25.95400448 5.80799956 26.20800448 0 P 0
L 5.29999956 37.4460008 5.80799956 37.1920008 0 P 0
L 5.29999956 37.9540008 5.80799956 38.2080008 0 P 0
L 5.29999956 38.94600034 5.80799956 38.69200034 0 P 0
L 5.29999956 39.45400034 5.80799956 39.70800034 0 P 0
L 5.45399976 27.90000008 5.70799976 27.39200008 0 P 0
L 5.45399976 27.90000008 5.70799976 28.40800008 0 P 0
L 5.5118 19.685 5.7658 20.193 0 P 0
L 5.5118 19.685 6.0198 19.939 0 P 0
L 5.5118 20.701 5.7658 20.193 0 P 0
L 5.5118 20.701 6.0198 20.447 0 P 0
L 5.5118 21.2852 5.7658 21.7932 0 P 0
L 5.5118 21.2852 6.0198 21.5392 0 P 0
L 5.5118 22.3012 5.7658 21.7932 0 P 0
L 5.5118 22.3012 6.0198 22.0472 0 P 0
L 5.55399956 22.7000054 5.80799956 22.1920054 0 P 0
L 5.55399956 22.7000054 5.80799956 23.2080054 0 P 0
L 5.55399956 24.20000494 5.80799956 23.69200494 0 P 0
L 5.55399956 24.20000494 5.80799956 24.70800494 0 P 0
L 5.55399956 25.70000448 5.80799956 25.19200448 0 P 0
L 5.55399956 25.70000448 5.80799956 26.20800448 0 P 0
L 5.55399956 37.7000008 5.80799956 37.1920008 0 P 0
L 5.55399956 37.7000008 5.80799956 38.2080008 0 P 0
L 5.55399956 39.20000034 5.80799956 38.69200034 0 P 0
L 5.55399956 39.20000034 5.80799956 39.70800034 0 P 0
L 5.8000011 33.54600098 6.3080011 33.29200098 0 P 0
L 5.8000011 34.05400098 6.3080011 34.30800098 0 P 0
L 6.0198 19.939 6.5278 19.685 0 P 0
L 6.0198 20.447 6.5278 20.701 0 P 0
L 6.0198 21.5392 6.5278 21.2852 0 P 0
L 6.0198 22.0472 6.5278 22.3012 0 P 0
L 6.0540011 33.80000098 6.3080011 33.29200098 0 P 0
L 6.0540011 33.80000098 6.3080011 34.30800098 0 P 0
L 6.1919993 27.39200008 6.4459993 27.90000008 0 P 0
L 6.1919993 27.39200008 6.6999993 27.64600008 0 P 0
L 6.1919993 28.40800008 6.4459993 27.90000008 0 P 0
L 6.1919993 28.40800008 6.6999993 28.15400008 0 P 0
L 6.1919993 29.19199902 6.4459993 29.69999902 0 P 0
L 6.1919993 29.19199902 6.6999993 29.44599902 0 P 0
L 6.1919993 30.20799902 6.4459993 29.69999902 0 P 0
L 6.1919993 30.20799902 6.6999993 29.95399902 0 P 0
L 6.2738 20.193 6.5278 19.685 0 P 0
L 6.2738 20.193 6.5278 20.701 0 P 0
L 6.2738 21.7932 6.5278 21.2852 0 P 0
L 6.2738 21.7932 6.5278 22.3012 0 P 0
L 6.2919991 22.1920054 6.5459991 22.7000054 0 P 0
L 6.2919991 22.1920054 6.7999991 22.4460054 0 P 0
L 6.2919991 23.2080054 6.5459991 22.7000054 0 P 0
L 6.2919991 23.2080054 6.7999991 22.9540054 0 P 0
L 6.2919991 23.69200494 6.5459991 24.20000494 0 P 0
L 6.2919991 23.69200494 6.7999991 23.94600494 0 P 0
L 6.2919991 24.70800494 6.5459991 24.20000494 0 P 0
L 6.2919991 24.70800494 6.7999991 24.45400494 0 P 0
L 6.2919991 25.19200448 6.5459991 25.70000448 0 P 0
L 6.2919991 25.19200448 6.7999991 25.44600448 0 P 0
L 6.2919991 26.20800448 6.5459991 25.70000448 0 P 0
L 6.2919991 26.20800448 6.7999991 25.95400448 0 P 0
L 6.2919991 31.19200264 6.5459991 31.70000264 0 P 0
L 6.2919991 31.19200264 6.7999991 31.44600264 0 P 0
L 6.2919991 32.20800264 6.5459991 31.70000264 0 P 0
L 6.2919991 32.20800264 6.7999991 31.95400264 0 P 0
L 6.2919991 37.1920008 6.5459991 37.7000008 0 P 0
L 6.2919991 37.1920008 6.7999991 37.4460008 0 P 0
L 6.2919991 38.2080008 6.5459991 37.7000008 0 P 0
L 6.2919991 38.2080008 6.7999991 37.9540008 0 P 0
L 6.2919991 38.69200034 6.5459991 39.20000034 0 P 0
L 6.2919991 38.69200034 6.7999991 38.94600034 0 P 0
L 6.2919991 39.70800034 6.5459991 39.20000034 0 P 0
L 6.2919991 39.70800034 6.7999991 39.45400034 0 P 0
L 6.3919989 33.29200098 6.6459989 33.80000098 0 P 0
L 6.3919989 33.29200098 6.8999989 33.54600098 0 P 0
L 6.3919989 34.30800098 6.6459989 33.80000098 0 P 0
L 6.3919989 34.30800098 6.8999989 34.05400098 0 P 0
L 6.6999993 27.64600008 7.2079993 27.39200008 0 P 0
L 6.6999993 28.15400008 7.2079993 28.40800008 0 P 0
L 6.6999993 29.44599902 7.2079993 29.19199902 0 P 0
L 6.6999993 29.95399902 7.2079993 30.20799902 0 P 0
L 6.7999991 22.4460054 7.3079991 22.1920054 0 P 0
L 6.7999991 22.9540054 7.3079991 23.2080054 0 P 0
L 6.7999991 23.94600494 7.3079991 23.69200494 0 P 0
L 6.7999991 24.45400494 7.3079991 24.70800494 0 P 0
L 6.7999991 25.44600448 7.3079991 25.19200448 0 P 0
L 6.7999991 25.95400448 7.3079991 26.20800448 0 P 0
L 6.7999991 31.44600264 7.3079991 31.19200264 0 P 0
L 6.7999991 31.95400264 7.3079991 32.20800264 0 P 0
L 6.7999991 37.4460008 7.3079991 37.1920008 0 P 0
L 6.7999991 37.9540008 7.3079991 38.2080008 0 P 0
L 6.7999991 38.94600034 7.3079991 38.69200034 0 P 0
L 6.7999991 39.45400034 7.3079991 39.70800034 0 P 0
L 6.8999989 33.54600098 7.4079989 33.29200098 0 P 0
L 6.8999989 34.05400098 7.4079989 34.30800098 0 P 0
L 6.9539993 27.90000008 7.2079993 27.39200008 0 P 0
L 6.9539993 27.90000008 7.2079993 28.40800008 0 P 0
L 6.9539993 29.69999902 7.2079993 29.19199902 0 P 0
L 6.9539993 29.69999902 7.2079993 30.20799902 0 P 0
L 7.0539991 22.7000054 7.3079991 22.1920054 0 P 0
L 7.0539991 22.7000054 7.3079991 23.2080054 0 P 0
L 7.0539991 24.20000494 7.3079991 23.69200494 0 P 0
L 7.0539991 24.20000494 7.3079991 24.70800494 0 P 0
L 7.0539991 25.70000448 7.3079991 25.19200448 0 P 0
L 7.0539991 25.70000448 7.3079991 26.20800448 0 P 0
L 7.0539991 31.70000264 7.3079991 31.19200264 0 P 0
L 7.0539991 31.70000264 7.3079991 32.20800264 0 P 0
L 7.0539991 37.7000008 7.3079991 37.1920008 0 P 0
L 7.0539991 37.7000008 7.3079991 38.2080008 0 P 0
L 7.0539991 39.20000034 7.3079991 38.69200034 0 P 0
L 7.0539991 39.20000034 7.3079991 39.70800034 0 P 0
L 7.1539989 33.80000098 7.4079989 33.29200098 0 P 0
L 7.1539989 33.80000098 7.4079989 34.30800098 0 P 0
L 7.29199964 30.09199976 7.54599964 30.59999976 0 P 0
L 7.29199964 30.09199976 7.79999964 30.34599976 0 P 0
L 7.29199964 31.10799976 7.54599964 30.59999976 0 P 0
L 7.29199964 31.10799976 7.79999964 30.85399976 0 P 0
L 7.29199964 32.39200024 7.54599964 32.90000024 0 P 0
L 7.29199964 32.39200024 7.79999964 32.64600024 0 P 0
L 7.29199964 33.40800024 7.54599964 32.90000024 0 P 0
L 7.29199964 33.40800024 7.79999964 33.15400024 0 P 0
L 7.79199864 35.69200126 8.04599864 36.20000126 0 P 0
L 7.79199864 35.69200126 8.29999864 35.94600126 0 P 0
L 7.79199864 36.70800126 8.04599864 36.20000126 0 P 0
L 7.79199864 36.70800126 8.29999864 36.45400126 0 P 0
L 7.79199864 37.1920008 8.04599864 37.7000008 0 P 0
L 7.79199864 37.1920008 8.29999864 37.4460008 0 P 0
L 7.79199864 38.2080008 8.04599864 37.7000008 0 P 0
L 7.79199864 38.2080008 8.29999864 37.9540008 0 P 0
L 7.79199864 38.69200034 8.04599864 39.20000034 0 P 0
L 7.79199864 38.69200034 8.29999864 38.94600034 0 P 0
L 7.79199864 39.70800034 8.04599864 39.20000034 0 P 0
L 7.79199864 39.70800034 8.29999864 39.45400034 0 P 0
L 7.7978 10.668 8.0518 11.176 0 P 0
L 7.7978 10.668 8.3058 10.922 0 P 0
L 7.7978 11.684 8.0518 11.176 0 P 0
L 7.7978 11.684 8.3058 11.43 0 P 0
L 7.79999964 30.34599976 8.30799964 30.09199976 0 P 0
L 7.79999964 30.85399976 8.30799964 31.10799976 0 P 0
L 7.79999964 32.64600024 8.30799964 32.39200024 0 P 0
L 7.79999964 33.15400024 8.30799964 33.40800024 0 P 0
L 7.9520034 9.49200032 7.9520034 10.50800032 0 P 0
L 7.9520034 9.49200032 8.9680034 9.49200032 0 P 0
L 7.9520034 10.50800032 8.9680034 10.50800032 0 P 0
L 8.05399964 30.59999976 8.30799964 30.09199976 0 P 0
L 8.05399964 30.59999976 8.30799964 31.10799976 0 P 0
L 8.05399964 32.90000024 8.30799964 32.39200024 0 P 0
L 8.05399964 32.90000024 8.30799964 33.40800024 0 P 0
L 8.19200038 14.50159914 8.44600038 15.00959914 0 P 0
L 8.19200038 14.50159914 8.70000038 14.75559914 0 P 0
L 8.19200038 15.51759914 8.44600038 15.00959914 0 P 0
L 8.19200038 15.51759914 8.70000038 15.26359914 0 P 0
L 8.29200018 22.19200032 8.54600018 22.70000032 0 P 0
L 8.29200018 22.19200032 8.80000018 22.44600032 0 P 0
L 8.29200018 23.20800032 8.54600018 22.70000032 0 P 0
L 8.29200018 23.20800032 8.80000018 22.95400032 0 P 0
L 8.29999864 35.94600126 8.80799864 35.69200126 0 P 0
L 8.29999864 36.45400126 8.80799864 36.70800126 0 P 0
L 8.29999864 37.4460008 8.80799864 37.1920008 0 P 0
L 8.29999864 37.9540008 8.80799864 38.2080008 0 P 0
L 8.29999864 38.94600034 8.80799864 38.69200034 0 P 0
L 8.29999864 39.45400034 8.80799864 39.70800034 0 P 0
L 8.3058 10.922 8.8138 10.668 0 P 0
L 8.3058 11.43 8.8138 11.684 0 P 0
L 8.39199998 20.69200078 8.64599998 21.20000078 0 P 0
L 8.39199998 20.69200078 8.89999998 20.94600078 0 P 0
L 8.39199998 21.70800078 8.64599998 21.20000078 0 P 0
L 8.39199998 21.70800078 8.89999998 21.45400078 0 P 0
L 8.55399864 36.20000126 8.80799864 35.69200126 0 P 0
L 8.55399864 36.20000126 8.80799864 36.70800126 0 P 0
L 8.55399864 37.7000008 8.80799864 37.1920008 0 P 0
L 8.55399864 37.7000008 8.80799864 38.2080008 0 P 0
L 8.55399864 39.20000034 8.80799864 38.69200034 0 P 0
L 8.55399864 39.20000034 8.80799864 39.70800034 0 P 0
L 8.5598 11.176 8.8138 10.668 0 P 0
L 8.5598 11.176 8.8138 11.684 0 P 0
L 8.70000038 14.75559914 9.20800038 14.50159914 0 P 0
L 8.70000038 15.26359914 9.20800038 15.51759914 0 P 0
L 8.80000018 22.44600032 9.30800018 22.19200032 0 P 0
L 8.80000018 22.95400032 9.30800018 23.20800032 0 P 0
L 8.89999998 20.94600078 9.40799998 20.69200078 0 P 0
L 8.89999998 21.45400078 9.40799998 21.70800078 0 P 0
L 8.95400038 15.00959914 9.20800038 14.50159914 0 P 0
L 8.95400038 15.00959914 9.20800038 15.51759914 0 P 0
L 8.9680034 9.49200032 8.9680034 10.50800032 0 P 0
L 9.05400018 22.70000032 9.30800018 22.19200032 0 P 0
L 9.05400018 22.70000032 9.30800018 23.20800032 0 P 0
L 9.15399998 21.20000078 9.40799998 20.69200078 0 P 0
L 9.15399998 21.20000078 9.40799998 21.70800078 0 P 0
L 9.2202 8.0518 9.4742 8.5598 0 P 0
L 9.2202 8.0518 9.7282 8.3058 0 P 0
L 9.2202 9.0678 9.4742 8.5598 0 P 0
L 9.2202 9.0678 9.7282 8.8138 0 P 0
L 9.29199818 23.69200494 9.54599818 24.20000494 0 P 0
L 9.29199818 23.69200494 9.79999818 23.94600494 0 P 0
L 9.29199818 24.70800494 9.54599818 24.20000494 0 P 0
L 9.29199818 24.70800494 9.79999818 24.45400494 0 P 0
L 9.29199818 25.19200448 9.54599818 25.70000448 0 P 0
L 9.29199818 25.19200448 9.79999818 25.44600448 0 P 0
L 9.29199818 26.20800448 9.54599818 25.70000448 0 P 0
L 9.29199818 26.20800448 9.79999818 25.95400448 0 P 0
L 9.29199818 37.1920008 9.54599818 37.7000008 0 P 0
L 9.29199818 37.1920008 9.79999818 37.4460008 0 P 0
L 9.29199818 38.2080008 9.54599818 37.7000008 0 P 0
L 9.29199818 38.2080008 9.79999818 37.9540008 0 P 0
L 9.29199818 38.69200034 9.54599818 39.20000034 0 P 0
L 9.29199818 38.69200034 9.79999818 38.94600034 0 P 0
L 9.29199818 39.70800034 9.54599818 39.20000034 0 P 0
L 9.29199818 39.70800034 9.79999818 39.45400034 0 P 0
L 9.29200072 20.19199924 9.54600072 20.69999924 0 P 0
L 9.29200072 20.19199924 9.80000072 20.44599924 0 P 0
L 9.29200072 21.20799924 9.54600072 20.69999924 0 P 0
L 9.29200072 21.20799924 9.80000072 20.95399924 0 P 0
L 9.7282 8.3058 10.2362 8.0518 0 P 0
L 9.7282 8.8138 10.2362 9.0678 0 P 0
L 9.79199972 14.79199734 10.04599972 15.29999734 0 P 0
L 9.79199972 14.79199734 10.29999972 15.04599734 0 P 0
L 9.79199972 15.80799734 10.04599972 15.29999734 0 P 0
L 9.79199972 15.80799734 10.29999972 15.55399734 0 P 0
L 9.79999818 23.94600494 10.30799818 23.69200494 0 P 0
L 9.79999818 24.45400494 10.30799818 24.70800494 0 P 0
L 9.79999818 25.44600448 10.30799818 25.19200448 0 P 0
L 9.79999818 25.95400448 10.30799818 26.20800448 0 P 0
L 9.79999818 37.4460008 10.30799818 37.1920008 0 P 0
L 9.79999818 37.9540008 10.30799818 38.2080008 0 P 0
L 9.79999818 38.94600034 10.30799818 38.69200034 0 P 0
L 9.79999818 39.45400034 10.30799818 39.70800034 0 P 0
L 9.80000072 20.44599924 10.30800072 20.19199924 0 P 0
L 9.80000072 20.95399924 10.30800072 21.20799924 0 P 0
L 9.9822 8.5598 10.2362 8.0518 0 P 0
L 9.9822 8.5598 10.2362 9.0678 0 P 0
L 10.01076738 28.1669998 10.26476738 28.6749998 0 P 0
L 10.01076738 28.1669998 10.51876738 28.4209998 0 P 0
L 10.01076738 29.1829998 10.26476738 28.6749998 0 P 0
L 10.01076738 29.1829998 10.51876738 28.9289998 0 P 0
L 10.05399818 24.20000494 10.30799818 23.69200494 0 P 0
L 10.05399818 24.20000494 10.30799818 24.70800494 0 P 0
L 10.05399818 25.70000448 10.30799818 25.19200448 0 P 0
L 10.05399818 25.70000448 10.30799818 26.20800448 0 P 0
L 10.05399818 37.7000008 10.30799818 37.1920008 0 P 0
L 10.05399818 37.7000008 10.30799818 38.2080008 0 P 0
L 10.05399818 39.20000034 10.30799818 38.69200034 0 P 0
L 10.05399818 39.20000034 10.30799818 39.70800034 0 P 0
L 10.05400072 20.69999924 10.30800072 20.19199924 0 P 0
L 10.05400072 20.69999924 10.30800072 21.20799924 0 P 0
L 10.29999972 15.04599734 10.80799972 14.79199734 0 P 0
L 10.29999972 15.55399734 10.80799972 15.80799734 0 P 0
L 10.5156 8.001 10.7696 8.509 0 P 0
L 10.5156 8.001 11.0236 8.255 0 P 0
L 10.5156 9.017 10.7696 8.509 0 P 0
L 10.5156 9.017 11.0236 8.763 0 P 0
L 10.51876738 28.4209998 11.02676738 28.1669998 0 P 0
L 10.51876738 28.9289998 11.02676738 29.1829998 0 P 0
L 10.55399972 15.29999734 10.80799972 14.79199734 0 P 0
L 10.55399972 15.29999734 10.80799972 15.80799734 0 P 0
L 10.77276738 28.6749998 11.02676738 28.1669998 0 P 0
L 10.77276738 28.6749998 11.02676738 29.1829998 0 P 0
L 10.79199772 22.1920054 11.04599772 22.7000054 0 P 0
L 10.79199772 22.1920054 11.29999772 22.4460054 0 P 0
L 10.79199772 23.2080054 11.04599772 22.7000054 0 P 0
L 10.79199772 23.2080054 11.29999772 22.9540054 0 P 0
L 10.79199772 23.69200494 11.04599772 24.20000494 0 P 0
L 10.79199772 23.69200494 11.29999772 23.94600494 0 P 0
L 10.79199772 24.70800494 11.04599772 24.20000494 0 P 0
L 10.79199772 24.70800494 11.29999772 24.45400494 0 P 0
L 10.79199772 26.69200402 11.04599772 27.20000402 0 P 0
L 10.79199772 26.69200402 11.29999772 26.94600402 0 P 0
L 10.79199772 27.70800402 11.04599772 27.20000402 0 P 0
L 10.79199772 27.70800402 11.29999772 27.45400402 0 P 0
L 10.79199772 29.6920031 11.04599772 30.2000031 0 P 0
L 10.79199772 29.6920031 11.29999772 29.9460031 0 P 0
L 10.79199772 30.7080031 11.04599772 30.2000031 0 P 0
L 10.79199772 30.7080031 11.29999772 30.4540031 0 P 0
L 10.79199772 37.1920008 11.04599772 37.7000008 0 P 0
L 10.79199772 37.1920008 11.29999772 37.4460008 0 P 0
L 10.79199772 38.2080008 11.04599772 37.7000008 0 P 0
L 10.79199772 38.2080008 11.29999772 37.9540008 0 P 0
L 10.79199772 38.69200034 11.04599772 39.20000034 0 P 0
L 10.79199772 38.69200034 11.29999772 38.94600034 0 P 0
L 10.79199772 39.70800034 11.04599772 39.20000034 0 P 0
L 10.79199772 39.70800034 11.29999772 39.45400034 0 P 0
L 10.79200026 20.19199924 11.04600026 20.69999924 0 P 0
L 10.79200026 20.19199924 11.30000026 20.44599924 0 P 0
L 10.79200026 21.20799924 11.04600026 20.69999924 0 P 0
L 10.79200026 21.20799924 11.30000026 20.95399924 0 P 0
L 11.0236 8.255 11.5316 8.001 0 P 0
L 11.0236 8.763 11.5316 9.017 0 P 0
L 11.2776 8.509 11.5316 8.001 0 P 0
L 11.2776 8.509 11.5316 9.017 0 P 0
L 11.29999772 22.4460054 11.80799772 22.1920054 0 P 0
L 11.29999772 22.9540054 11.80799772 23.2080054 0 P 0
L 11.29999772 23.94600494 11.80799772 23.69200494 0 P 0
L 11.29999772 24.45400494 11.80799772 24.70800494 0 P 0
L 11.29999772 26.94600402 11.80799772 26.69200402 0 P 0
L 11.29999772 27.45400402 11.80799772 27.70800402 0 P 0
L 11.29999772 29.9460031 11.80799772 29.6920031 0 P 0
L 11.29999772 30.4540031 11.80799772 30.7080031 0 P 0
L 11.29999772 37.4460008 11.80799772 37.1920008 0 P 0
L 11.29999772 37.9540008 11.80799772 38.2080008 0 P 0
L 11.29999772 38.94600034 11.80799772 38.69200034 0 P 0
L 11.29999772 39.45400034 11.80799772 39.70800034 0 P 0
L 11.30000026 20.44599924 11.80800026 20.19199924 0 P 0
L 11.30000026 20.95399924 11.80800026 21.20799924 0 P 0
L 11.55399772 22.7000054 11.80799772 22.1920054 0 P 0
L 11.55399772 22.7000054 11.80799772 23.2080054 0 P 0
L 11.55399772 24.20000494 11.80799772 23.69200494 0 P 0
L 11.55399772 24.20000494 11.80799772 24.70800494 0 P 0
L 11.55399772 27.20000402 11.80799772 26.69200402 0 P 0
L 11.55399772 27.20000402 11.80799772 27.70800402 0 P 0
L 11.55399772 30.2000031 11.80799772 29.6920031 0 P 0
L 11.55399772 30.2000031 11.80799772 30.7080031 0 P 0
L 11.55399772 37.7000008 11.80799772 37.1920008 0 P 0
L 11.55399772 37.7000008 11.80799772 38.2080008 0 P 0
L 11.55399772 39.20000034 11.80799772 38.69200034 0 P 0
L 11.55399772 39.20000034 11.80799772 39.70800034 0 P 0
L 11.55400026 20.69999924 11.80800026 20.19199924 0 P 0
L 11.55400026 20.69999924 11.80800026 21.20799924 0 P 0
L 11.85547286 16.92752774 12.10947286 17.43552774 0 P 0
L 11.85547286 16.92752774 12.36347286 17.18152774 0 P 0
L 11.85547286 17.94352774 12.10947286 17.43552774 0 P 0
L 11.85547286 17.94352774 12.36347286 17.68952774 0 P 0
L 12.192 11.7920008 12.446 12.3000008 0 P 0
L 12.192 11.7920008 12.7 12.0460008 0 P 0
L 12.192 12.8080008 12.446 12.3000008 0 P 0
L 12.192 12.8080008 12.7 12.5540008 0 P 0
L 12.29199726 22.1920054 12.54599726 22.7000054 0 P 0
L 12.29199726 22.1920054 12.79999726 22.4460054 0 P 0
L 12.29199726 23.2080054 12.54599726 22.7000054 0 P 0
L 12.29199726 23.2080054 12.79999726 22.9540054 0 P 0
L 12.29199726 28.19200356 12.54599726 28.70000356 0 P 0
L 12.29199726 28.19200356 12.79999726 28.44600356 0 P 0
L 12.29199726 29.20800356 12.54599726 28.70000356 0 P 0
L 12.29199726 29.20800356 12.79999726 28.95400356 0 P 0
L 12.29199726 32.69200218 12.54599726 33.20000218 0 P 0
L 12.29199726 32.69200218 12.79999726 32.94600218 0 P 0
L 12.29199726 33.70800218 12.54599726 33.20000218 0 P 0
L 12.29199726 33.70800218 12.79999726 33.45400218 0 P 0
L 12.29199726 37.1920008 12.54599726 37.7000008 0 P 0
L 12.29199726 37.1920008 12.79999726 37.4460008 0 P 0
L 12.29199726 38.2080008 12.54599726 37.7000008 0 P 0
L 12.29199726 38.2080008 12.79999726 37.9540008 0 P 0
L 12.29199726 38.69200034 12.54599726 39.20000034 0 P 0
L 12.29199726 38.69200034 12.79999726 38.94600034 0 P 0
L 12.29199726 39.70800034 12.54599726 39.20000034 0 P 0
L 12.29199726 39.70800034 12.79999726 39.45400034 0 P 0
L 12.2919998 20.19199924 12.5459998 20.69999924 0 P 0
L 12.2919998 20.19199924 12.7999998 20.44599924 0 P 0
L 12.2919998 21.20799924 12.5459998 20.69999924 0 P 0
L 12.2919998 21.20799924 12.7999998 20.95399924 0 P 0
L 12.36347286 17.18152774 12.87147286 16.92752774 0 P 0
L 12.36347286 17.68952774 12.87147286 17.94352774 0 P 0
L 12.61747286 17.43552774 12.87147286 16.92752774 0 P 0
L 12.61747286 17.43552774 12.87147286 17.94352774 0 P 0
L 12.7 12.0460008 13.208 11.7920008 0 P 0
L 12.7 12.5540008 13.208 12.8080008 0 P 0
L 12.79999726 22.4460054 13.30799726 22.1920054 0 P 0
L 12.79999726 22.9540054 13.30799726 23.2080054 0 P 0
L 12.79999726 28.44600356 13.30799726 28.19200356 0 P 0
L 12.79999726 28.95400356 13.30799726 29.20800356 0 P 0
L 12.79999726 32.94600218 13.30799726 32.69200218 0 P 0
L 12.79999726 33.45400218 13.30799726 33.70800218 0 P 0
L 12.79999726 37.4460008 13.30799726 37.1920008 0 P 0
L 12.79999726 37.9540008 13.30799726 38.2080008 0 P 0
L 12.79999726 38.94600034 13.30799726 38.69200034 0 P 0
L 12.79999726 39.45400034 13.30799726 39.70800034 0 P 0
L 12.7999998 20.44599924 13.3079998 20.19199924 0 P 0
L 12.7999998 20.95399924 13.3079998 21.20799924 0 P 0
L 12.954 12.3000008 13.208 11.7920008 0 P 0
L 12.954 12.3000008 13.208 12.8080008 0 P 0
L 13.0320034 8.47600032 13.0320034 9.49200032 0 P 0
L 13.0320034 8.47600032 14.0480034 8.47600032 0 P 0
L 13.0320034 9.49200032 14.0480034 9.49200032 0 P 0
L 13.0320034 10.50800032 13.0320034 11.52400032 0 P 0
L 13.0320034 10.50800032 14.0480034 10.50800032 0 P 0
L 13.0320034 11.52400032 14.0480034 11.52400032 0 P 0
L 13.05399726 22.7000054 13.30799726 22.1920054 0 P 0
L 13.05399726 22.7000054 13.30799726 23.2080054 0 P 0
L 13.05399726 28.70000356 13.30799726 28.19200356 0 P 0
L 13.05399726 28.70000356 13.30799726 29.20800356 0 P 0
L 13.05399726 33.20000218 13.30799726 32.69200218 0 P 0
L 13.05399726 33.20000218 13.30799726 33.70800218 0 P 0
L 13.05399726 37.7000008 13.30799726 37.1920008 0 P 0
L 13.05399726 37.7000008 13.30799726 38.2080008 0 P 0
L 13.05399726 39.20000034 13.30799726 38.69200034 0 P 0
L 13.05399726 39.20000034 13.30799726 39.70800034 0 P 0
L 13.0539998 20.69999924 13.3079998 20.19199924 0 P 0
L 13.0539998 20.69999924 13.3079998 21.20799924 0 P 0
L 13.7919968 26.69200402 14.0459968 27.20000402 0 P 0
L 13.7919968 26.69200402 14.2999968 26.94600402 0 P 0
L 13.7919968 27.70800402 14.0459968 27.20000402 0 P 0
L 13.7919968 27.70800402 14.2999968 27.45400402 0 P 0
L 13.7919968 31.19200264 14.0459968 31.70000264 0 P 0
L 13.7919968 31.19200264 14.2999968 31.44600264 0 P 0
L 13.7919968 32.20800264 14.0459968 31.70000264 0 P 0
L 13.7919968 32.20800264 14.2999968 31.95400264 0 P 0
L 13.7919968 32.69200218 14.0459968 33.20000218 0 P 0
L 13.7919968 32.69200218 14.2999968 32.94600218 0 P 0
L 13.7919968 33.70800218 14.0459968 33.20000218 0 P 0
L 13.7919968 33.70800218 14.2999968 33.45400218 0 P 0
L 13.7919968 34.19200172 14.0459968 34.70000172 0 P 0
L 13.7919968 34.19200172 14.2999968 34.44600172 0 P 0
L 13.7919968 35.20800172 14.0459968 34.70000172 0 P 0
L 13.7919968 35.20800172 14.2999968 34.95400172 0 P 0
L 13.7919968 35.69200126 14.0459968 36.20000126 0 P 0
L 13.7919968 35.69200126 14.2999968 35.94600126 0 P 0
L 13.7919968 36.70800126 14.0459968 36.20000126 0 P 0
L 13.7919968 36.70800126 14.2999968 36.45400126 0 P 0
L 13.7919968 37.1920008 14.0459968 37.7000008 0 P 0
L 13.7919968 37.1920008 14.2999968 37.4460008 0 P 0
L 13.7919968 38.2080008 14.0459968 37.7000008 0 P 0
L 13.7919968 38.2080008 14.2999968 37.9540008 0 P 0
L 13.7919968 38.69200034 14.0459968 39.20000034 0 P 0
L 13.7919968 38.69200034 14.2999968 38.94600034 0 P 0
L 13.7919968 39.70800034 14.0459968 39.20000034 0 P 0
L 13.7919968 39.70800034 14.2999968 39.45400034 0 P 0
L 14.0480034 8.47600032 14.0480034 9.49200032 0 P 0
L 14.0480034 10.50800032 14.0480034 11.52400032 0 P 0
L 14.2999968 26.94600402 14.8079968 26.69200402 0 P 0
L 14.2999968 27.45400402 14.8079968 27.70800402 0 P 0
L 14.2999968 31.44600264 14.8079968 31.19200264 0 P 0
L 14.2999968 31.95400264 14.8079968 32.20800264 0 P 0
L 14.2999968 32.94600218 14.8079968 32.69200218 0 P 0
L 14.2999968 33.45400218 14.8079968 33.70800218 0 P 0
L 14.2999968 34.44600172 14.8079968 34.19200172 0 P 0
L 14.2999968 34.95400172 14.8079968 35.20800172 0 P 0
L 14.2999968 35.94600126 14.8079968 35.69200126 0 P 0
L 14.2999968 36.45400126 14.8079968 36.70800126 0 P 0
L 14.2999968 37.4460008 14.8079968 37.1920008 0 P 0
L 14.2999968 37.9540008 14.8079968 38.2080008 0 P 0
L 14.2999968 38.94600034 14.8079968 38.69200034 0 P 0
L 14.2999968 39.45400034 14.8079968 39.70800034 0 P 0
L 14.5539968 27.20000402 14.8079968 26.69200402 0 P 0
L 14.5539968 27.20000402 14.8079968 27.70800402 0 P 0
L 14.5539968 31.70000264 14.8079968 31.19200264 0 P 0
L 14.5539968 31.70000264 14.8079968 32.20800264 0 P 0
L 14.5539968 33.20000218 14.8079968 32.69200218 0 P 0
L 14.5539968 33.20000218 14.8079968 33.70800218 0 P 0
L 14.5539968 34.70000172 14.8079968 34.19200172 0 P 0
L 14.5539968 34.70000172 14.8079968 35.20800172 0 P 0
L 14.5539968 36.20000126 14.8079968 35.69200126 0 P 0
L 14.5539968 36.20000126 14.8079968 36.70800126 0 P 0
L 14.5539968 37.7000008 14.8079968 37.1920008 0 P 0
L 14.5539968 37.7000008 14.8079968 38.2080008 0 P 0
L 14.5539968 39.20000034 14.8079968 38.69200034 0 P 0
L 14.5539968 39.20000034 14.8079968 39.70800034 0 P 0
L 14.986 19.6596 15.24 20.1676 0 P 0
L 14.986 19.6596 15.494 19.9136 0 P 0
L 14.986 20.6756 15.24 20.1676 0 P 0
L 14.986 20.6756 15.494 20.4216 0 P 0
L 14.99199948 17.5824007 15.24599948 18.0904007 0 P 0
L 14.99199948 17.5824007 15.49999948 17.8364007 0 P 0
L 14.99199948 18.5984007 15.24599948 18.0904007 0 P 0
L 14.99199948 18.5984007 15.49999948 18.3444007 0 P 0
L 15.29199634 25.19200448 15.54599634 25.70000448 0 P 0
L 15.29199634 25.19200448 15.79999634 25.44600448 0 P 0
L 15.29199634 26.20800448 15.54599634 25.70000448 0 P 0
L 15.29199634 26.20800448 15.79999634 25.95400448 0 P 0
L 15.29199634 29.6920031 15.54599634 30.2000031 0 P 0
L 15.29199634 29.6920031 15.79999634 29.9460031 0 P 0
L 15.29199634 30.7080031 15.54599634 30.2000031 0 P 0
L 15.29199634 30.7080031 15.79999634 30.4540031 0 P 0
L 15.29199634 31.19200264 15.54599634 31.70000264 0 P 0
L 15.29199634 31.19200264 15.79999634 31.44600264 0 P 0
L 15.29199634 32.20800264 15.54599634 31.70000264 0 P 0
L 15.29199634 32.20800264 15.79999634 31.95400264 0 P 0
L 15.29199634 32.69200218 15.54599634 33.20000218 0 P 0
L 15.29199634 32.69200218 15.79999634 32.94600218 0 P 0
L 15.29199634 33.70800218 15.54599634 33.20000218 0 P 0
L 15.29199634 33.70800218 15.79999634 33.45400218 0 P 0
L 15.29199634 34.19200172 15.54599634 34.70000172 0 P 0
L 15.29199634 34.19200172 15.79999634 34.44600172 0 P 0
L 15.29199634 35.20800172 15.54599634 34.70000172 0 P 0
L 15.29199634 35.20800172 15.79999634 34.95400172 0 P 0
L 15.29199634 35.69200126 15.54599634 36.20000126 0 P 0
L 15.29199634 35.69200126 15.79999634 35.94600126 0 P 0
L 15.29199634 36.70800126 15.54599634 36.20000126 0 P 0
L 15.29199634 36.70800126 15.79999634 36.45400126 0 P 0
L 15.29199634 37.1920008 15.54599634 37.7000008 0 P 0
L 15.29199634 37.1920008 15.79999634 37.4460008 0 P 0
L 15.29199634 38.2080008 15.54599634 37.7000008 0 P 0
L 15.29199634 38.2080008 15.79999634 37.9540008 0 P 0
L 15.29199634 38.69200034 15.54599634 39.20000034 0 P 0
L 15.29199634 38.69200034 15.79999634 38.94600034 0 P 0
L 15.29199634 39.70800034 15.54599634 39.20000034 0 P 0
L 15.29199634 39.70800034 15.79999634 39.45400034 0 P 0
L 15.494 19.9136 16.002 19.6596 0 P 0
L 15.494 20.4216 16.002 20.6756 0 P 0
L 15.49999948 17.8364007 16.00799948 17.5824007 0 P 0
L 15.49999948 18.3444007 16.00799948 18.5984007 0 P 0
L 15.748 20.1676 16.002 19.6596 0 P 0
L 15.748 20.1676 16.002 20.6756 0 P 0
L 15.75399948 18.0904007 16.00799948 17.5824007 0 P 0
L 15.75399948 18.0904007 16.00799948 18.5984007 0 P 0
L 15.79999634 25.44600448 16.30799634 25.19200448 0 P 0
L 15.79999634 25.95400448 16.30799634 26.20800448 0 P 0
L 15.79999634 29.9460031 16.30799634 29.6920031 0 P 0
L 15.79999634 30.4540031 16.30799634 30.7080031 0 P 0
L 15.79999634 31.44600264 16.30799634 31.19200264 0 P 0
L 15.79999634 31.95400264 16.30799634 32.20800264 0 P 0
L 15.79999634 32.94600218 16.30799634 32.69200218 0 P 0
L 15.79999634 33.45400218 16.30799634 33.70800218 0 P 0
L 15.79999634 34.44600172 16.30799634 34.19200172 0 P 0
L 15.79999634 34.95400172 16.30799634 35.20800172 0 P 0
L 15.79999634 35.94600126 16.30799634 35.69200126 0 P 0
L 15.79999634 36.45400126 16.30799634 36.70800126 0 P 0
L 15.79999634 37.4460008 16.30799634 37.1920008 0 P 0
L 15.79999634 37.9540008 16.30799634 38.2080008 0 P 0
L 15.79999634 38.94600034 16.30799634 38.69200034 0 P 0
L 15.79999634 39.45400034 16.30799634 39.70800034 0 P 0
L 16.05399634 25.70000448 16.30799634 25.19200448 0 P 0
L 16.05399634 25.70000448 16.30799634 26.20800448 0 P 0
L 16.05399634 30.2000031 16.30799634 29.6920031 0 P 0
L 16.05399634 30.2000031 16.30799634 30.7080031 0 P 0
L 16.05399634 31.70000264 16.30799634 31.19200264 0 P 0
L 16.05399634 31.70000264 16.30799634 32.20800264 0 P 0
L 16.05399634 33.20000218 16.30799634 32.69200218 0 P 0
L 16.05399634 33.20000218 16.30799634 33.70800218 0 P 0
L 16.05399634 34.70000172 16.30799634 34.19200172 0 P 0
L 16.05399634 34.70000172 16.30799634 35.20800172 0 P 0
L 16.05399634 36.20000126 16.30799634 35.69200126 0 P 0
L 16.05399634 36.20000126 16.30799634 36.70800126 0 P 0
L 16.05399634 37.7000008 16.30799634 37.1920008 0 P 0
L 16.05399634 37.7000008 16.30799634 38.2080008 0 P 0
L 16.05399634 39.20000034 16.30799634 38.69200034 0 P 0
L 16.05399634 39.20000034 16.30799634 39.70800034 0 P 0
L 16.79199588 23.69200494 17.04599588 24.20000494 0 P 0
L 16.79199588 23.69200494 17.29999588 23.94600494 0 P 0
L 16.79199588 24.70800494 17.04599588 24.20000494 0 P 0
L 16.79199588 24.70800494 17.29999588 24.45400494 0 P 0
L 16.79199588 28.19200356 17.04599588 28.70000356 0 P 0
L 16.79199588 28.19200356 17.29999588 28.44600356 0 P 0
L 16.79199588 29.20800356 17.04599588 28.70000356 0 P 0
L 16.79199588 29.20800356 17.29999588 28.95400356 0 P 0
L 16.79199588 29.6920031 17.04599588 30.2000031 0 P 0
L 16.79199588 29.6920031 17.29999588 29.9460031 0 P 0
L 16.79199588 30.7080031 17.04599588 30.2000031 0 P 0
L 16.79199588 30.7080031 17.29999588 30.4540031 0 P 0
L 16.79199588 31.19200264 17.04599588 31.70000264 0 P 0
L 16.79199588 31.19200264 17.29999588 31.44600264 0 P 0
L 16.79199588 32.20800264 17.04599588 31.70000264 0 P 0
L 16.79199588 32.20800264 17.29999588 31.95400264 0 P 0
L 16.79199588 32.69200218 17.04599588 33.20000218 0 P 0
L 16.79199588 32.69200218 17.29999588 32.94600218 0 P 0
L 16.79199588 33.70800218 17.04599588 33.20000218 0 P 0
L 16.79199588 33.70800218 17.29999588 33.45400218 0 P 0
L 16.79199588 34.19200172 17.04599588 34.70000172 0 P 0
L 16.79199588 34.19200172 17.29999588 34.44600172 0 P 0
L 16.79199588 35.20800172 17.04599588 34.70000172 0 P 0
L 16.79199588 35.20800172 17.29999588 34.95400172 0 P 0
L 16.79199588 35.69200126 17.04599588 36.20000126 0 P 0
L 16.79199588 35.69200126 17.29999588 35.94600126 0 P 0
L 16.79199588 36.70800126 17.04599588 36.20000126 0 P 0
L 16.79199588 36.70800126 17.29999588 36.45400126 0 P 0
L 16.79199588 37.1920008 17.04599588 37.7000008 0 P 0
L 16.79199588 37.1920008 17.29999588 37.4460008 0 P 0
L 16.79199588 38.2080008 17.04599588 37.7000008 0 P 0
L 16.79199588 38.2080008 17.29999588 37.9540008 0 P 0
L 16.79199588 38.69200034 17.04599588 39.20000034 0 P 0
L 16.79199588 38.69200034 17.29999588 38.94600034 0 P 0
L 16.79199588 39.70800034 17.04599588 39.20000034 0 P 0
L 16.79199588 39.70800034 17.29999588 39.45400034 0 P 0
L 17.23535034 17.18164966 17.48935034 17.68964966 0 P 0
L 17.23535034 17.18164966 17.74335034 17.43564966 0 P 0
L 17.23535034 18.19764966 17.48935034 17.68964966 0 P 0
L 17.23535034 18.19764966 17.74335034 17.94364966 0 P 0
L 17.29999588 23.94600494 17.80799588 23.69200494 0 P 0
L 17.29999588 24.45400494 17.80799588 24.70800494 0 P 0
L 17.29999588 28.44600356 17.80799588 28.19200356 0 P 0
L 17.29999588 28.95400356 17.80799588 29.20800356 0 P 0
L 17.29999588 29.9460031 17.80799588 29.6920031 0 P 0
L 17.29999588 30.4540031 17.80799588 30.7080031 0 P 0
L 17.29999588 31.44600264 17.80799588 31.19200264 0 P 0
L 17.29999588 31.95400264 17.80799588 32.20800264 0 P 0
L 17.29999588 32.94600218 17.80799588 32.69200218 0 P 0
L 17.29999588 33.45400218 17.80799588 33.70800218 0 P 0
L 17.29999588 34.44600172 17.80799588 34.19200172 0 P 0
L 17.29999588 34.95400172 17.80799588 35.20800172 0 P 0
L 17.29999588 35.94600126 17.80799588 35.69200126 0 P 0
L 17.29999588 36.45400126 17.80799588 36.70800126 0 P 0
L 17.29999588 37.4460008 17.80799588 37.1920008 0 P 0
L 17.29999588 37.9540008 17.80799588 38.2080008 0 P 0
L 17.29999588 38.94600034 17.80799588 38.69200034 0 P 0
L 17.29999588 39.45400034 17.80799588 39.70800034 0 P 0
L 17.55399588 24.20000494 17.80799588 23.69200494 0 P 0
L 17.55399588 24.20000494 17.80799588 24.70800494 0 P 0
L 17.55399588 28.70000356 17.80799588 28.19200356 0 P 0
L 17.55399588 28.70000356 17.80799588 29.20800356 0 P 0
L 17.55399588 30.2000031 17.80799588 29.6920031 0 P 0
L 17.55399588 30.2000031 17.80799588 30.7080031 0 P 0
L 17.55399588 31.70000264 17.80799588 31.19200264 0 P 0
L 17.55399588 31.70000264 17.80799588 32.20800264 0 P 0
L 17.55399588 33.20000218 17.80799588 32.69200218 0 P 0
L 17.55399588 33.20000218 17.80799588 33.70800218 0 P 0
L 17.55399588 34.70000172 17.80799588 34.19200172 0 P 0
L 17.55399588 34.70000172 17.80799588 35.20800172 0 P 0
L 17.55399588 36.20000126 17.80799588 35.69200126 0 P 0
L 17.55399588 36.20000126 17.80799588 36.70800126 0 P 0
L 17.55399588 37.7000008 17.80799588 37.1920008 0 P 0
L 17.55399588 37.7000008 17.80799588 38.2080008 0 P 0
L 17.55399588 39.20000034 17.80799588 38.69200034 0 P 0
L 17.55399588 39.20000034 17.80799588 39.70800034 0 P 0
L 17.74335034 17.43564966 18.25135034 17.18164966 0 P 0
L 17.74335034 17.94364966 18.25135034 18.19764966 0 P 0
L 17.9920011 9.74600032 18.2460011 9.74600032 0 P 0
L 17.9920011 9.74600032 18.2460011 10.00000032 0 P 0
L 17.9920011 10.25400032 18.2460011 10.00000032 0 P 0
L 17.9920011 10.25400032 18.2460011 10.25400032 0 P 0
L 17.99735034 17.68964966 18.25135034 17.18164966 0 P 0
L 17.99735034 17.68964966 18.25135034 18.19764966 0 P 0
L 18.2460011 9.74600032 18.5000011 9.49200032 0 P 0
L 18.2460011 10.25400032 18.5000011 10.50800032 0 P 0
L 18.29199542 26.69200402 18.54599542 27.20000402 0 P 0
L 18.29199542 26.69200402 18.79999542 26.94600402 0 P 0
L 18.29199542 27.70800402 18.54599542 27.20000402 0 P 0
L 18.29199542 27.70800402 18.79999542 27.45400402 0 P 0
L 18.29199542 28.19200356 18.54599542 28.70000356 0 P 0
L 18.29199542 28.19200356 18.79999542 28.44600356 0 P 0
L 18.29199542 29.20800356 18.54599542 28.70000356 0 P 0
L 18.29199542 29.20800356 18.79999542 28.95400356 0 P 0
L 18.29199542 29.6920031 18.54599542 30.2000031 0 P 0
L 18.29199542 29.6920031 18.79999542 29.9460031 0 P 0
L 18.29199542 30.7080031 18.54599542 30.2000031 0 P 0
L 18.29199542 30.7080031 18.79999542 30.4540031 0 P 0
L 18.29199542 31.19200264 18.54599542 31.70000264 0 P 0
L 18.29199542 31.19200264 18.79999542 31.44600264 0 P 0
L 18.29199542 32.20800264 18.54599542 31.70000264 0 P 0
L 18.29199542 32.20800264 18.79999542 31.95400264 0 P 0
L 18.29199542 32.69200218 18.54599542 33.20000218 0 P 0
L 18.29199542 32.69200218 18.79999542 32.94600218 0 P 0
L 18.29199542 33.70800218 18.54599542 33.20000218 0 P 0
L 18.29199542 33.70800218 18.79999542 33.45400218 0 P 0
L 18.29199542 34.19200172 18.54599542 34.70000172 0 P 0
L 18.29199542 34.19200172 18.79999542 34.44600172 0 P 0
L 18.29199542 35.20800172 18.54599542 34.70000172 0 P 0
L 18.29199542 35.20800172 18.79999542 34.95400172 0 P 0
L 18.29199542 35.69200126 18.54599542 36.20000126 0 P 0
L 18.29199542 35.69200126 18.79999542 35.94600126 0 P 0
L 18.29199542 36.70800126 18.54599542 36.20000126 0 P 0
L 18.29199542 36.70800126 18.79999542 36.45400126 0 P 0
L 18.29199542 37.1920008 18.54599542 37.7000008 0 P 0
L 18.29199542 37.1920008 18.79999542 37.4460008 0 P 0
L 18.29199542 38.2080008 18.54599542 37.7000008 0 P 0
L 18.29199542 38.2080008 18.79999542 37.9540008 0 P 0
L 18.29199542 38.69200034 18.54599542 39.20000034 0 P 0
L 18.29199542 38.69200034 18.79999542 38.94600034 0 P 0
L 18.29199542 39.70800034 18.54599542 39.20000034 0 P 0
L 18.29199542 39.70800034 18.79999542 39.45400034 0 P 0
L 18.3920003 16.89200076 18.6460003 17.40000076 0 P 0
L 18.3920003 16.89200076 18.9000003 17.14600076 0 P 0
L 18.3920003 17.90800076 18.6460003 17.40000076 0 P 0
L 18.3920003 17.90800076 18.9000003 17.65400076 0 P 0
L 18.5000011 9.49200032 18.7540011 9.74600032 0 P 0
L 18.5000011 10.50800032 18.7540011 10.25400032 0 P 0
L 18.7540011 9.74600032 19.0080011 9.74600032 0 P 0
L 18.7540011 10.00000032 19.0080011 9.74600032 0 P 0
L 18.7540011 10.00000032 19.0080011 10.25400032 0 P 0
L 18.7540011 10.25400032 19.0080011 10.25400032 0 P 0
L 18.79999542 26.94600402 19.30799542 26.69200402 0 P 0
L 18.79999542 27.45400402 19.30799542 27.70800402 0 P 0
L 18.79999542 28.44600356 19.30799542 28.19200356 0 P 0
L 18.79999542 28.95400356 19.30799542 29.20800356 0 P 0
L 18.79999542 29.9460031 19.30799542 29.6920031 0 P 0
L 18.79999542 30.4540031 19.30799542 30.7080031 0 P 0
L 18.79999542 31.44600264 19.30799542 31.19200264 0 P 0
L 18.79999542 31.95400264 19.30799542 32.20800264 0 P 0
L 18.79999542 32.94600218 19.30799542 32.69200218 0 P 0
L 18.79999542 33.45400218 19.30799542 33.70800218 0 P 0
L 18.79999542 34.44600172 19.30799542 34.19200172 0 P 0
L 18.79999542 34.95400172 19.30799542 35.20800172 0 P 0
L 18.79999542 35.94600126 19.30799542 35.69200126 0 P 0
L 18.79999542 36.45400126 19.30799542 36.70800126 0 P 0
L 18.79999542 37.4460008 19.30799542 37.1920008 0 P 0
L 18.79999542 37.9540008 19.30799542 38.2080008 0 P 0
L 18.79999542 38.94600034 19.30799542 38.69200034 0 P 0
L 18.79999542 39.45400034 19.30799542 39.70800034 0 P 0
L 18.8919993 17.5824007 19.1459993 18.0904007 0 P 0
L 18.8919993 17.5824007 19.3999993 17.8364007 0 P 0
L 18.8919993 18.5984007 19.1459993 18.0904007 0 P 0
L 18.8919993 18.5984007 19.3999993 18.3444007 0 P 0
L 18.9000003 17.14600076 19.4080003 16.89200076 0 P 0
L 18.9000003 17.65400076 19.4080003 17.90800076 0 P 0
L 19.05399542 27.20000402 19.30799542 26.69200402 0 P 0
L 19.05399542 27.20000402 19.30799542 27.70800402 0 P 0
L 19.05399542 28.70000356 19.30799542 28.19200356 0 P 0
L 19.05399542 28.70000356 19.30799542 29.20800356 0 P 0
L 19.05399542 30.2000031 19.30799542 29.6920031 0 P 0
L 19.05399542 30.2000031 19.30799542 30.7080031 0 P 0
L 19.05399542 31.70000264 19.30799542 31.19200264 0 P 0
L 19.05399542 31.70000264 19.30799542 32.20800264 0 P 0
L 19.05399542 33.20000218 19.30799542 32.69200218 0 P 0
L 19.05399542 33.20000218 19.30799542 33.70800218 0 P 0
L 19.05399542 34.70000172 19.30799542 34.19200172 0 P 0
L 19.05399542 34.70000172 19.30799542 35.20800172 0 P 0
L 19.05399542 36.20000126 19.30799542 35.69200126 0 P 0
L 19.05399542 36.20000126 19.30799542 36.70800126 0 P 0
L 19.05399542 37.7000008 19.30799542 37.1920008 0 P 0
L 19.05399542 37.7000008 19.30799542 38.2080008 0 P 0
L 19.05399542 39.20000034 19.30799542 38.69200034 0 P 0
L 19.05399542 39.20000034 19.30799542 39.70800034 0 P 0
L 19.1540003 17.40000076 19.4080003 16.89200076 0 P 0
L 19.1540003 17.40000076 19.4080003 17.90800076 0 P 0
L 19.3999993 17.8364007 19.9079993 17.5824007 0 P 0
L 19.3999993 18.3444007 19.9079993 18.5984007 0 P 0
L 19.6539993 18.0904007 19.9079993 17.5824007 0 P 0
L 19.6539993 18.0904007 19.9079993 18.5984007 0 P 0
L 19.79199496 25.19200448 20.04599496 25.70000448 0 P 0
L 19.79199496 25.19200448 20.29999496 25.44600448 0 P 0
L 19.79199496 26.20800448 20.04599496 25.70000448 0 P 0
L 19.79199496 26.20800448 20.29999496 25.95400448 0 P 0
L 19.79199496 26.69200402 20.04599496 27.20000402 0 P 0
L 19.79199496 26.69200402 20.29999496 26.94600402 0 P 0
L 19.79199496 27.70800402 20.04599496 27.20000402 0 P 0
L 19.79199496 27.70800402 20.29999496 27.45400402 0 P 0
L 19.79199496 28.19200356 20.04599496 28.70000356 0 P 0
L 19.79199496 28.19200356 20.29999496 28.44600356 0 P 0
L 19.79199496 29.20800356 20.04599496 28.70000356 0 P 0
L 19.79199496 29.20800356 20.29999496 28.95400356 0 P 0
L 19.79199496 29.6920031 20.04599496 30.2000031 0 P 0
L 19.79199496 29.6920031 20.29999496 29.9460031 0 P 0
L 19.79199496 30.7080031 20.04599496 30.2000031 0 P 0
L 19.79199496 30.7080031 20.29999496 30.4540031 0 P 0
L 19.79199496 31.19200264 20.04599496 31.70000264 0 P 0
L 19.79199496 31.19200264 20.29999496 31.44600264 0 P 0
L 19.79199496 32.20800264 20.04599496 31.70000264 0 P 0
L 19.79199496 32.20800264 20.29999496 31.95400264 0 P 0
L 19.79199496 32.69200218 20.04599496 33.20000218 0 P 0
L 19.79199496 32.69200218 20.29999496 32.94600218 0 P 0
L 19.79199496 33.70800218 20.04599496 33.20000218 0 P 0
L 19.79199496 33.70800218 20.29999496 33.45400218 0 P 0
L 19.79199496 34.19200172 20.04599496 34.70000172 0 P 0
L 19.79199496 34.19200172 20.29999496 34.44600172 0 P 0
L 19.79199496 35.20800172 20.04599496 34.70000172 0 P 0
L 19.79199496 35.20800172 20.29999496 34.95400172 0 P 0
L 19.79199496 35.69200126 20.04599496 36.20000126 0 P 0
L 19.79199496 35.69200126 20.29999496 35.94600126 0 P 0
L 19.79199496 36.70800126 20.04599496 36.20000126 0 P 0
L 19.79199496 36.70800126 20.29999496 36.45400126 0 P 0
L 19.79199496 37.1920008 20.04599496 37.7000008 0 P 0
L 19.79199496 37.1920008 20.29999496 37.4460008 0 P 0
L 19.79199496 38.2080008 20.04599496 37.7000008 0 P 0
L 19.79199496 38.2080008 20.29999496 37.9540008 0 P 0
L 19.79199496 38.69200034 20.04599496 39.20000034 0 P 0
L 19.79199496 38.69200034 20.29999496 38.94600034 0 P 0
L 19.79199496 39.70800034 20.04599496 39.20000034 0 P 0
L 19.79199496 39.70800034 20.29999496 39.45400034 0 P 0
L 20.29999496 25.44600448 20.80799496 25.19200448 0 P 0
L 20.29999496 25.95400448 20.80799496 26.20800448 0 P 0
L 20.29999496 26.94600402 20.80799496 26.69200402 0 P 0
L 20.29999496 27.45400402 20.80799496 27.70800402 0 P 0
L 20.29999496 28.44600356 20.80799496 28.19200356 0 P 0
L 20.29999496 28.95400356 20.80799496 29.20800356 0 P 0
L 20.29999496 29.9460031 20.80799496 29.6920031 0 P 0
L 20.29999496 30.4540031 20.80799496 30.7080031 0 P 0
L 20.29999496 31.44600264 20.80799496 31.19200264 0 P 0
L 20.29999496 31.95400264 20.80799496 32.20800264 0 P 0
L 20.29999496 32.94600218 20.80799496 32.69200218 0 P 0
L 20.29999496 33.45400218 20.80799496 33.70800218 0 P 0
L 20.29999496 34.44600172 20.80799496 34.19200172 0 P 0
L 20.29999496 34.95400172 20.80799496 35.20800172 0 P 0
L 20.29999496 35.94600126 20.80799496 35.69200126 0 P 0
L 20.29999496 36.45400126 20.80799496 36.70800126 0 P 0
L 20.29999496 37.4460008 20.80799496 37.1920008 0 P 0
L 20.29999496 37.9540008 20.80799496 38.2080008 0 P 0
L 20.29999496 38.94600034 20.80799496 38.69200034 0 P 0
L 20.29999496 39.45400034 20.80799496 39.70800034 0 P 0
L 20.55399496 25.70000448 20.80799496 25.19200448 0 P 0
L 20.55399496 25.70000448 20.80799496 26.20800448 0 P 0
L 20.55399496 27.20000402 20.80799496 26.69200402 0 P 0
L 20.55399496 27.20000402 20.80799496 27.70800402 0 P 0
L 20.55399496 28.70000356 20.80799496 28.19200356 0 P 0
L 20.55399496 28.70000356 20.80799496 29.20800356 0 P 0
L 20.55399496 30.2000031 20.80799496 29.6920031 0 P 0
L 20.55399496 30.2000031 20.80799496 30.7080031 0 P 0
L 20.55399496 31.70000264 20.80799496 31.19200264 0 P 0
L 20.55399496 31.70000264 20.80799496 32.20800264 0 P 0
L 20.55399496 33.20000218 20.80799496 32.69200218 0 P 0
L 20.55399496 33.20000218 20.80799496 33.70800218 0 P 0
L 20.55399496 34.70000172 20.80799496 34.19200172 0 P 0
L 20.55399496 34.70000172 20.80799496 35.20800172 0 P 0
L 20.55399496 36.20000126 20.80799496 35.69200126 0 P 0
L 20.55399496 36.20000126 20.80799496 36.70800126 0 P 0
L 20.55399496 37.7000008 20.80799496 37.1920008 0 P 0
L 20.55399496 37.7000008 20.80799496 38.2080008 0 P 0
L 20.55399496 39.20000034 20.80799496 38.69200034 0 P 0
L 20.55399496 39.20000034 20.80799496 39.70800034 0 P 0
L 20.69200078 19.89199984 20.94600078 20.39999984 0 P 0
L 20.69200078 19.89199984 21.20000078 20.14599984 0 P 0
L 20.69200078 20.90799984 20.94600078 20.39999984 0 P 0
L 20.69200078 20.90799984 21.20000078 20.65399984 0 P 0
L 20.69200078 21.09199998 20.94600078 21.59999998 0 P 0
L 20.69200078 21.09199998 21.20000078 21.34599998 0 P 0
L 20.69200078 22.10799998 20.94600078 21.59999998 0 P 0
L 20.69200078 22.10799998 21.20000078 21.85399998 0 P 0
L 20.69200078 22.29200266 20.94600078 22.80000266 0 P 0
L 20.69200078 22.29200266 21.20000078 22.54600266 0 P 0
L 20.69200078 23.30800266 20.94600078 22.80000266 0 P 0
L 20.69200078 23.30800266 21.20000078 23.05400266 0 P 0
L 20.69200078 23.7920022 20.94600078 24.3000022 0 P 0
L 20.69200078 23.7920022 21.20000078 24.0460022 0 P 0
L 20.69200078 24.8080022 20.94600078 24.3000022 0 P 0
L 20.69200078 24.8080022 21.20000078 24.5540022 0 P 0
L 20.69200078 25.1919994 20.94600078 25.6999994 0 P 0
L 20.69200078 25.1919994 21.20000078 25.4459994 0 P 0
L 20.69200078 26.2079994 20.94600078 25.6999994 0 P 0
L 20.69200078 26.2079994 21.20000078 25.9539994 0 P 0
L 20.69200078 26.69199894 20.94600078 27.19999894 0 P 0
L 20.69200078 26.69199894 21.20000078 26.94599894 0 P 0
L 20.69200078 27.70799894 20.94600078 27.19999894 0 P 0
L 20.69200078 27.70799894 21.20000078 27.45399894 0 P 0
L 20.69200078 28.19199848 20.94600078 28.69999848 0 P 0
L 20.69200078 28.19199848 21.20000078 28.44599848 0 P 0
L 20.69200078 29.20799848 20.94600078 28.69999848 0 P 0
L 20.69200078 29.20799848 21.20000078 28.95399848 0 P 0
L 20.69200078 29.69200056 20.94600078 30.20000056 0 P 0
L 20.69200078 29.69200056 21.20000078 29.94600056 0 P 0
L 20.69200078 30.70800056 20.94600078 30.20000056 0 P 0
L 20.69200078 30.70800056 21.20000078 30.45400056 0 P 0
L 20.69200078 31.1920001 20.94600078 31.7000001 0 P 0
L 20.69200078 31.1920001 21.20000078 31.4460001 0 P 0
L 20.69200078 32.2080001 20.94600078 31.7000001 0 P 0
L 20.69200078 32.2080001 21.20000078 31.9540001 0 P 0
L 20.69200078 32.69199964 20.94600078 33.19999964 0 P 0
L 20.69200078 32.69199964 21.20000078 32.94599964 0 P 0
L 20.69200078 33.70799964 20.94600078 33.19999964 0 P 0
L 20.69200078 33.70799964 21.20000078 33.45399964 0 P 0
L 20.69200078 34.19199918 20.94600078 34.69999918 0 P 0
L 20.69200078 34.19199918 21.20000078 34.44599918 0 P 0
L 20.69200078 35.20799918 20.94600078 34.69999918 0 P 0
L 20.69200078 35.20799918 21.20000078 34.95399918 0 P 0
L 20.69200078 35.69199872 20.94600078 36.19999872 0 P 0
L 20.69200078 35.69199872 21.20000078 35.94599872 0 P 0
L 20.69200078 36.70799872 20.94600078 36.19999872 0 P 0
L 20.69200078 36.70799872 21.20000078 36.45399872 0 P 0
L 20.69200078 37.1920008 20.94600078 37.7000008 0 P 0
L 20.69200078 37.1920008 21.20000078 37.4460008 0 P 0
L 20.69200078 38.2080008 20.94600078 37.7000008 0 P 0
L 20.69200078 38.2080008 21.20000078 37.9540008 0 P 0
L 20.69200078 38.69200034 20.94600078 39.20000034 0 P 0
L 20.69200078 38.69200034 21.20000078 38.94600034 0 P 0
L 20.69200078 39.70800034 20.94600078 39.20000034 0 P 0
L 20.69200078 39.70800034 21.20000078 39.45400034 0 P 0
L 21.20000078 20.14599984 21.70800078 19.89199984 0 P 0
L 21.20000078 20.65399984 21.70800078 20.90799984 0 P 0
L 21.20000078 21.34599998 21.70800078 21.09199998 0 P 0
L 21.20000078 21.85399998 21.70800078 22.10799998 0 P 0
L 21.20000078 22.54600266 21.70800078 22.29200266 0 P 0
L 21.20000078 23.05400266 21.70800078 23.30800266 0 P 0
L 21.20000078 24.0460022 21.70800078 23.7920022 0 P 0
L 21.20000078 24.5540022 21.70800078 24.8080022 0 P 0
L 21.20000078 25.4459994 21.70800078 25.1919994 0 P 0
L 21.20000078 25.9539994 21.70800078 26.2079994 0 P 0
L 21.20000078 26.94599894 21.70800078 26.69199894 0 P 0
L 21.20000078 27.45399894 21.70800078 27.70799894 0 P 0
L 21.20000078 28.44599848 21.70800078 28.19199848 0 P 0
L 21.20000078 28.95399848 21.70800078 29.20799848 0 P 0
L 21.20000078 29.94600056 21.70800078 29.69200056 0 P 0
L 21.20000078 30.45400056 21.70800078 30.70800056 0 P 0
L 21.20000078 31.4460001 21.70800078 31.1920001 0 P 0
L 21.20000078 31.9540001 21.70800078 32.2080001 0 P 0
L 21.20000078 32.94599964 21.70800078 32.69199964 0 P 0
L 21.20000078 33.45399964 21.70800078 33.70799964 0 P 0
L 21.20000078 34.44599918 21.70800078 34.19199918 0 P 0
L 21.20000078 34.95399918 21.70800078 35.20799918 0 P 0
L 21.20000078 35.94599872 21.70800078 35.69199872 0 P 0
L 21.20000078 36.45399872 21.70800078 36.70799872 0 P 0
L 21.20000078 37.4460008 21.70800078 37.1920008 0 P 0
L 21.20000078 37.9540008 21.70800078 38.2080008 0 P 0
L 21.20000078 38.94600034 21.70800078 38.69200034 0 P 0
L 21.20000078 39.45400034 21.70800078 39.70800034 0 P 0
L 21.45400078 20.39999984 21.70800078 19.89199984 0 P 0
L 21.45400078 20.39999984 21.70800078 20.90799984 0 P 0
L 21.45400078 21.59999998 21.70800078 21.09199998 0 P 0
L 21.45400078 21.59999998 21.70800078 22.10799998 0 P 0
L 21.45400078 22.80000266 21.70800078 22.29200266 0 P 0
L 21.45400078 22.80000266 21.70800078 23.30800266 0 P 0
L 21.45400078 24.3000022 21.70800078 23.7920022 0 P 0
L 21.45400078 24.3000022 21.70800078 24.8080022 0 P 0
L 21.45400078 25.6999994 21.70800078 25.1919994 0 P 0
L 21.45400078 25.6999994 21.70800078 26.2079994 0 P 0
L 21.45400078 27.19999894 21.70800078 26.69199894 0 P 0
L 21.45400078 27.19999894 21.70800078 27.70799894 0 P 0
L 21.45400078 28.69999848 21.70800078 28.19199848 0 P 0
L 21.45400078 28.69999848 21.70800078 29.20799848 0 P 0
L 21.45400078 30.20000056 21.70800078 29.69200056 0 P 0
L 21.45400078 30.20000056 21.70800078 30.70800056 0 P 0
L 21.45400078 31.7000001 21.70800078 31.1920001 0 P 0
L 21.45400078 31.7000001 21.70800078 32.2080001 0 P 0
L 21.45400078 33.19999964 21.70800078 32.69199964 0 P 0
L 21.45400078 33.19999964 21.70800078 33.70799964 0 P 0
L 21.45400078 34.69999918 21.70800078 34.19199918 0 P 0
L 21.45400078 34.69999918 21.70800078 35.20799918 0 P 0
L 21.45400078 36.19999872 21.70800078 35.69199872 0 P 0
L 21.45400078 36.19999872 21.70800078 36.70799872 0 P 0
L 21.45400078 37.7000008 21.70800078 37.1920008 0 P 0
L 21.45400078 37.7000008 21.70800078 38.2080008 0 P 0
L 21.45400078 39.20000034 21.70800078 38.69200034 0 P 0
L 21.45400078 39.20000034 21.70800078 39.70800034 0 P 0
