UNITS=MM
#Layer_Color=32768
#
#Feature symbol names
#
$0 r49.9999
$1 r99.9998

#
#Feature attribute names
#
@0 .nomenclature
@1 .string
@2 .string_angle

#
#Feature attribute text strings
#
&0 U1

#
#Layer features
#
L 0.49000156 -6.02000066 0.49000156 5.2449984 0 P 0
L 0.49000156 -6.02000066 21.51000016 -6.02000066 0 P 0
L 0.49000156 5.2449984 21.51000016 5.2449984 0 P 0
L 1.20000014 13.62499942 1.20000014 16.40000022 0 P 0
L 1.20000014 13.62499942 5.8000011 13.62499942 0 P 0
L 1.20000014 16.40000022 5.8000011 16.40000022 0 P 0
L 2.74999958 16.59999982 2.74999958 17.39999822 0 P 0
L 2.74999958 16.59999982 4.20000176 16.59999982 0 P 0
L 2.74999958 17.39999822 4.20000176 17.39999822 0 P 0
L 3.00000162 15.00000048 3.99999962 15.00000048 0 P 0
L 3.09999888 25.12500182 3.09999888 26.12499982 0 P 0
L 3.09999888 25.12500182 4.99999762 25.12500182 0 P 0
L 3.09999888 26.12499982 4.99999762 26.12499982 0 P 0
L 3.09999888 30.25000046 3.09999888 31.24999846 0 P 0
L 3.09999888 30.25000046 4.99999762 30.25000046 0 P 0
L 3.09999888 31.24999846 4.99999762 31.24999846 0 P 0
L 3.09999888 31.47500182 3.09999888 32.47499982 0 P 0
L 3.09999888 31.47500182 4.99999762 31.47500182 0 P 0
L 3.09999888 32.47499982 3.09999888 33.47499782 0 P 0
L 3.09999888 32.47499982 4.99999762 32.47499982 0 P 0
L 3.09999888 32.47499982 4.99999762 32.47499982 0 P 0
L 3.09999888 33.47499782 4.99999762 33.47499782 0 P 0
L 3.20000122 16.99999902 3.82500124 16.99999902 0 P 0
L 3.50000062 14.50000148 3.50000062 15.49999948 0 P 0
L 3.50000062 16.67504158 3.50000062 17.27504038 0 P 0
L 3.57500174 26.1999984 3.57500174 30.20000056 0 P 0
L 3.57500174 26.1999984 5.4500018 26.1999984 0 P 0
L 3.57500174 30.20000056 5.4500018 30.20000056 0 P 0
L 3.74999758 25.62500082 4.34999892 25.62500082 0 P 0
L 3.74999758 30.74999946 4.34999892 30.74999946 0 P 0
L 3.74999758 31.97500082 4.34999892 31.97500082 0 P 0
L 3.74999758 32.97499882 4.34999892 32.97499882 0 P 0
L 3.99999962 28.19999948 5.00000016 28.19999948 0 P 0
L 4.04999952 25.32500142 4.04999952 25.92500022 0 P 0
L 4.04999952 30.45000006 4.04999952 31.04999886 0 P 0
L 4.04999952 31.67500142 4.04999952 32.27500022 0 P 0
L 4.04999952 32.67499942 4.04999952 33.27499822 0 P 0
L 4.20000176 16.59999982 4.20000176 17.39999822 0 P 0
L 4.50000116 27.69999794 4.50000116 28.69999848 0 P 0
L 4.99999762 25.12500182 4.99999762 26.12499982 0 P 0
L 4.99999762 30.25000046 4.99999762 31.24999846 0 P 0
L 4.99999762 31.47500182 4.99999762 32.47499982 0 P 0
L 4.99999762 32.47499982 4.99999762 33.47499782 0 P 0
L 5.4500018 26.1999984 5.4500018 30.20000056 0 P 0
L 5.8000011 13.62499942 5.8000011 16.40000022 0 P 0
L 5.8000011 25.62499828 5.8000011 40.22499956 0 P 0
L 5.8000011 25.62499828 16.19999808 25.62499828 0 P 0
L 5.8000011 40.22499956 16.19999808 40.22499956 0 P 0
L 6.3000001 24.4500019 6.3000001 25.4499999 0 P 0
L 6.3000001 24.4500019 8.19999884 24.4500019 0 P 0
L 6.3000001 25.4499999 8.19999884 25.4499999 0 P 0
L 6.9499988 24.9500009 7.55000014 24.9500009 0 P 0
L 7.05000114 18.90000284 7.05000114 21.10000352 0 P 0
L 7.05000114 18.90000284 8.35000108 18.90000284 0 P 0
L 7.05000114 21.10000352 8.35000108 21.10000352 0 P 0
L 7.20000084 20.00000318 8.20000138 20.00000318 1 P 0
L 7.25000074 24.6500015 7.25000074 25.2500003 0 P 0
L 7.69999984 19.50000418 7.69999984 20.50000218 1 P 0
L 8.19999884 24.4500019 8.19999884 25.4499999 0 P 0
L 8.35000108 18.90000284 8.35000108 21.10000352 0 P 0
L 8.60000058 19.1999997 8.60000058 20.80000158 0 P 0
L 8.60000058 19.1999997 9.40000152 19.1999997 0 P 0
L 8.60000058 20.80000158 9.40000152 20.80000158 0 P 0
L 8.70000038 20.00000064 9.29999918 20.00000064 0 P 0
L 8.99999978 19.70000124 8.99999978 20.30000004 0 P 0
L 9.39999898 19.1999997 9.39999898 20.80000158 0 P 0
L 9.39999898 19.1999997 10.19999992 19.1999997 0 P 0
L 9.39999898 20.80000158 10.19999992 20.80000158 0 P 0
L 9.40000152 19.1999997 9.40000152 20.80000158 0 P 0
L 9.49999878 20.00000064 10.09999758 20.00000064 0 P 0
L 9.50000132 13.2999988 9.50000132 15.69999908 0 P 0
L 9.50000132 13.2999988 12.5000004 13.2999988 0 P 0
L 9.50000132 15.69999908 12.5000004 15.69999908 0 P 0
L 9.79999818 19.70000124 9.79999818 20.30000004 0 P 0
L 10.19999992 19.1999997 10.19999992 20.80000158 0 P 0
L 10.19999992 19.1999997 10.19999992 20.80000158 0 P 0
L 10.19999992 19.1999997 11.00000086 19.1999997 0 P 0
L 10.19999992 20.80000158 11.00000086 20.80000158 0 P 0
L 10.29999972 20.00000064 10.89999852 20.00000064 0 P 0
L 10.49999932 32.92500146 11.49999732 32.92500146 0 P 0
L 10.50000186 1.44999964 11.49999986 1.44999964 0 P 0
L 10.50000186 14.49999894 11.49999986 14.49999894 0 P 0
L 10.59999912 19.70000124 10.59999912 20.30000004 0 P 0
L 10.99999832 19.1999997 10.99999832 20.80000158 0 P 0
L 10.99999832 19.1999997 11.79999926 19.1999997 0 P 0
L 10.99999832 20.80000158 11.79999926 20.80000158 0 P 0
L 10.99999832 32.42500246 10.99999832 33.42500046 0 P 0
L 11.00000086 0.95000064 11.00000086 1.94999864 0 P 0
L 11.00000086 13.99999994 11.00000086 14.99999794 0 P 0
L 11.00000086 19.1999997 11.00000086 20.80000158 0 P 0
L 11.09999812 20.00000064 11.69999692 20.00000064 0 P 0
L 11.10000066 33.19161256 11.2666145 33.02499872 1 P 0 ;0,1=0,2=0.000000
L 11.10000066 34.02467668 11.10000066 33.19161256 1 P 0 ;0,1=0,2=0.000000
L 11.2666145 33.02499872 11.59983964 33.02499872 1 P 0 ;0,1=0,2=0.000000
L 11.39999752 19.70000124 11.39999752 20.30000004 0 P 0
L 11.59983964 33.02499872 11.76645094 33.19161256 1 P 0 ;0,1=0,2=0.000000
L 11.76645094 33.19161256 11.76645094 34.02467668 1 P 0 ;0,1=0,2=0.000000
L 11.79999926 19.1999997 11.79999926 20.80000158 0 P 0
L 11.79999926 19.1999997 11.79999926 20.80000158 0 P 0
L 11.79999926 19.1999997 12.6000002 19.1999997 0 P 0
L 11.79999926 20.80000158 12.6000002 20.80000158 0 P 0
L 11.89999906 20.00000064 12.49999786 20.00000064 0 P 0
L 12.09967862 33.02499872 12.43290376 33.02499872 1 P 0 ;0,1=0,2=0.000000
L 12.19999846 19.70000124 12.19999846 20.30000004 0 P 0
L 12.26629246 33.02499872 12.26629246 34.02467668 1 P 0 ;0,1=0,2=0.000000
L 12.26629246 34.02467668 12.09967862 33.85806284 1 P 0 ;0,1=0,2=0.000000
L 12.43290376 33.02499872 12.26629246 33.02499872 1 P 0 ;0,1=0,2=0.000000
L 12.5000004 13.2999988 12.5000004 15.69999908 0 P 0
L 12.6000002 19.1999997 12.6000002 20.80000158 0 P 0
L 12.6000002 19.1999997 12.6000002 20.80000158 0 P 0
L 12.6000002 19.1999997 13.40000114 19.1999997 0 P 0
L 12.6000002 20.80000158 13.40000114 20.80000158 0 P 0
L 12.7 20.00000064 13.2999988 20.00000064 0 P 0
L 12.9999994 19.70000124 12.9999994 20.30000004 0 P 0
L 13.40000114 19.1999997 13.40000114 20.80000158 0 P 0
L 13.65000064 18.90000284 13.65000064 21.10000352 0 P 0
L 13.65000064 18.90000284 14.95000058 18.90000284 0 P 0
L 13.65000064 21.10000352 14.95000058 21.10000352 0 P 0
L 13.80000034 20.00000318 14.80000088 20.00000318 1 P 0
L 14.29999934 19.50000418 14.29999934 20.50000218 1 P 0
L 14.95000058 18.90000284 14.95000058 21.10000352 0 P 0
L 15.09999774 19.1999997 15.09999774 20.80000158 0 P 0
L 15.09999774 19.1999997 15.89999868 19.1999997 0 P 0
L 15.09999774 20.80000158 15.89999868 20.80000158 0 P 0
L 15.20000008 20.00000064 15.79999888 20.00000064 0 P 0
L 15.49999948 19.70000124 15.49999948 20.30000004 0 P 0
L 15.89999868 19.1999997 15.89999868 20.80000158 0 P 0
L 15.89999868 19.1999997 15.89999868 20.80000158 0 P 0
L 15.89999868 19.1999997 16.69999962 19.1999997 0 P 0
L 15.89999868 20.80000158 16.69999962 20.80000158 0 P 0
L 16.00000102 20.00000064 16.59999982 20.00000064 0 P 0
L 16.19999808 25.62499828 16.19999808 40.22499956 0 P 0
L 16.20000062 13.60000074 16.20000062 16.37500154 0 P 0
L 16.20000062 13.60000074 20.80000158 13.60000074 0 P 0
L 16.20000062 16.37500154 20.80000158 16.37500154 0 P 0
L 16.30000042 19.70000124 16.30000042 20.30000004 0 P 0
L 16.69999708 19.1999997 16.69999708 20.80000158 0 P 0
L 16.69999708 19.1999997 17.49999802 19.1999997 0 P 0
L 16.69999708 20.80000158 17.49999802 20.80000158 0 P 0
L 16.69999962 19.1999997 16.69999962 20.80000158 0 P 0
L 16.79999942 20.00000064 17.39999822 20.00000064 0 P 0
L 17.09999882 19.70000124 17.09999882 20.30000004 0 P 0
L 17.49999802 19.1999997 17.49999802 20.80000158 0 P 0
L 17.49999802 19.1999997 17.49999802 20.80000158 0 P 0
L 17.49999802 19.1999997 18.29999896 19.1999997 0 P 0
L 17.49999802 20.80000158 18.29999896 20.80000158 0 P 0
L 17.60000036 20.00000064 18.19999916 20.00000064 0 P 0
L 17.79999996 16.59999982 17.79999996 17.39999822 0 P 0
L 17.79999996 16.59999982 19.25000214 16.59999982 0 P 0
L 17.79999996 17.39999822 19.25000214 17.39999822 0 P 0
L 17.89999976 19.70000124 17.89999976 20.30000004 0 P 0
L 18.0000021 15.00000048 19.0000001 15.00000048 0 P 0
L 18.17500048 16.99999902 18.8000005 16.99999902 0 P 0
L 18.29999896 19.1999997 18.29999896 20.80000158 0 P 0
L 18.29999896 19.1999997 18.29999896 20.80000158 0 P 0
L 18.29999896 19.1999997 19.0999999 19.1999997 0 P 0
L 18.29999896 20.80000158 19.0999999 20.80000158 0 P 0
L 18.4000013 20.00000064 19.0000001 20.00000064 0 P 0
L 18.5000011 14.50000148 18.5000011 15.49999948 0 P 0
L 18.5000011 16.72495766 18.5000011 17.32495646 0 P 0
L 18.7000007 19.70000124 18.7000007 20.30000004 0 P 0
L 19.09999736 19.1999997 19.09999736 20.80000158 0 P 0
L 19.09999736 19.1999997 19.8999983 19.1999997 0 P 0
L 19.09999736 20.80000158 19.8999983 20.80000158 0 P 0
L 19.0999999 19.1999997 19.0999999 20.80000158 0 P 0
L 19.1999997 20.00000064 19.7999985 20.00000064 0 P 0
L 19.25000214 16.59999982 19.25000214 17.39999822 0 P 0
L 19.4999991 19.70000124 19.4999991 20.30000004 0 P 0
L 19.8999983 19.1999997 19.8999983 20.80000158 0 P 0
L 19.8999983 19.1999997 19.8999983 20.80000158 0 P 0
L 19.8999983 19.1999997 20.69999924 19.1999997 0 P 0
L 19.8999983 20.80000158 20.69999924 20.80000158 0 P 0
L 20.00000064 20.00000064 20.59999944 20.00000064 0 P 0
L 20.30000004 19.70000124 20.30000004 20.30000004 0 P 0
L 20.69999924 19.1999997 20.69999924 20.80000158 0 P 0
L 20.69999924 19.1999997 20.69999924 20.80000158 0 P 0
L 20.69999924 19.1999997 21.50000018 19.1999997 0 P 0
L 20.69999924 20.80000158 21.50000018 20.80000158 0 P 0
L 20.80000158 13.60000074 20.80000158 16.37500154 0 P 0
L 20.80000158 20.00000064 21.40000038 20.00000064 0 P 0
L 21.10000098 19.70000124 21.10000098 20.30000004 0 P 0
L 21.50000018 19.1999997 21.50000018 20.80000158 0 P 0
L 21.51000016 -6.02000066 21.51000016 5.2449984 0 P 0
