UNITS=MM
#Layer_Color=16711935
#
#Feature symbol names
#
$0 r49.9999
$1 r99.9998

#
#Feature attribute names
#

#
#Layer features
#
A 4.38900062 10.00000032 4.38900062 10.00000032 3.50000062 10.00000032 0 P 0 N
A 19.3890011 10.00000032 19.3890011 10.00000032 18.5000011 10.00000032 0 P 0 N
L 0.84000086 0.17999964 0.84000086 2.71999964 1 P 0
L 0.84000086 0.17999964 21.16000086 0.17999964 1 P 0
L 0.84000086 2.71999964 21.16000086 2.71999964 1 P 0
L 1.49999954 13.75000044 1.49999954 16.25000052 0 P 0
L 1.49999954 13.75000044 5.5000017 13.75000044 0 P 0
L 1.49999954 16.25000052 2.64999978 16.25000052 0 P 0
L 1.80008022 16.69999454 1.80008022 17.29998572 0 P 0
L 1.80008022 16.69999454 2.60008116 16.69999454 0 P 0
L 1.80008022 17.29998572 2.60008116 17.29998572 0 P 0
L 2.60008116 16.69999454 2.60008116 17.29998572 0 P 0
L 2.64999978 16.25000052 2.6501725 16.24991416 0 P 0
L 2.6501725 16.24991416 4.35000146 16.25000052 0 P 0
L 2.69999968 18.550001 2.69999968 19.65000134 0 P 0
L 2.69999968 18.550001 3.29999848 18.550001 0 P 0
L 2.69999968 19.65000134 3.29999848 19.65000134 0 P 0
L 3.29999848 18.550001 3.29999848 19.65000134 0 P 0
L 3.70000022 18.550001 3.70000022 19.65000134 0 P 0
L 3.70000022 18.550001 4.29999902 18.550001 0 P 0
L 3.70000022 19.65000134 4.29999902 19.65000134 0 P 0
L 4.29999902 18.550001 4.29999902 19.65000134 0 P 0
L 4.35000146 16.25000052 5.5000017 16.25000052 0 P 0
L 4.70000076 18.550001 4.70000076 19.65000134 0 P 0
L 4.70000076 18.550001 5.29999956 18.550001 0 P 0
L 4.70000076 19.65000134 5.29999956 19.65000134 0 P 0
L 5.29999956 18.550001 5.29999956 19.65000134 0 P 0
L 5.5000017 13.75000044 5.5000017 16.25000052 0 P 0
L 5.7000013 18.550001 5.7000013 19.65000134 0 P 0
L 5.7000013 18.550001 6.3000001 18.550001 0 P 0
L 5.7000013 19.65000134 6.3000001 19.65000134 0 P 0
L 6.0000007 24.900001 6.0000007 39.90000148 1 P 0
L 6.0000007 24.900001 16.00000102 24.900001 1 P 0
L 6.0000007 39.90000148 16.00000102 39.90000148 1 P 0
L 6.3000001 18.550001 6.3000001 19.65000134 0 P 0
L 6.70000184 18.54999846 6.70000184 19.6499988 0 P 0
L 6.70000184 18.54999846 7.30000064 18.54999846 0 P 0
L 6.70000184 19.6499988 7.30000064 19.6499988 0 P 0
L 7.30000064 18.54999846 7.30000064 19.6499988 0 P 0
L 8.80000018 18.550001 8.80000018 19.65000134 0 P 0
L 8.80000018 18.550001 9.39999898 18.550001 0 P 0
L 8.80000018 19.65000134 9.39999898 19.65000134 0 P 0
L 9.39999898 18.550001 9.39999898 19.65000134 0 P 0
L 9.64999848 13.5499983 9.64999848 15.64999918 0 P 0
L 9.64999848 13.5499983 11.74999936 13.5499983 0 P 0
L 9.64999848 15.64999918 11.74999936 15.64999918 0 P 0
L 9.80000072 18.550001 9.80000072 19.65000134 0 P 0
L 9.80000072 18.550001 10.39999952 18.550001 0 P 0
L 9.80000072 19.65000134 10.39999952 19.65000134 0 P 0
L 10.39999952 18.550001 10.39999952 19.65000134 0 P 0
L 11.35000016 17.9000023 11.35000016 19.70000378 1 P 0
L 11.35000016 17.9000023 12.4500005 17.9000023 1 P 0
L 11.35000016 19.70000378 12.4500005 19.70000378 1 P 0
L 11.74999936 13.5499983 11.74999936 15.64999918 0 P 0
L 12.4500005 17.9000023 12.4500005 19.70000378 1 P 0
L 12.8999996 18.54999846 12.8999996 19.6499988 0 P 0
L 12.8999996 18.54999846 13.4999984 18.54999846 0 P 0
L 12.8999996 19.6499988 13.4999984 19.6499988 0 P 0
L 13.4999984 18.54999846 13.4999984 19.6499988 0 P 0
L 13.90000014 18.54999846 13.90000014 19.6499988 0 P 0
L 13.90000014 18.54999846 14.49999894 18.54999846 0 P 0
L 13.90000014 19.6499988 14.49999894 19.6499988 0 P 0
L 14.49999894 18.54999846 14.49999894 19.6499988 0 P 0
L 14.90000068 18.550001 14.90000068 19.65000134 0 P 0
L 14.90000068 18.550001 15.49999948 18.550001 0 P 0
L 14.90000068 19.65000134 15.49999948 19.65000134 0 P 0
L 15.49999948 18.550001 15.49999948 19.65000134 0 P 0
L 15.90000122 18.550001 15.90000122 19.65000134 0 P 0
L 15.90000122 18.550001 16.50000002 18.550001 0 P 0
L 15.90000122 19.65000134 16.50000002 19.65000134 0 P 0
L 16.00000102 24.900001 16.00000102 39.90000148 1 P 0
L 16.50000002 13.75000044 16.50000002 16.25000052 0 P 0
L 16.50000002 13.75000044 20.50000218 13.75000044 0 P 0
L 16.50000002 16.25000052 17.65000026 16.25000052 0 P 0
L 16.50000002 18.550001 16.50000002 19.65000134 0 P 0
L 16.8000807 16.69999454 16.8000807 17.29998572 0 P 0
L 16.8000807 16.69999454 17.60008164 16.69999454 0 P 0
L 16.8000807 17.29998572 17.60008164 17.29998572 0 P 0
L 16.90000176 18.550001 16.90000176 19.65000134 0 P 0
L 16.90000176 18.550001 17.50000056 18.550001 0 P 0
L 16.90000176 19.65000134 17.50000056 19.65000134 0 P 0
L 17.16499742 35.40000032 17.16499742 36.00000166 1 P 0
L 17.16499742 35.40000032 18.26499776 35.40000032 1 P 0
L 17.16499742 36.00000166 18.26499776 36.00000166 1 P 0
L 17.16499996 34.19999764 17.16499996 34.79999898 1 P 0
L 17.16499996 34.19999764 18.2650003 34.19999764 1 P 0
L 17.16499996 34.79999898 18.2650003 34.79999898 1 P 0
L 17.50000056 18.550001 17.50000056 19.65000134 0 P 0
L 17.60008164 16.69999454 17.60008164 17.29998572 0 P 0
L 17.65000026 16.25000052 17.65017298 16.24991416 0 P 0
L 17.65017298 16.24991416 19.35000194 16.25000052 0 P 0
L 17.89999976 18.550001 17.89999976 19.65000134 0 P 0
L 17.89999976 18.550001 18.49999856 18.550001 0 P 0
L 17.89999976 19.65000134 18.49999856 19.65000134 0 P 0
L 18.26499776 35.40000032 18.26499776 36.00000166 1 P 0
L 18.2650003 34.19999764 18.2650003 34.79999898 1 P 0
L 18.49999856 18.550001 18.49999856 19.65000134 0 P 0
L 18.9000003 18.550001 18.9000003 19.65000134 0 P 0
L 18.9000003 18.550001 19.4999991 18.550001 0 P 0
L 18.9000003 19.65000134 19.4999991 19.65000134 0 P 0
L 19.35000194 16.25000052 20.50000218 16.25000052 0 P 0
L 19.4999991 18.550001 19.4999991 19.65000134 0 P 0
L 20.3499974 17.89999722 20.3499974 19.6999987 1 P 0
L 20.3499974 17.89999722 21.44999774 17.89999722 1 P 0
L 20.3499974 19.6999987 21.44999774 19.6999987 1 P 0
L 20.50000218 13.75000044 20.50000218 16.25000052 0 P 0
L 21.16000086 0.17999964 21.16000086 2.71999964 1 P 0
L 21.44999774 17.89999722 21.44999774 19.6999987 1 P 0
