UNITS=MM
#Layer_Color=9474304
#
#Feature symbol names
#
$0 r127

#
#Feature attribute names
#

#
#Layer features
#
L 0.65000124 4.70000584 0.95000064 4.70000584 0 P 0
L 0.65000124 6.20000538 0.95000064 6.20000538 0 P 0
L 0.65000124 19.70000124 0.95000064 19.70000124 0 P 0
L 0.65000124 21.20000078 0.95000064 21.20000078 0 P 0
L 0.80000094 4.55000614 0.80000094 4.85000554 0 P 0
L 0.80000094 6.05000568 0.80000094 6.35000508 0 P 0
L 0.80000094 19.55000154 0.80000094 19.85000094 0 P 0
L 0.80000094 21.05000108 0.80000094 21.35000048 0 P 0
L 1.60000188 2.50000008 3.39999828 2.50000008 0 P 0
L 2.15000078 4.70000584 2.45000018 4.70000584 0 P 0
L 2.15000078 15.20000262 2.45000018 15.20000262 0 P 0
L 2.15000078 16.70000216 2.45000018 16.70000216 0 P 0
L 2.15000078 18.2000017 2.45000018 18.2000017 0 P 0
L 2.15000078 19.70000124 2.45000018 19.70000124 0 P 0
L 2.15000078 21.20000078 2.45000018 21.20000078 0 P 0
L 2.30000048 4.55000614 2.30000048 4.85000554 0 P 0
L 2.30000048 15.05000292 2.30000048 15.35000232 0 P 0
L 2.30000048 16.55000246 2.30000048 16.85000186 0 P 0
L 2.30000048 18.050002 2.30000048 18.3500014 0 P 0
L 2.30000048 19.55000154 2.30000048 19.85000094 0 P 0
L 2.30000048 21.05000108 2.30000048 21.35000048 0 P 0
L 2.50000008 1.60000188 2.50000008 3.39999828 0 P 0
L 3.25000112 13.70000054 3.55000052 13.70000054 0 P 0
L 3.3044003 16.383 3.6043997 16.383 0 P 0
L 3.40000082 13.55000084 3.40000082 13.85000024 0 P 0
L 3.45000072 11.69999946 3.75000012 11.69999946 0 P 0
L 3.4544 16.2330003 3.4544 16.5329997 0 P 0
L 3.60000042 11.54999976 3.60000042 11.84999916 0 P 0
L 3.65000032 4.70000584 3.94999972 4.70000584 0 P 0
L 3.65000032 7.70000492 3.94999972 7.70000492 0 P 0
L 3.65000032 19.70000124 3.94999972 19.70000124 0 P 0
L 3.65000032 21.20000078 3.94999972 21.20000078 0 P 0
L 3.80000002 4.55000614 3.80000002 4.85000554 0 P 0
L 3.80000002 7.55000522 3.80000002 7.85000462 0 P 0
L 3.80000002 19.55000154 3.80000002 19.85000094 0 P 0
L 3.80000002 21.05000108 3.80000002 21.35000048 0 P 0
L 5.14999986 0.80000094 5.44999926 0.80000094 0 P 0
L 5.14999986 1.89999874 5.44999926 1.89999874 0 P 0
L 5.14999986 3.2000063 5.44999926 3.2000063 0 P 0
L 5.14999986 4.70000584 5.44999926 4.70000584 0 P 0
L 5.14999986 7.70000492 5.44999926 7.70000492 0 P 0
L 5.14999986 19.70000124 5.44999926 19.70000124 0 P 0
L 5.14999986 21.20000078 5.44999926 21.20000078 0 P 0
L 5.29999956 0.65000124 5.29999956 0.95000064 0 P 0
L 5.29999956 1.74999904 5.29999956 2.04999844 0 P 0
L 5.29999956 3.0500066 5.29999956 3.350006 0 P 0
L 5.29999956 4.55000614 5.29999956 4.85000554 0 P 0
L 5.29999956 7.55000522 5.29999956 7.85000462 0 P 0
L 5.29999956 19.55000154 5.29999956 19.85000094 0 P 0
L 5.29999956 21.05000108 5.29999956 21.35000048 0 P 0
L 6.6499994 0.80000094 6.9499988 0.80000094 0 P 0
L 6.6499994 1.89999874 6.9499988 1.89999874 0 P 0
L 6.6499994 3.2000063 6.9499988 3.2000063 0 P 0
L 6.6499994 4.70000584 6.9499988 4.70000584 0 P 0
L 6.6499994 7.70000492 6.9499988 7.70000492 0 P 0
L 6.6499994 11.59999966 6.9499988 11.59999966 0 P 0
L 6.6499994 13.70000308 6.9499988 13.70000308 0 P 0
L 6.6499994 19.70000124 6.9499988 19.70000124 0 P 0
L 6.6499994 21.20000078 6.9499988 21.20000078 0 P 0
L 6.7999991 0.65000124 6.7999991 0.95000064 0 P 0
L 6.7999991 1.74999904 6.7999991 2.04999844 0 P 0
L 6.7999991 3.0500066 6.7999991 3.350006 0 P 0
L 6.7999991 4.55000614 6.7999991 4.85000554 0 P 0
L 6.7999991 7.55000522 6.7999991 7.85000462 0 P 0
L 6.7999991 11.44999996 6.7999991 11.74999936 0 P 0
L 6.7999991 13.55000338 6.7999991 13.85000278 0 P 0
L 6.7999991 19.55000154 6.7999991 19.85000094 0 P 0
L 6.7999991 21.05000108 6.7999991 21.35000048 0 P 0
L 7.5462003 16.3322 7.8461997 16.3322 0 P 0
L 7.6962 16.1822003 7.6962 16.4821997 0 P 0
L 7.74999974 12.6000002 8.04999914 12.6000002 0 P 0
L 7.74999974 14.90000068 8.04999914 14.90000068 0 P 0
L 7.89999944 12.4500005 7.89999944 12.7499999 0 P 0
L 7.89999944 14.75000098 7.89999944 15.05000038 0 P 0
L 7.94999934 10.90000106 8.24999874 10.90000106 0 P 0
L 8.09999904 10.75000136 8.09999904 11.05000076 0 P 0
L 8.14999894 3.2000063 8.44999834 3.2000063 0 P 0
L 8.14999894 4.70000584 8.44999834 4.70000584 0 P 0
L 8.14999894 19.70000124 8.44999834 19.70000124 0 P 0
L 8.14999894 21.20000078 8.44999834 21.20000078 0 P 0
L 8.15000148 0.80000094 8.45000088 0.80000094 0 P 0
L 8.15000148 1.89999874 8.45000088 1.89999874 0 P 0
L 8.29999864 3.0500066 8.29999864 3.350006 0 P 0
L 8.29999864 4.55000614 8.29999864 4.85000554 0 P 0
L 8.29999864 19.55000154 8.29999864 19.85000094 0 P 0
L 8.29999864 21.05000108 8.29999864 21.35000048 0 P 0
L 8.30000118 0.65000124 8.30000118 0.95000064 0 P 0
L 8.30000118 1.74999904 8.30000118 2.04999844 0 P 0
L 9.64999848 3.2000063 9.94999788 3.2000063 0 P 0
L 9.64999848 4.70000584 9.94999788 4.70000584 0 P 0
L 9.64999848 19.70000124 9.94999788 19.70000124 0 P 0
L 9.64999848 21.20000078 9.94999788 21.20000078 0 P 0
L 9.65000102 0.80000094 9.95000042 0.80000094 0 P 0
L 9.65000102 1.89999874 9.95000042 1.89999874 0 P 0
L 9.79999818 3.0500066 9.79999818 3.350006 0 P 0
L 9.79999818 4.55000614 9.79999818 4.85000554 0 P 0
L 9.79999818 19.55000154 9.79999818 19.85000094 0 P 0
L 9.79999818 21.05000108 9.79999818 21.35000048 0 P 0
L 9.80000072 0.65000124 9.80000072 0.95000064 0 P 0
L 9.80000072 1.74999904 9.80000072 2.04999844 0 P 0
L 10.24999982 7.99999924 10.54999922 7.99999924 0 P 0
L 10.34999962 9.80000072 10.64999902 9.80000072 0 P 0
L 10.36230084 10.696702 10.66230024 10.696702 0 P 0
L 10.3656003 11.7094 10.6655997 11.7094 0 P 0
L 10.39999952 7.84999954 10.39999952 8.14999894 0 P 0
L 10.49999932 9.65000102 10.49999932 9.95000042 0 P 0
L 10.51230054 10.5467023 10.51230054 10.8467017 0 P 0
L 10.5156 11.5594003 10.5156 11.8593997 0 P 0
L 10.54999922 13.0999992 10.84999862 13.0999992 0 P 0
L 10.56000174 4.16999928 11.65999954 4.16999928 0 P 0
L 10.69999892 12.9499995 10.69999892 13.2499989 0 P 0
L 11.11000064 3.62000038 11.11000064 4.71999818 0 P 0
L 11.14999802 10.700004 11.44999742 10.700004 0 P 0
L 11.14999802 19.70000124 11.44999742 19.70000124 0 P 0
L 11.14999802 21.20000078 11.44999742 21.20000078 0 P 0
L 11.15000056 0.80000094 11.44999996 0.80000094 0 P 0
L 11.15000056 1.89999874 11.44999996 1.89999874 0 P 0
L 11.29999772 10.5500043 11.29999772 10.8500037 0 P 0
L 11.29999772 19.55000154 11.29999772 19.85000094 0 P 0
L 11.29999772 21.05000108 11.29999772 21.35000048 0 P 0
L 11.30000026 0.65000124 11.30000026 0.95000064 0 P 0
L 11.30000026 1.74999904 11.30000026 2.04999844 0 P 0
L 11.44999996 9.19999938 11.74999936 9.19999938 0 P 0
L 11.59999966 9.04999968 11.59999966 9.34999908 0 P 0
L 12.64999756 3.2000063 12.94999696 3.2000063 0 P 0
L 12.64999756 9.20000446 12.94999696 9.20000446 0 P 0
L 12.64999756 19.70000124 12.94999696 19.70000124 0 P 0
L 12.64999756 21.20000078 12.94999696 21.20000078 0 P 0
L 12.6500001 0.80000094 12.9499995 0.80000094 0 P 0
L 12.6500001 1.89999874 12.9499995 1.89999874 0 P 0
L 12.6500001 7.99999924 12.9499995 7.99999924 0 P 0
L 12.79999726 3.0500066 12.79999726 3.350006 0 P 0
L 12.79999726 9.05000476 12.79999726 9.35000416 0 P 0
L 12.79999726 19.55000154 12.79999726 19.85000094 0 P 0
L 12.79999726 21.05000108 12.79999726 21.35000048 0 P 0
L 12.7999998 0.65000124 12.7999998 0.95000064 0 P 0
L 12.7999998 1.74999904 12.7999998 2.04999844 0 P 0
L 12.7999998 7.84999954 12.7999998 8.14999894 0 P 0
L 12.8499997 10.69999892 13.1499991 10.69999892 0 P 0
L 12.9999994 10.54999922 12.9999994 10.84999862 0 P 0
L 13.10000174 4.16999928 14.19999954 4.16999928 0 P 0
L 13.25000144 12.4000006 13.55000084 12.4000006 0 P 0
L 13.40000114 12.2500009 13.40000114 12.5500003 0 P 0
L 13.65000064 3.62000038 13.65000064 4.71999818 0 P 0
L 14.1499971 9.20000446 14.4499965 9.20000446 0 P 0
L 14.1499971 10.700004 14.4499965 10.700004 0 P 0
L 14.1499971 16.70000216 14.4499965 16.70000216 0 P 0
L 14.1499971 18.2000017 14.4499965 18.2000017 0 P 0
L 14.1499971 19.70000124 14.4499965 19.70000124 0 P 0
L 14.1499971 21.20000078 14.4499965 21.20000078 0 P 0
L 14.14999964 0.80000094 14.44999904 0.80000094 0 P 0
L 14.14999964 1.89999874 14.44999904 1.89999874 0 P 0
L 14.14999964 7.99999924 14.44999904 7.99999924 0 P 0
L 14.2999968 9.05000476 14.2999968 9.35000416 0 P 0
L 14.2999968 10.5500043 14.2999968 10.8500037 0 P 0
L 14.2999968 16.55000246 14.2999968 16.85000186 0 P 0
L 14.2999968 18.050002 14.2999968 18.3500014 0 P 0
L 14.2999968 19.55000154 14.2999968 19.85000094 0 P 0
L 14.2999968 21.05000108 14.2999968 21.35000048 0 P 0
L 14.29999934 0.65000124 14.29999934 0.95000064 0 P 0
L 14.29999934 1.74999904 14.29999934 2.04999844 0 P 0
L 14.29999934 7.84999954 14.29999934 8.14999894 0 P 0
L 14.85000078 12.4000006 15.15000018 12.4000006 0 P 0
L 15.00000048 12.2500009 15.00000048 12.5500003 0 P 0
L 15.05000038 14.09999974 15.34999978 14.09999974 0 P 0
L 15.20000008 13.95000004 15.20000008 14.24999944 0 P 0
L 15.64000174 4.16999928 16.73999954 4.16999928 0 P 0
L 15.64999664 9.20000446 15.94999604 9.20000446 0 P 0
L 15.64999664 10.700004 15.94999604 10.700004 0 P 0
L 15.64999664 16.70000216 15.94999604 16.70000216 0 P 0
L 15.64999664 18.2000017 15.94999604 18.2000017 0 P 0
L 15.64999664 19.70000124 15.94999604 19.70000124 0 P 0
L 15.64999664 21.20000078 15.94999604 21.20000078 0 P 0
L 15.64999918 7.99999924 15.94999858 7.99999924 0 P 0
L 15.65000172 0.80000094 15.95000112 0.80000094 0 P 0
L 15.65000172 1.89999874 15.95000112 1.89999874 0 P 0
L 15.79999634 9.05000476 15.79999634 9.35000416 0 P 0
L 15.79999634 10.5500043 15.79999634 10.8500037 0 P 0
L 15.79999634 16.55000246 15.79999634 16.85000186 0 P 0
L 15.79999634 18.050002 15.79999634 18.3500014 0 P 0
L 15.79999634 19.55000154 15.79999634 19.85000094 0 P 0
L 15.79999634 21.05000108 15.79999634 21.35000048 0 P 0
L 15.79999888 7.84999954 15.79999888 8.14999894 0 P 0
L 15.80000142 0.65000124 15.80000142 0.95000064 0 P 0
L 15.80000142 1.74999904 15.80000142 2.04999844 0 P 0
L 15.90000122 12.84999716 16.20000062 12.84999716 0 P 0
L 16.05000092 12.69999746 16.05000092 12.99999686 0 P 0
L 16.19000064 3.62000038 16.19000064 4.71999818 0 P 0
L 17.14999618 9.20000446 17.44999558 9.20000446 0 P 0
L 17.14999618 10.700004 17.44999558 10.700004 0 P 0
L 17.14999618 16.70000216 17.44999558 16.70000216 0 P 0
L 17.14999618 18.2000017 17.44999558 18.2000017 0 P 0
L 17.14999618 19.70000124 17.44999558 19.70000124 0 P 0
L 17.14999618 21.20000078 17.44999558 21.20000078 0 P 0
L 17.15000126 0.80000094 17.45000066 0.80000094 0 P 0
L 17.15000126 1.89999874 17.45000066 1.89999874 0 P 0
L 17.15000126 7.99999924 17.45000066 7.99999924 0 P 0
L 17.29999588 9.05000476 17.29999588 9.35000416 0 P 0
L 17.29999588 10.5500043 17.29999588 10.8500037 0 P 0
L 17.29999588 16.55000246 17.29999588 16.85000186 0 P 0
L 17.29999588 18.050002 17.29999588 18.3500014 0 P 0
L 17.29999588 19.55000154 17.29999588 19.85000094 0 P 0
L 17.29999588 21.05000108 17.29999588 21.35000048 0 P 0
L 17.30000096 0.65000124 17.30000096 0.95000064 0 P 0
L 17.30000096 1.74999904 17.30000096 2.04999844 0 P 0
L 17.30000096 7.84999954 17.30000096 8.14999894 0 P 0
L 17.94999966 6.5999995 18.24999906 6.5999995 0 P 0
L 18.09999936 6.4499998 18.09999936 6.7499992 0 P 0
L 18.18000174 4.16999928 19.27999954 4.16999928 0 P 0
L 18.64999572 9.20000446 18.94999512 9.20000446 0 P 0
L 18.64999572 10.700004 18.94999512 10.700004 0 P 0
L 18.64999572 16.70000216 18.94999512 16.70000216 0 P 0
L 18.64999572 18.2000017 18.94999512 18.2000017 0 P 0
L 18.64999572 19.70000124 18.94999512 19.70000124 0 P 0
L 18.64999572 21.20000078 18.94999512 21.20000078 0 P 0
L 18.6500008 0.80000094 18.9500002 0.80000094 0 P 0
L 18.6500008 1.89999874 18.9500002 1.89999874 0 P 0
L 18.6500008 7.99999924 18.9500002 7.99999924 0 P 0
L 18.73000064 3.62000038 18.73000064 4.71999818 0 P 0
L 18.79999542 9.05000476 18.79999542 9.35000416 0 P 0
L 18.79999542 10.5500043 18.79999542 10.8500037 0 P 0
L 18.79999542 16.55000246 18.79999542 16.85000186 0 P 0
L 18.79999542 18.050002 18.79999542 18.3500014 0 P 0
L 18.79999542 19.55000154 18.79999542 19.85000094 0 P 0
L 18.79999542 21.05000108 18.79999542 21.35000048 0 P 0
L 18.8000005 0.65000124 18.8000005 0.95000064 0 P 0
L 18.8000005 1.74999904 18.8000005 2.04999844 0 P 0
L 18.8000005 7.84999954 18.8000005 8.14999894 0 P 0
L 20.14999526 6.20000538 20.44999466 6.20000538 0 P 0
L 20.14999526 9.20000446 20.44999466 9.20000446 0 P 0
L 20.14999526 10.700004 20.44999466 10.700004 0 P 0
L 20.14999526 16.70000216 20.44999466 16.70000216 0 P 0
L 20.14999526 18.2000017 20.44999466 18.2000017 0 P 0
L 20.14999526 19.70000124 20.44999466 19.70000124 0 P 0
L 20.14999526 21.20000078 20.44999466 21.20000078 0 P 0
L 20.15000034 0.80000094 20.44999974 0.80000094 0 P 0
L 20.15000034 1.89999874 20.44999974 1.89999874 0 P 0
L 20.15000034 7.99999924 20.44999974 7.99999924 0 P 0
L 20.29999496 6.05000568 20.29999496 6.35000508 0 P 0
L 20.29999496 9.05000476 20.29999496 9.35000416 0 P 0
L 20.29999496 10.5500043 20.29999496 10.8500037 0 P 0
L 20.29999496 16.55000246 20.29999496 16.85000186 0 P 0
L 20.29999496 18.050002 20.29999496 18.3500014 0 P 0
L 20.29999496 19.55000154 20.29999496 19.85000094 0 P 0
L 20.29999496 21.05000108 20.29999496 21.35000048 0 P 0
L 20.30000004 0.65000124 20.30000004 0.95000064 0 P 0
L 20.30000004 1.74999904 20.30000004 2.04999844 0 P 0
L 20.30000004 7.84999954 20.30000004 8.14999894 0 P 0
L 20.72000174 4.16999928 21.81999954 4.16999928 0 P 0
L 21.27000064 3.62000038 21.27000064 4.71999818 0 P 0
L 21.6499948 6.20000538 21.9499942 6.20000538 0 P 0
L 21.6499948 9.20000446 21.9499942 9.20000446 0 P 0
L 21.6499948 10.700004 21.9499942 10.700004 0 P 0
L 21.6499948 16.70000216 21.9499942 16.70000216 0 P 0
L 21.6499948 18.2000017 21.9499942 18.2000017 0 P 0
L 21.6499948 19.70000124 21.9499942 19.70000124 0 P 0
L 21.6499948 21.20000078 21.9499942 21.20000078 0 P 0
L 21.64999988 0.80000094 21.94999928 0.80000094 0 P 0
L 21.64999988 1.89999874 21.94999928 1.89999874 0 P 0
L 21.64999988 7.99999924 21.94999928 7.99999924 0 P 0
L 21.7999945 6.05000568 21.7999945 6.35000508 0 P 0
L 21.7999945 9.05000476 21.7999945 9.35000416 0 P 0
L 21.7999945 10.5500043 21.7999945 10.8500037 0 P 0
L 21.7999945 16.55000246 21.7999945 16.85000186 0 P 0
L 21.7999945 18.050002 21.7999945 18.3500014 0 P 0
L 21.7999945 19.55000154 21.7999945 19.85000094 0 P 0
L 21.7999945 21.05000108 21.7999945 21.35000048 0 P 0
L 21.79999958 0.65000124 21.79999958 0.95000064 0 P 0
L 21.79999958 1.74999904 21.79999958 2.04999844 0 P 0
L 21.79999958 7.84999954 21.79999958 8.14999894 0 P 0
L 22.65000042 12.3000008 22.94999982 12.3000008 0 P 0
L 22.65000042 14.09999974 22.94999982 14.09999974 0 P 0
L 22.80000012 12.1500011 22.80000012 12.4500005 0 P 0
L 22.80000012 13.95000004 22.80000012 14.24999944 0 P 0
L 23.14999434 6.20000538 23.44999374 6.20000538 0 P 0
L 23.14999434 9.20000446 23.44999374 9.20000446 0 P 0
L 23.14999434 10.700004 23.44999374 10.700004 0 P 0
L 23.14999434 16.70000216 23.44999374 16.70000216 0 P 0
L 23.14999434 18.2000017 23.44999374 18.2000017 0 P 0
L 23.14999434 19.70000124 23.44999374 19.70000124 0 P 0
L 23.14999434 21.20000078 23.44999374 21.20000078 0 P 0
L 23.14999942 7.99999924 23.44999882 7.99999924 0 P 0
L 23.15000196 0.80000094 23.45000136 0.80000094 0 P 0
L 23.15000196 1.89999874 23.45000136 1.89999874 0 P 0
L 23.26000174 4.16999928 24.35999954 4.16999928 0 P 0
L 23.29999404 6.05000568 23.29999404 6.35000508 0 P 0
L 23.29999404 9.05000476 23.29999404 9.35000416 0 P 0
L 23.29999404 10.5500043 23.29999404 10.8500037 0 P 0
L 23.29999404 16.55000246 23.29999404 16.85000186 0 P 0
L 23.29999404 18.050002 23.29999404 18.3500014 0 P 0
L 23.29999404 19.55000154 23.29999404 19.85000094 0 P 0
L 23.29999404 21.05000108 23.29999404 21.35000048 0 P 0
L 23.29999912 7.84999954 23.29999912 8.14999894 0 P 0
L 23.30000166 0.65000124 23.30000166 0.95000064 0 P 0
L 23.30000166 1.74999904 23.30000166 2.04999844 0 P 0
L 23.81000064 3.62000038 23.81000064 4.71999818 0 P 0
L 24.64999388 6.20000538 24.94999328 6.20000538 0 P 0
L 24.64999388 9.20000446 24.94999328 9.20000446 0 P 0
L 24.64999388 10.700004 24.94999328 10.700004 0 P 0
L 24.64999388 13.70000308 24.94999328 13.70000308 0 P 0
L 24.64999388 16.70000216 24.94999328 16.70000216 0 P 0
L 24.64999388 18.2000017 24.94999328 18.2000017 0 P 0
L 24.64999388 19.70000124 24.94999328 19.70000124 0 P 0
L 24.64999388 21.20000078 24.94999328 21.20000078 0 P 0
L 24.6500015 0.80000094 24.9500009 0.80000094 0 P 0
L 24.6500015 1.89999874 24.9500009 1.89999874 0 P 0
L 24.6500015 7.99999924 24.9500009 7.99999924 0 P 0
L 24.79999358 6.05000568 24.79999358 6.35000508 0 P 0
L 24.79999358 9.05000476 24.79999358 9.35000416 0 P 0
L 24.79999358 10.5500043 24.79999358 10.8500037 0 P 0
L 24.79999358 13.55000338 24.79999358 13.85000278 0 P 0
L 24.79999358 16.55000246 24.79999358 16.85000186 0 P 0
L 24.79999358 18.050002 24.79999358 18.3500014 0 P 0
L 24.79999358 19.55000154 24.79999358 19.85000094 0 P 0
L 24.79999358 21.05000108 24.79999358 21.35000048 0 P 0
L 24.8000012 0.65000124 24.8000012 0.95000064 0 P 0
L 24.8000012 1.74999904 24.8000012 2.04999844 0 P 0
L 24.8000012 7.84999954 24.8000012 8.14999894 0 P 0
L 25.6564003 11.4046 25.9563997 11.4046 0 P 0
L 25.80000174 4.16999928 26.89999954 4.16999928 0 P 0
L 25.8064 11.2546003 25.8064 11.5545997 0 P 0
L 26.14999342 6.20000538 26.44999282 6.20000538 0 P 0
L 26.14999342 9.20000446 26.44999282 9.20000446 0 P 0
L 26.14999342 12.20000354 26.44999282 12.20000354 0 P 0
L 26.14999342 16.70000216 26.44999282 16.70000216 0 P 0
L 26.14999342 18.2000017 26.44999282 18.2000017 0 P 0
L 26.14999342 19.70000124 26.44999282 19.70000124 0 P 0
L 26.14999342 21.20000078 26.44999282 21.20000078 0 P 0
L 26.15000104 0.80000094 26.45000044 0.80000094 0 P 0
L 26.15000104 1.89999874 26.45000044 1.89999874 0 P 0
L 26.15000104 7.99999924 26.45000044 7.99999924 0 P 0
L 26.29999312 6.05000568 26.29999312 6.35000508 0 P 0
L 26.29999312 9.05000476 26.29999312 9.35000416 0 P 0
L 26.29999312 12.05000384 26.29999312 12.35000324 0 P 0
L 26.29999312 16.55000246 26.29999312 16.85000186 0 P 0
L 26.29999312 18.050002 26.29999312 18.3500014 0 P 0
L 26.29999312 19.55000154 26.29999312 19.85000094 0 P 0
L 26.29999312 21.05000108 26.29999312 21.35000048 0 P 0
L 26.30000074 0.65000124 26.30000074 0.95000064 0 P 0
L 26.30000074 1.74999904 26.30000074 2.04999844 0 P 0
L 26.30000074 7.84999954 26.30000074 8.14999894 0 P 0
L 26.35000064 3.62000038 26.35000064 4.71999818 0 P 0
L 26.45000044 13.60000074 26.74999984 13.60000074 0 P 0
L 26.60000014 13.45000104 26.60000014 13.75000044 0 P 0
L 27.64999296 6.20000538 27.94999236 6.20000538 0 P 0
L 27.64999296 9.20000446 27.94999236 9.20000446 0 P 0
L 27.64999296 16.70000216 27.94999236 16.70000216 0 P 0
L 27.64999296 19.70000124 27.94999236 19.70000124 0 P 0
L 27.64999296 21.20000078 27.94999236 21.20000078 0 P 0
L 27.65000058 0.80000094 27.94999998 0.80000094 0 P 0
L 27.65000058 1.89999874 27.94999998 1.89999874 0 P 0
L 27.79999266 6.05000568 27.79999266 6.35000508 0 P 0
L 27.79999266 9.05000476 27.79999266 9.35000416 0 P 0
L 27.79999266 16.55000246 27.79999266 16.85000186 0 P 0
L 27.79999266 19.55000154 27.79999266 19.85000094 0 P 0
L 27.79999266 21.05000108 27.79999266 21.35000048 0 P 0
L 27.80000028 0.65000124 27.80000028 0.95000064 0 P 0
L 27.80000028 1.74999904 27.80000028 2.04999844 0 P 0
L 28.34000174 4.16999928 29.43999954 4.16999928 0 P 0
L 28.65000112 12.9999994 28.95000052 12.9999994 0 P 0
L 28.80000082 12.8499997 28.80000082 13.1499991 0 P 0
L 28.89000064 3.62000038 28.89000064 4.71999818 0 P 0
L 29.1499925 6.20000538 29.4499919 6.20000538 0 P 0
L 29.1499925 9.20000446 29.4499919 9.20000446 0 P 0
L 29.1499925 16.70000216 29.4499919 16.70000216 0 P 0
L 29.1499925 19.70000124 29.4499919 19.70000124 0 P 0
L 29.1499925 21.20000078 29.4499919 21.20000078 0 P 0
L 29.15000012 0.80000094 29.44999952 0.80000094 0 P 0
L 29.15000012 1.89999874 29.44999952 1.89999874 0 P 0
L 29.2999922 6.05000568 29.2999922 6.35000508 0 P 0
L 29.2999922 9.05000476 29.2999922 9.35000416 0 P 0
L 29.2999922 16.55000246 29.2999922 16.85000186 0 P 0
L 29.2999922 19.55000154 29.2999922 19.85000094 0 P 0
L 29.2999922 21.05000108 29.2999922 21.35000048 0 P 0
L 29.29999982 0.65000124 29.29999982 0.95000064 0 P 0
L 29.29999982 1.74999904 29.29999982 2.04999844 0 P 0
L 30.64999204 3.2000063 30.94999144 3.2000063 0 P 0
L 30.64999204 6.20000538 30.94999144 6.20000538 0 P 0
L 30.64999204 9.20000446 30.94999144 9.20000446 0 P 0
L 30.64999204 10.700004 30.94999144 10.700004 0 P 0
L 30.64999204 12.20000354 30.94999144 12.20000354 0 P 0
L 30.64999204 16.70000216 30.94999144 16.70000216 0 P 0
L 30.64999204 18.2000017 30.94999144 18.2000017 0 P 0
L 30.64999204 19.70000124 30.94999144 19.70000124 0 P 0
L 30.64999204 21.20000078 30.94999144 21.20000078 0 P 0
L 30.6500022 0.80000094 30.9500016 0.80000094 0 P 0
L 30.6500022 1.89999874 30.9500016 1.89999874 0 P 0
L 30.79999174 3.0500066 30.79999174 3.350006 0 P 0
L 30.79999174 6.05000568 30.79999174 6.35000508 0 P 0
L 30.79999174 9.05000476 30.79999174 9.35000416 0 P 0
L 30.79999174 10.5500043 30.79999174 10.8500037 0 P 0
L 30.79999174 12.05000384 30.79999174 12.35000324 0 P 0
L 30.79999174 16.55000246 30.79999174 16.85000186 0 P 0
L 30.79999174 18.050002 30.79999174 18.3500014 0 P 0
L 30.79999174 19.55000154 30.79999174 19.85000094 0 P 0
L 30.79999174 21.05000108 30.79999174 21.35000048 0 P 0
L 30.8000019 0.65000124 30.8000019 0.95000064 0 P 0
L 30.8000019 1.74999904 30.8000019 2.04999844 0 P 0
L 32.14999158 3.2000063 32.44999098 3.2000063 0 P 0
L 32.14999158 4.70000584 32.44999098 4.70000584 0 P 0
L 32.14999158 9.20000446 32.44999098 9.20000446 0 P 0
L 32.14999158 10.700004 32.44999098 10.700004 0 P 0
L 32.14999158 12.20000354 32.44999098 12.20000354 0 P 0
L 32.14999158 15.20000262 32.44999098 15.20000262 0 P 0
L 32.14999158 16.70000216 32.44999098 16.70000216 0 P 0
L 32.14999158 18.2000017 32.44999098 18.2000017 0 P 0
L 32.14999158 19.70000124 32.44999098 19.70000124 0 P 0
L 32.14999158 21.20000078 32.44999098 21.20000078 0 P 0
L 32.29999128 3.0500066 32.29999128 3.350006 0 P 0
L 32.29999128 4.55000614 32.29999128 4.85000554 0 P 0
L 32.29999128 9.05000476 32.29999128 9.35000416 0 P 0
L 32.29999128 10.5500043 32.29999128 10.8500037 0 P 0
L 32.29999128 12.05000384 32.29999128 12.35000324 0 P 0
L 32.29999128 15.05000292 32.29999128 15.35000232 0 P 0
L 32.29999128 16.55000246 32.29999128 16.85000186 0 P 0
L 32.29999128 18.050002 32.29999128 18.3500014 0 P 0
L 32.29999128 19.55000154 32.29999128 19.85000094 0 P 0
L 32.29999128 21.05000108 32.29999128 21.35000048 0 P 0
L 33.64999112 3.2000063 33.94999052 3.2000063 0 P 0
L 33.64999112 4.70000584 33.94999052 4.70000584 0 P 0
L 33.64999112 6.20000538 33.94999052 6.20000538 0 P 0
L 33.64999112 9.20000446 33.94999052 9.20000446 0 P 0
L 33.64999112 10.700004 33.94999052 10.700004 0 P 0
L 33.64999112 15.20000262 33.94999052 15.20000262 0 P 0
L 33.64999112 16.70000216 33.94999052 16.70000216 0 P 0
L 33.64999112 18.2000017 33.94999052 18.2000017 0 P 0
L 33.64999112 19.70000124 33.94999052 19.70000124 0 P 0
L 33.64999112 21.20000078 33.94999052 21.20000078 0 P 0
L 33.79999082 3.0500066 33.79999082 3.350006 0 P 0
L 33.79999082 4.55000614 33.79999082 4.85000554 0 P 0
L 33.79999082 6.05000568 33.79999082 6.35000508 0 P 0
L 33.79999082 9.05000476 33.79999082 9.35000416 0 P 0
L 33.79999082 10.5500043 33.79999082 10.8500037 0 P 0
L 33.79999082 15.05000292 33.79999082 15.35000232 0 P 0
L 33.79999082 16.55000246 33.79999082 16.85000186 0 P 0
L 33.79999082 18.050002 33.79999082 18.3500014 0 P 0
L 33.79999082 19.55000154 33.79999082 19.85000094 0 P 0
L 33.79999082 21.05000108 33.79999082 21.35000048 0 P 0
L 35.14999066 3.2000063 35.44999006 3.2000063 0 P 0
L 35.14999066 4.70000584 35.44999006 4.70000584 0 P 0
L 35.14999066 6.20000538 35.44999006 6.20000538 0 P 0
L 35.14999066 12.20000354 35.44999006 12.20000354 0 P 0
L 35.14999066 15.20000262 35.44999006 15.20000262 0 P 0
L 35.14999066 16.70000216 35.44999006 16.70000216 0 P 0
L 35.14999066 18.2000017 35.44999006 18.2000017 0 P 0
L 35.14999066 19.70000124 35.44999006 19.70000124 0 P 0
L 35.14999066 21.20000078 35.44999006 21.20000078 0 P 0
L 35.15000082 0.80000094 35.45000022 0.80000094 0 P 0
L 35.15000082 1.89999874 35.45000022 1.89999874 0 P 0
L 35.29999036 3.0500066 35.29999036 3.350006 0 P 0
L 35.29999036 4.55000614 35.29999036 4.85000554 0 P 0
L 35.29999036 6.05000568 35.29999036 6.35000508 0 P 0
L 35.29999036 12.05000384 35.29999036 12.35000324 0 P 0
L 35.29999036 15.05000292 35.29999036 15.35000232 0 P 0
L 35.29999036 16.55000246 35.29999036 16.85000186 0 P 0
L 35.29999036 18.050002 35.29999036 18.3500014 0 P 0
L 35.29999036 19.55000154 35.29999036 19.85000094 0 P 0
L 35.29999036 21.05000108 35.29999036 21.35000048 0 P 0
L 35.30000052 0.65000124 35.30000052 0.95000064 0 P 0
L 35.30000052 1.74999904 35.30000052 2.04999844 0 P 0
L 35.6132003 10.1854 35.9131997 10.1854 0 P 0
L 35.7632 10.0354003 35.7632 10.3353997 0 P 0
L 35.98649902 6.41999732 36.9814983 6.41999732 0 P 0
L 36.48399866 5.92249768 36.48399866 6.91749696 0 P 0
L 36.600003 2.50000008 38.3999994 2.50000008 0 P 0
L 36.6499902 4.70000584 36.9499896 4.70000584 0 P 0
L 36.6499902 12.20000354 36.9499896 12.20000354 0 P 0
L 36.6499902 15.20000262 36.9499896 15.20000262 0 P 0
L 36.6499902 16.70000216 36.9499896 16.70000216 0 P 0
L 36.6499902 18.2000017 36.9499896 18.2000017 0 P 0
L 36.6499902 19.70000124 36.9499896 19.70000124 0 P 0
L 36.6499902 21.20000078 36.9499896 21.20000078 0 P 0
L 36.7999899 4.55000614 36.7999899 4.85000554 0 P 0
L 36.7999899 12.05000384 36.7999899 12.35000324 0 P 0
L 36.7999899 15.05000292 36.7999899 15.35000232 0 P 0
L 36.7999899 16.55000246 36.7999899 16.85000186 0 P 0
L 36.7999899 18.050002 36.7999899 18.3500014 0 P 0
L 36.7999899 19.55000154 36.7999899 19.85000094 0 P 0
L 36.7999899 21.05000108 36.7999899 21.35000048 0 P 0
L 37.00249902 11.49999732 37.9974983 11.49999732 0 P 0
L 37.49999866 11.00249768 37.49999866 11.99749696 0 P 0
L 37.5000012 1.60000188 37.5000012 3.39999828 0 P 0
L 38.01849902 6.41999732 39.0134983 6.41999732 0 P 0
L 38.14998974 4.70000584 38.44998914 4.70000584 0 P 0
L 38.14998974 15.20000262 38.44998914 15.20000262 0 P 0
L 38.14998974 16.70000216 38.44998914 16.70000216 0 P 0
L 38.14998974 18.2000017 38.44998914 18.2000017 0 P 0
L 38.14998974 19.70000124 38.44998914 19.70000124 0 P 0
L 38.14998974 21.20000078 38.44998914 21.20000078 0 P 0
L 38.29998944 4.55000614 38.29998944 4.85000554 0 P 0
L 38.29998944 15.05000292 38.29998944 15.35000232 0 P 0
L 38.29998944 16.55000246 38.29998944 16.85000186 0 P 0
L 38.29998944 18.050002 38.29998944 18.3500014 0 P 0
L 38.29998944 19.55000154 38.29998944 19.85000094 0 P 0
L 38.29998944 21.05000108 38.29998944 21.35000048 0 P 0
L 38.51599866 5.92249768 38.51599866 6.91749696 0 P 0
L 38.5850003 10.8966 38.8849997 10.8966 0 P 0
L 38.735 10.7466003 38.735 11.0465997 0 P 0
L 39.05000064 7.69999984 39.35000004 7.69999984 0 P 0
L 39.05000064 13.70000054 39.35000004 13.70000054 0 P 0
L 39.05000064 15.20000008 39.35000004 15.20000008 0 P 0
L 39.05000064 16.69999962 39.35000004 16.69999962 0 P 0
L 39.05000064 18.19999916 39.35000004 18.19999916 0 P 0
L 39.05000064 19.70000124 39.35000004 19.70000124 0 P 0
L 39.05000064 21.20000078 39.35000004 21.20000078 0 P 0
L 39.1692003 8.9662 39.4691997 8.9662 0 P 0
L 39.20000034 7.55000014 39.20000034 7.84999954 0 P 0
L 39.20000034 13.55000084 39.20000034 13.85000024 0 P 0
L 39.20000034 15.05000038 39.20000034 15.34999978 0 P 0
L 39.20000034 16.54999992 39.20000034 16.84999932 0 P 0
L 39.20000034 18.04999946 39.20000034 18.34999886 0 P 0
L 39.20000034 19.55000154 39.20000034 19.85000094 0 P 0
L 39.20000034 21.05000108 39.20000034 21.35000048 0 P 0
L 39.3192 8.8162003 39.3192 9.1161997 0 P 0
