UNITS=MM
#Layer_Color=16711935
#
#Feature symbol names
#
$0 r49.9999
$1 r99.9998

#
#Feature attribute names
#

#
#Layer features
#
A 4.38900062 10.00000032 4.38900062 10.00000032 3.50000062 10.00000032 0 P 0 N
A 19.3890011 10.00000032 19.3890011 10.00000032 18.5000011 10.00000032 0 P 0 N
L 0.50000154 19.4499992 0.50000154 20.54999954 0 P 0
L 0.50000154 19.4499992 1.10000034 19.4499992 0 P 0
L 0.50000154 20.54999954 1.10000034 20.54999954 0 P 0
L 0.84000086 0.17999964 0.84000086 2.71999964 1 P 0
L 0.84000086 0.17999964 21.16000086 0.17999964 1 P 0
L 0.84000086 2.71999964 21.16000086 2.71999964 1 P 0
L 1.10000034 19.4499992 1.10000034 20.54999954 0 P 0
L 1.29999994 19.45000174 1.29999994 20.55000208 0 P 0
L 1.29999994 19.45000174 1.89999874 19.45000174 0 P 0
L 1.29999994 20.55000208 1.89999874 20.55000208 0 P 0
L 1.49999954 13.75000044 1.49999954 16.25000052 0 P 0
L 1.49999954 13.75000044 5.5000017 13.75000044 0 P 0
L 1.49999954 16.25000052 2.64999978 16.25000052 0 P 0
L 1.89999874 19.45000174 1.89999874 20.55000208 0 P 0
L 2.10000088 19.45000174 2.10000088 20.55000208 0 P 0
L 2.10000088 19.45000174 2.69999968 19.45000174 0 P 0
L 2.10000088 20.55000208 2.69999968 20.55000208 0 P 0
L 2.64999978 16.25000052 2.6501725 16.24991416 0 P 0
L 2.6501725 16.24991416 4.35000146 16.25000052 0 P 0
L 2.69999968 19.45000174 2.69999968 20.55000208 0 P 0
L 2.90000182 19.45000174 2.90000182 20.55000208 0 P 0
L 2.90000182 19.45000174 3.50000062 19.45000174 0 P 0
L 2.90000182 20.55000208 3.50000062 20.55000208 0 P 0
L 3.10008016 16.69999454 3.10008016 17.29998572 0 P 0
L 3.10008016 16.69999454 3.9000811 16.69999454 0 P 0
L 3.10008016 17.29998572 3.9000811 17.29998572 0 P 0
L 3.50000062 19.45000174 3.50000062 20.55000208 0 P 0
L 3.70000022 19.45000174 3.70000022 20.55000208 0 P 0
L 3.70000022 19.45000174 4.29999902 19.45000174 0 P 0
L 3.70000022 20.55000208 4.29999902 20.55000208 0 P 0
L 3.9000811 16.69999454 3.9000811 17.29998572 0 P 0
L 4.29999902 19.45000174 4.29999902 20.55000208 0 P 0
L 4.35000146 16.25000052 5.5000017 16.25000052 0 P 0
L 4.50000116 19.45000174 4.50000116 20.55000208 0 P 0
L 4.50000116 19.45000174 5.09999996 19.45000174 0 P 0
L 4.50000116 20.55000208 5.09999996 20.55000208 0 P 0
L 5.09999996 19.45000174 5.09999996 20.55000208 0 P 0
L 5.29999956 19.45000174 5.29999956 20.55000208 0 P 0
L 5.29999956 19.45000174 5.89999836 19.45000174 0 P 0
L 5.29999956 20.55000208 5.89999836 20.55000208 0 P 0
L 5.5000017 13.75000044 5.5000017 16.25000052 0 P 0
L 5.89999836 19.45000174 5.89999836 20.55000208 0 P 0
L 6.1000005 19.45000174 6.1000005 20.55000208 0 P 0
L 6.1000005 19.45000174 6.6999993 19.45000174 0 P 0
L 6.1000005 20.55000208 6.6999993 20.55000208 0 P 0
L 6.6999993 19.45000174 6.6999993 20.55000208 0 P 0
L 7.15000094 19.10000244 7.15000094 20.90000392 1 P 0
L 7.15000094 19.10000244 8.25000128 19.10000244 1 P 0
L 7.15000094 20.90000392 8.25000128 20.90000392 1 P 0
L 7.24981532 30.29984796 7.24981532 39.79984674 0 P 0
L 7.24981532 30.29984796 14.74981556 30.29984796 0 P 0
L 7.24981532 39.79999914 14.75000098 39.79999914 0 P 0
L 7.87499822 29.00000042 7.87499822 29.59999922 0 P 0
L 7.87499822 29.00000042 8.97499856 29.00000042 0 P 0
L 7.87499822 29.59999922 8.97499856 29.59999922 0 P 0
L 8.25000128 19.10000244 8.25000128 20.90000392 1 P 0
L 8.97499856 29.00000042 8.97499856 29.59999922 0 P 0
L 9.09999958 19.4499992 9.09999958 20.54999954 0 P 0
L 9.09999958 19.4499992 9.69999838 19.4499992 0 P 0
L 9.09999958 20.54999954 9.69999838 20.54999954 0 P 0
L 9.69999838 19.4499992 9.69999838 20.54999954 0 P 0
L 9.90000052 19.4499992 9.90000052 20.54999954 0 P 0
L 9.90000052 19.4499992 10.49999932 19.4499992 0 P 0
L 9.90000052 20.54999954 10.49999932 20.54999954 0 P 0
L 9.95000042 13.3999986 9.95000042 15.49999948 0 P 0
L 9.95000042 13.3999986 12.0500013 13.3999986 0 P 0
L 9.95000042 15.49999948 12.0500013 15.49999948 0 P 0
L 10.49999932 19.4499992 10.49999932 20.54999954 0 P 0
L 10.69999892 19.4499992 10.69999892 20.54999954 0 P 0
L 10.69999892 19.4499992 11.29999772 19.4499992 0 P 0
L 10.69999892 20.54999954 11.29999772 20.54999954 0 P 0
L 11.29999772 19.4499992 11.29999772 20.54999954 0 P 0
L 11.49999986 19.4499992 11.49999986 20.54999954 0 P 0
L 11.49999986 19.4499992 12.09999866 19.4499992 0 P 0
L 11.49999986 20.54999954 12.09999866 20.54999954 0 P 0
L 12.0500013 13.3999986 12.0500013 15.49999948 0 P 0
L 12.09999866 19.4499992 12.09999866 20.54999954 0 P 0
L 12.3000008 19.4499992 12.3000008 20.54999954 0 P 0
L 12.3000008 19.4499992 12.8999996 19.4499992 0 P 0
L 12.3000008 20.54999954 12.8999996 20.54999954 0 P 0
L 12.8999996 19.4499992 12.8999996 20.54999954 0 P 0
L 13.75000044 19.10000244 13.75000044 20.90000392 1 P 0
L 13.75000044 19.10000244 14.85000078 19.10000244 1 P 0
L 13.75000044 20.90000392 14.85000078 20.90000392 1 P 0
L 14.75000098 30.29984796 14.75000098 39.79999914 0 P 0
L 14.85000078 19.10000244 14.85000078 20.90000392 1 P 0
L 15.17499886 30.1249969 15.17499886 33.42499792 0 P 0
L 15.17499886 30.1249969 16.7749982 30.1249969 0 P 0
L 15.17499886 33.42499792 16.7749982 33.42499792 0 P 0
L 15.29999988 19.45000174 15.29999988 20.55000208 0 P 0
L 15.29999988 19.45000174 15.89999868 19.45000174 0 P 0
L 15.29999988 20.55000208 15.89999868 20.55000208 0 P 0
L 15.875 28.8749994 15.875 29.4749982 0 P 0
L 15.875 28.8749994 16.97500034 28.8749994 0 P 0
L 15.875 29.4749982 16.97500034 29.4749982 0 P 0
L 15.875 34.0250018 15.875 34.6250006 0 P 0
L 15.875 34.0250018 16.97500034 34.0250018 0 P 0
L 15.875 34.6250006 16.97500034 34.6250006 0 P 0
L 15.89999868 19.45000174 15.89999868 20.55000208 0 P 0
L 16.50000002 13.75000044 16.50000002 16.25000052 0 P 0
L 16.50000002 13.75000044 17.65000026 13.75000044 0 P 0
L 16.50000002 16.25000052 20.50000218 16.25000052 0 P 0
L 16.7749982 30.1249969 16.7749982 33.42499792 0 P 0
L 16.97500034 28.8749994 16.97500034 29.4749982 0 P 0
L 16.97500034 34.0250018 16.97500034 34.6250006 0 P 0
L 17.65000026 13.75000044 19.34982922 13.7500868 0 P 0
L 18.09992062 16.70001232 18.09992062 17.3000035 0 P 0
L 18.09992062 16.70001232 18.89992156 16.70001232 0 P 0
L 18.09992062 17.3000035 18.89992156 17.3000035 0 P 0
L 18.89992156 16.70001232 18.89992156 17.3000035 0 P 0
L 19.34982922 13.7500868 19.35000194 13.75000044 0 P 0
L 19.35000194 13.75000044 20.50000218 13.75000044 0 P 0
L 20.50000218 13.75000044 20.50000218 16.25000052 0 P 0
L 21.16000086 0.17999964 21.16000086 2.71999964 1 P 0
