UNITS=MM
#Layer_Color=16711935
#
#Feature symbol names
#
$0 r49.9999
$1 r99.9998

#
#Feature attribute names
#

#
#Layer features
#
A 3.38900008 2.50000008 3.38900008 2.50000008 2.50000008 2.50000008 0 P 0 N
A 38.3890012 2.50000008 38.3890012 2.50000008 37.5000012 2.50000008 0 P 0 N
L 3.02500284 10.14999748 3.02500284 12.64999756 0 P 0
L 3.02500284 10.14999748 4.17500308 10.14999748 0 P 0
L 3.02500284 12.64999756 7.025005 12.64999756 0 P 0
L 3.0750002 16.54999992 3.0750002 19.05 0 P 0
L 3.0750002 16.54999992 4.22500044 16.54999992 0 P 0
L 3.0750002 19.05 7.07500236 19.05 0 P 0
L 4.17500308 10.14999748 5.87483204 10.15008384 0 P 0
L 4.22500044 16.54999992 5.9248294 16.55008628 0 P 0
L 5.87483204 10.15008384 5.87500476 10.14999748 0 P 0
L 5.87500476 10.14999748 7.025005 10.14999748 0 P 0
L 5.9248294 16.55008628 5.92500212 16.54999992 0 P 0
L 5.92500212 16.54999992 7.07500236 16.54999992 0 P 0
L 7.025005 10.14999748 7.025005 12.64999756 0 P 0
L 7.07500236 16.54999992 7.07500236 19.05 0 P 0
L 7.9999967 16.9749216 7.9999967 17.77492254 0 P 0
L 7.9999967 16.9749216 8.59998788 16.9749216 0 P 0
L 7.9999967 17.77492254 8.59998788 17.77492254 0 P 0
L 8.12499772 10.57491662 8.12499772 11.37491756 0 P 0
L 8.12499772 10.57491662 8.7249889 10.57491662 0 P 0
L 8.12499772 11.37491756 8.7249889 11.37491756 0 P 0
L 8.59998788 16.9749216 8.59998788 17.77492254 0 P 0
L 8.7249889 10.57491662 8.7249889 11.37491756 0 P 0
L 9.84000064 0.12999974 9.84000064 2.66999974 1 P 0
L 9.84000064 0.12999974 30.16000064 0.12999974 1 P 0
L 9.84000064 2.66999974 30.16000064 2.66999974 1 P 0
L 13.14999656 13.01000192 13.14999656 13.56000082 1 P 0
L 13.14999656 13.01000192 14.199997 13.01000192 1 P 0
L 13.14999656 13.56000082 14.199997 13.56000082 1 P 0
L 13.14999656 18.41000128 13.14999656 18.96000018 1 P 0
L 13.14999656 18.41000128 14.199997 18.41000128 1 P 0
L 13.14999656 18.96000018 14.199997 18.96000018 1 P 0
L 13.32499748 14.33500054 13.32499748 17.63500156 0 P 0
L 13.32499748 14.33500054 14.92499682 14.33500054 0 P 0
L 13.32499748 17.63500156 14.92499682 17.63500156 0 P 0
L 14.199997 13.01000192 14.199997 13.56000082 1 P 0
L 14.199997 18.41000128 14.199997 18.96000018 1 P 0
L 14.92499682 14.33500054 14.92499682 17.63500156 0 P 0
L 15.60000182 19.05000254 15.60000182 20.15000288 0 P 0
L 15.60000182 19.05000254 16.20000062 19.05000254 0 P 0
L 15.60000182 20.15000288 16.20000062 20.15000288 0 P 0
L 16.20000062 19.05000254 16.20000062 20.15000288 0 P 0
L 16.75000206 13.0999992 16.75000206 19.5999989 0 P 0
L 16.75000206 13.0999992 23.25000176 13.0999992 0 P 0
L 16.75000206 19.5999989 23.25000176 19.5999989 0 P 0
L 20.84999894 7.89999944 20.84999894 8.49999824 0 P 0
L 20.84999894 7.89999944 21.94999928 7.89999944 0 P 0
L 20.84999894 8.49999824 21.94999928 8.49999824 0 P 0
L 20.84999894 9.09999958 20.84999894 9.69999838 0 P 0
L 20.84999894 9.09999958 21.94999928 9.09999958 0 P 0
L 20.84999894 9.69999838 21.94999928 9.69999838 0 P 0
L 21.94999928 7.89999944 21.94999928 8.49999824 0 P 0
L 21.94999928 9.09999958 21.94999928 9.69999838 0 P 0
L 22.94999982 7.74999974 22.94999982 9.85000062 0 P 0
L 22.94999982 7.74999974 25.0500007 7.74999974 0 P 0
L 22.94999982 9.85000062 25.0500007 9.85000062 0 P 0
L 23.25000176 13.0999992 23.25000176 19.5999989 0 P 0
L 25.0500007 7.74999974 25.0500007 9.85000062 0 P 0
L 26.00000134 9.15000202 26.00000134 10.25000236 0 P 0
L 26.00000134 9.15000202 26.60000014 9.15000202 0 P 0
L 26.00000134 10.25000236 26.60000014 10.25000236 0 P 0
L 26.60000014 9.15000202 26.60000014 10.25000236 0 P 0
L 30.16000064 0.12999974 30.16000064 2.66999974 1 P 0
