UNITS=MM
#Layer_Color=16711935
#
#Feature symbol names
#
$0 r49.9999
$1 r99.9998

#
#Feature attribute names
#

#
#Layer features
#
A 3.38900008 2.50000008 3.38900008 2.50000008 2.50000008 2.50000008 0 P 0 N
A 38.3890012 2.50000008 38.3890012 2.50000008 37.5000012 2.50000008 0 P 0 N
L 7.05000114 7.4999977 7.05000114 11.49999986 0 P 0
L 7.05000114 7.4999977 9.55000122 7.4999977 0 P 0
L 7.05000114 11.49999986 9.55000122 11.49999986 0 P 0
L 9.54991486 10.3498269 9.55000122 8.64999794 0 P 0
L 9.54991486 10.3498269 9.55000122 10.34999962 0 P 0
L 9.55000122 7.4999977 9.55000122 8.64999794 0 P 0
L 9.55000122 10.34999962 9.55000122 11.49999986 0 P 0
L 9.84000064 0.12999974 9.84000064 2.66999974 1 P 0
L 9.84000064 0.12999974 30.16000064 0.12999974 1 P 0
L 9.84000064 2.66999974 30.16000064 2.66999974 1 P 0
L 10.09999504 10.39991824 10.09999504 11.19991918 0 P 0
L 10.09999504 10.39991824 10.69998622 10.39991824 0 P 0
L 10.09999504 11.19991918 10.69998622 11.19991918 0 P 0
L 10.69998622 10.39991824 10.69998622 11.19991918 0 P 0
L 15.00000048 6.8999989 15.00000048 21.89999938 1 P 0
L 15.00000048 6.8999989 25.0000008 6.8999989 1 P 0
L 15.00000048 21.89999938 25.0000008 21.89999938 1 P 0
L 25.0000008 6.8999989 25.0000008 21.89999938 1 P 0
L 25.866598 17.41860372 25.866598 18.01860506 1 P 0
L 25.866598 17.41860372 26.96659834 17.41860372 1 P 0
L 25.866598 18.01860506 26.96659834 18.01860506 1 P 0
L 25.87660052 16.21860104 25.87660052 16.81860238 1 P 0
L 25.87660052 16.21860104 26.97660086 16.21860104 1 P 0
L 25.87660052 16.81860238 26.97660086 16.81860238 1 P 0
L 26.20000348 8.55000322 26.20000348 11.85000424 0 P 0
L 26.20000348 8.55000322 27.80000282 8.55000322 0 P 0
L 26.20000348 11.85000424 27.80000282 11.85000424 0 P 0
L 26.96659834 17.41860372 26.96659834 18.01860506 1 P 0
L 26.9750032 7.12500226 26.9750032 7.67500116 1 P 0
L 26.9750032 7.12500226 28.02500364 7.12500226 1 P 0
L 26.9750032 7.67500116 28.02500364 7.67500116 1 P 0
L 26.9750032 12.72500122 26.9750032 13.27500012 1 P 0
L 26.9750032 12.72500122 28.02500364 12.72500122 1 P 0
L 26.9750032 13.27500012 28.02500364 13.27500012 1 P 0
L 26.97660086 16.21860104 26.97660086 16.81860238 1 P 0
L 27.80000282 8.55000322 27.80000282 11.85000424 0 P 0
L 28.02500364 7.12500226 28.02500364 7.67500116 1 P 0
L 28.02500364 12.72500122 28.02500364 13.27500012 1 P 0
L 30.16000064 0.12999974 30.16000064 2.66999974 1 P 0
L 31.64999766 14.70000108 31.64999766 15.29999988 0 P 0
L 31.64999766 14.70000108 32.749998 14.70000108 0 P 0
L 31.64999766 15.29999988 32.749998 15.29999988 0 P 0
L 32.749998 14.70000108 32.749998 15.29999988 0 P 0
L 33.64999874 14.44999904 33.64999874 16.54999992 0 P 0
L 33.64999874 14.44999904 35.74999962 14.44999904 0 P 0
L 33.64999874 16.54999992 35.74999962 16.54999992 0 P 0
L 33.89999316 10.29992098 33.89999316 11.09992192 0 P 0
L 33.89999316 10.29992098 34.49998434 10.29992098 0 P 0
L 33.89999316 11.09992192 34.49998434 11.09992192 0 P 0
L 34.49998434 10.29992098 34.49998434 11.09992192 0 P 0
L 35.05000356 7.39999536 35.05000356 11.39999752 0 P 0
L 35.05000356 7.39999536 37.55000364 7.39999536 0 P 0
L 35.05000356 11.39999752 37.55000364 11.39999752 0 P 0
L 35.74999962 14.44999904 35.74999962 16.54999992 0 P 0
L 36.65000036 15.80000142 36.65000036 16.40000022 0 P 0
L 36.65000036 15.80000142 37.7500007 15.80000142 0 P 0
L 36.65000036 16.40000022 37.7500007 16.40000022 0 P 0
L 36.65000544 14.79999834 36.65000544 15.39999714 0 P 0
L 36.65000544 14.79999834 37.75000578 14.79999834 0 P 0
L 36.65000544 15.39999714 37.75000578 15.39999714 0 P 0
L 37.54991728 10.24982456 37.55000364 8.5499956 0 P 0
L 37.54991728 10.24982456 37.55000364 10.24999728 0 P 0
L 37.55000364 7.39999536 37.55000364 8.5499956 0 P 0
L 37.55000364 10.24999728 37.55000364 11.39999752 0 P 0
L 37.7500007 15.80000142 37.7500007 16.40000022 0 P 0
L 37.75000578 14.79999834 37.75000578 15.39999714 0 P 0
