UNITS=MM
#Layer_Color=16711935
#
#Feature symbol names
#
$0 r49.9999
$1 r99.9998

#
#Feature attribute names
#

#
#Layer features
#
A 3.38900008 2.50000008 3.38900008 2.50000008 2.50000008 2.50000008 0 P 0 N
A 38.3890012 2.50000008 38.3890012 2.50000008 37.5000012 2.50000008 0 P 0 N
L 5.99999816 8.30000118 5.99999816 10.80000126 0 P 0
L 5.99999816 8.30000118 7.1499984 8.30000118 0 P 0
L 5.99999816 10.80000126 10.00000032 10.80000126 0 P 0
L 7.1499984 8.30000118 8.84982736 8.30008754 0 P 0
L 8.84982736 8.30008754 8.85000008 8.30000118 0 P 0
L 8.85000008 8.30000118 10.00000032 8.30000118 0 P 0
L 9.84000064 0.12999974 9.84000064 2.66999974 1 P 0
L 9.84000064 0.12999974 30.16000064 0.12999974 1 P 0
L 9.84000064 2.66999974 30.16000064 2.66999974 1 P 0
L 10.00000032 8.30000118 10.00000032 10.80000126 0 P 0
L 10.75001406 9.57507864 10.75001406 10.37507958 0 P 0
L 10.75001406 9.57507864 11.35000524 9.57507864 0 P 0
L 10.75001406 10.37507958 11.35000524 10.37507958 0 P 0
L 11.35000524 9.57507864 11.35000524 10.37507958 0 P 0
L 16.8001696 13.20015394 16.8001696 21.8501341 0 P 0
L 16.8001696 13.20015394 23.2001695 13.20015394 0 P 0
L 16.8001696 21.85015442 23.2001568 21.85015442 0 P 0
L 20.92499752 11.07500198 20.92499752 12.67500132 0 P 0
L 20.92499752 11.07500198 24.22499854 11.07500198 0 P 0
L 20.92499752 12.67500132 24.22499854 12.67500132 0 P 0
L 21.10000098 9.72500214 21.10000098 10.32500094 0 P 0
L 21.10000098 9.72500214 22.20000132 9.72500214 0 P 0
L 21.10000098 10.32500094 22.20000132 10.32500094 0 P 0
L 22.20000132 9.72500214 22.20000132 10.32500094 0 P 0
L 22.9749985 9.72500214 22.9749985 10.32500094 0 P 0
L 22.9749985 9.72500214 24.07499884 9.72500214 0 P 0
L 22.9749985 10.32500094 24.07499884 10.32500094 0 P 0
L 23.2001695 13.20015394 23.2001695 21.8501341 0 P 0
L 23.85000056 13.80000034 23.85000056 14.39999914 0 P 0
L 23.85000056 13.80000034 24.9500009 13.80000034 0 P 0
L 23.85000056 14.39999914 24.9500009 14.39999914 0 P 0
L 24.07499884 9.72500214 24.07499884 10.32500094 0 P 0
L 24.22499854 11.07500198 24.22499854 12.67500132 0 P 0
L 24.9500009 13.80000034 24.9500009 14.39999914 0 P 0
L 26.89999954 13.40000114 26.89999954 13.99999994 0 P 0
L 26.89999954 13.40000114 27.99999988 13.40000114 0 P 0
L 26.89999954 13.99999994 27.99999988 13.99999994 0 P 0
L 26.89999954 14.50000148 26.89999954 15.10000028 0 P 0
L 26.89999954 14.50000148 27.99999988 14.50000148 0 P 0
L 26.89999954 15.10000028 27.99999988 15.10000028 0 P 0
L 27.99999988 13.40000114 27.99999988 13.99999994 0 P 0
L 27.99999988 14.50000148 27.99999988 15.10000028 0 P 0
L 28.42499776 9.57007992 28.42499776 10.37008086 0 P 0
L 28.42499776 9.57007992 29.02498894 9.57007992 0 P 0
L 28.42499776 10.37008086 29.02498894 10.37008086 0 P 0
L 28.69999848 13.199999 28.69999848 15.29999988 0 P 0
L 28.69999848 13.199999 30.79999936 13.199999 0 P 0
L 28.69999848 15.29999988 30.79999936 15.29999988 0 P 0
L 29.02498894 9.57007992 29.02498894 10.37008086 0 P 0
L 29.99999842 8.30000118 29.99999842 10.80000126 0 P 0
L 29.99999842 8.30000118 34.00000058 8.30000118 0 P 0
L 29.99999842 10.80000126 31.14999866 10.80000126 0 P 0
L 30.16000064 0.12999974 30.16000064 2.66999974 1 P 0
L 30.79999936 13.199999 30.79999936 15.29999988 0 P 0
L 31.14999866 10.80000126 31.15017138 10.7999149 0 P 0
L 31.15017138 10.7999149 32.85000034 10.80000126 0 P 0
L 31.5000005 14.50000148 31.5000005 15.10000028 0 P 0
L 31.5000005 14.50000148 32.60000084 14.50000148 0 P 0
L 31.5000005 15.10000028 32.60000084 15.10000028 0 P 0
L 32.60000084 14.50000148 32.60000084 15.10000028 0 P 0
L 32.85000034 10.80000126 34.00000058 10.80000126 0 P 0
L 34.00000058 8.30000118 34.00000058 10.80000126 0 P 0
