UNITS=MM
#Layer_Color=32768
#
#Feature symbol names
#
$0 r49.9999
$1 r99.9998

#
#Feature attribute names
#
@0 .nomenclature
@1 .string
@2 .string_angle

#
#Feature attribute text strings
#
&0 U1

#
#Layer features
#
L 0.40000174 19.1999997 0.40000174 20.80000158 0 P 0
L 0.40000174 19.1999997 1.20000268 19.1999997 0 P 0
L 0.40000174 20.80000158 1.20000268 20.80000158 0 P 0
L 0.49000156 -6.02000066 0.49000156 5.2449984 0 P 0
L 0.49000156 -6.02000066 21.51000016 -6.02000066 0 P 0
L 0.49000156 5.2449984 21.51000016 5.2449984 0 P 0
L 0.50000154 20.00000064 1.10000034 20.00000064 0 P 0
L 0.80000094 19.70000124 0.80000094 20.30000004 0 P 0
L 1.1999976 19.1999997 1.1999976 20.80000158 0 P 0
L 1.1999976 19.1999997 1.99999854 19.1999997 0 P 0
L 1.1999976 20.80000158 1.99999854 20.80000158 0 P 0
L 1.20000014 13.62499942 1.20000014 16.40000022 0 P 0
L 1.20000014 13.62499942 5.8000011 13.62499942 0 P 0
L 1.20000014 16.40000022 5.8000011 16.40000022 0 P 0
L 1.20000268 19.1999997 1.20000268 20.80000158 0 P 0
L 1.29999994 20.00000064 1.89999874 20.00000064 0 P 0
L 1.59999934 19.70000124 1.59999934 20.30000004 0 P 0
L 1.99999854 19.1999997 1.99999854 20.80000158 0 P 0
L 1.99999854 19.1999997 1.99999854 20.80000158 0 P 0
L 1.99999854 19.1999997 2.79999948 19.1999997 0 P 0
L 1.99999854 20.80000158 2.79999948 20.80000158 0 P 0
L 2.10000088 20.00000064 2.69999968 20.00000064 0 P 0
L 2.40000028 19.70000124 2.40000028 20.30000004 0 P 0
L 2.74999958 16.59999982 2.74999958 17.39999822 0 P 0
L 2.74999958 16.59999982 4.20000176 16.59999982 0 P 0
L 2.74999958 17.39999822 4.20000176 17.39999822 0 P 0
L 2.79999948 19.1999997 2.79999948 20.80000158 0 P 0
L 2.79999948 19.1999997 2.79999948 20.80000158 0 P 0
L 2.79999948 19.1999997 3.60000042 19.1999997 0 P 0
L 2.79999948 20.80000158 3.60000042 20.80000158 0 P 0
L 2.90000182 20.00000064 3.50000062 20.00000064 0 P 0
L 3.00000162 15.00000048 3.99999962 15.00000048 0 P 0
L 3.20000122 16.99999902 3.82500124 16.99999902 0 P 0
L 3.20000122 19.70000124 3.20000122 20.30000004 0 P 0
L 3.50000062 14.50000148 3.50000062 15.49999948 0 P 0
L 3.50000062 16.67504158 3.50000062 17.27504038 0 P 0
L 3.59999788 19.1999997 3.59999788 20.80000158 0 P 0
L 3.59999788 19.1999997 4.39999882 19.1999997 0 P 0
L 3.59999788 20.80000158 4.39999882 20.80000158 0 P 0
L 3.60000042 19.1999997 3.60000042 20.80000158 0 P 0
L 3.70000022 20.00000064 4.29999902 20.00000064 0 P 0
L 3.99999962 19.70000124 3.99999962 20.30000004 0 P 0
L 4.20000176 16.59999982 4.20000176 17.39999822 0 P 0
L 4.39999882 19.1999997 4.39999882 20.80000158 0 P 0
L 4.39999882 19.1999997 4.39999882 20.80000158 0 P 0
L 4.39999882 19.1999997 5.19999976 19.1999997 0 P 0
L 4.39999882 20.80000158 5.19999976 20.80000158 0 P 0
L 4.50000116 20.00000064 5.09999996 20.00000064 0 P 0
L 4.80000056 19.70000124 4.80000056 20.30000004 0 P 0
L 5.19999722 19.1999997 5.19999722 20.80000158 0 P 0
L 5.19999722 19.1999997 5.99999816 19.1999997 0 P 0
L 5.19999722 20.80000158 5.99999816 20.80000158 0 P 0
L 5.19999976 19.1999997 5.19999976 20.80000158 0 P 0
L 5.29999956 20.00000064 5.89999836 20.00000064 0 P 0
L 5.59999896 19.70000124 5.59999896 20.30000004 0 P 0
L 5.8000011 13.62499942 5.8000011 16.40000022 0 P 0
L 5.99999816 19.1999997 5.99999816 20.80000158 0 P 0
L 5.99999816 19.1999997 5.99999816 20.80000158 0 P 0
L 5.99999816 19.1999997 6.7999991 19.1999997 0 P 0
L 5.99999816 20.80000158 6.7999991 20.80000158 0 P 0
L 6.1000005 20.00000064 6.6999993 20.00000064 0 P 0
L 6.3999999 19.70000124 6.3999999 20.30000004 0 P 0
L 6.7999991 19.1999997 6.7999991 20.80000158 0 P 0
L 7.00000124 30.05000086 7.00000124 40.05000118 0 P 0
L 7.00000124 30.05000086 15.00000048 30.05000086 0 P 0
L 7.00000124 40.05000118 15.00000048 40.05000118 0 P 0
L 7.05000114 18.90000284 7.05000114 21.10000352 0 P 0
L 7.05000114 18.90000284 8.35000108 18.90000284 0 P 0
L 7.05000114 21.10000352 8.35000108 21.10000352 0 P 0
L 7.20000084 20.00000318 8.20000138 20.00000318 1 P 0
L 7.47499902 28.80000082 7.47499902 29.79999882 0 P 0
L 7.47499902 28.80000082 9.37499776 28.80000082 0 P 0
L 7.47499902 29.79999882 9.37499776 29.79999882 0 P 0
L 7.69999984 19.50000418 7.69999984 20.50000218 1 P 0
L 8.12499772 29.29999982 8.72499906 29.29999982 0 P 0
L 8.35000108 18.90000284 8.35000108 21.10000352 0 P 0
L 8.42499966 29.00000042 8.42499966 29.59999922 0 P 0
L 8.99999978 19.1999997 8.99999978 20.80000158 0 P 0
L 8.99999978 19.1999997 9.80000072 19.1999997 0 P 0
L 8.99999978 20.80000158 9.80000072 20.80000158 0 P 0
L 9.09999958 20.00000064 9.69999838 20.00000064 0 P 0
L 9.37499776 28.80000082 9.37499776 29.79999882 0 P 0
L 9.39999898 19.70000124 9.39999898 20.30000004 0 P 0
L 9.50000132 13.2499989 9.50000132 15.64999918 0 P 0
L 9.50000132 13.2499989 12.5000004 13.2499989 0 P 0
L 9.50000132 15.64999918 12.5000004 15.64999918 0 P 0
L 9.80000072 19.1999997 9.80000072 20.80000158 0 P 0
L 9.80000072 19.1999997 9.80000072 20.80000158 0 P 0
L 9.80000072 19.1999997 10.60000166 19.1999997 0 P 0
L 9.80000072 20.80000158 10.60000166 20.80000158 0 P 0
L 9.90000052 20.00000064 10.49999932 20.00000064 0 P 0
L 10.19999992 19.70000124 10.19999992 20.30000004 0 P 0
L 10.50000186 1.44999964 11.49999986 1.44999964 0 P 0
L 10.50000186 14.44999904 11.49999986 14.44999904 0 P 0
L 10.50000186 35.05000102 11.49999986 35.05000102 0 P 0
L 10.59999912 19.1999997 10.59999912 20.80000158 0 P 0
L 10.59999912 19.1999997 11.40000006 19.1999997 0 P 0
L 10.59999912 20.80000158 11.40000006 20.80000158 0 P 0
L 10.60000166 19.1999997 10.60000166 20.80000158 0 P 0
L 10.69999892 20.00000064 11.29999772 20.00000064 0 P 0
L 10.99999832 19.70000124 10.99999832 20.30000004 0 P 0
L 11.00000086 0.95000064 11.00000086 1.94999864 0 P 0
L 11.00000086 13.95000004 11.00000086 14.94999804 0 P 0
L 11.00000086 34.55000202 11.00000086 35.55000002 0 P 0
L 11.10000066 35.31661466 11.2666145 35.15000082 1 P 0 ;0,1=0,2=0.000000
L 11.10000066 36.14967878 11.10000066 35.31661466 1 P 0 ;0,1=0,2=0.000000
L 11.2666145 35.15000082 11.59983964 35.15000082 1 P 0 ;0,1=0,2=0.000000
L 11.40000006 19.1999997 11.40000006 20.80000158 0 P 0
L 11.40000006 19.1999997 11.40000006 20.80000158 0 P 0
L 11.40000006 19.1999997 12.200001 19.1999997 0 P 0
L 11.40000006 20.80000158 12.200001 20.80000158 0 P 0
L 11.49999986 20.00000064 12.09999866 20.00000064 0 P 0
L 11.59983964 35.15000082 11.76645094 35.31661466 1 P 0 ;0,1=0,2=0.000000
L 11.76645094 35.31661466 11.76645094 36.14967878 1 P 0 ;0,1=0,2=0.000000
L 11.79999926 19.70000124 11.79999926 20.30000004 0 P 0
L 12.09967862 35.15000082 12.43290376 35.15000082 1 P 0 ;0,1=0,2=0.000000
L 12.200001 19.1999997 12.200001 20.80000158 0 P 0
L 12.200001 19.1999997 12.200001 20.80000158 0 P 0
L 12.200001 19.1999997 13.00000194 19.1999997 0 P 0
L 12.200001 20.80000158 13.00000194 20.80000158 0 P 0
L 12.26629246 35.15000082 12.26629246 36.14967878 1 P 0 ;0,1=0,2=0.000000
L 12.26629246 36.14967878 12.09967862 35.98306494 1 P 0 ;0,1=0,2=0.000000
L 12.3000008 20.00000064 12.8999996 20.00000064 0 P 0
L 12.43290376 35.15000082 12.26629246 35.15000082 1 P 0 ;0,1=0,2=0.000000
L 12.5000004 13.2499989 12.5000004 15.64999918 0 P 0
L 12.6000002 19.70000124 12.6000002 20.30000004 0 P 0
L 13.00000194 19.1999997 13.00000194 20.80000158 0 P 0
L 13.65000064 18.90000284 13.65000064 21.10000352 0 P 0
L 13.65000064 18.90000284 14.95000058 18.90000284 0 P 0
L 13.65000064 21.10000352 14.95000058 21.10000352 0 P 0
L 13.80000034 20.00000318 14.80000088 20.00000318 1 P 0
L 14.29999934 19.50000418 14.29999934 20.50000218 1 P 0
L 14.95000058 18.90000284 14.95000058 21.10000352 0 P 0
L 15.00000048 30.05000086 15.00000048 40.05000118 0 P 0
L 15.05000038 29.7749976 15.05000038 33.77499976 0 P 0
L 15.05000038 29.7749976 16.92500044 29.7749976 0 P 0
L 15.05000038 33.77499976 16.92500044 33.77499976 0 P 0
L 15.19999754 19.1999997 15.19999754 20.80000158 0 P 0
L 15.19999754 19.1999997 15.99999848 19.1999997 0 P 0
L 15.19999754 20.80000158 15.99999848 20.80000158 0 P 0
L 15.29999988 20.00000064 15.89999868 20.00000064 0 P 0
L 15.47499826 31.77499868 16.4749988 31.77499868 0 P 0
L 15.4750008 28.6749998 15.4750008 29.6749978 0 P 0
L 15.4750008 28.6749998 17.37499954 28.6749998 0 P 0
L 15.4750008 29.6749978 17.37499954 29.6749978 0 P 0
L 15.4750008 33.8250022 15.4750008 34.8250002 0 P 0
L 15.4750008 33.8250022 17.37499954 33.8250022 0 P 0
L 15.4750008 34.8250002 17.37499954 34.8250002 0 P 0
L 15.59999928 19.70000124 15.59999928 20.30000004 0 P 0
L 15.9749998 31.27499714 15.9749998 32.27499768 0 P 0
L 15.99999848 19.1999997 15.99999848 20.80000158 0 P 0
L 16.1249995 29.1749988 16.72500084 29.1749988 0 P 0
L 16.1249995 34.3250012 16.72500084 34.3250012 0 P 0
L 16.20000062 13.60000074 16.20000062 16.37500154 0 P 0
L 16.20000062 13.60000074 20.80000158 13.60000074 0 P 0
L 16.20000062 16.37500154 20.80000158 16.37500154 0 P 0
L 16.4249989 28.8749994 16.4249989 29.4749982 0 P 0
L 16.4249989 34.0250018 16.4249989 34.6250006 0 P 0
L 16.92500044 29.7749976 16.92500044 33.77499976 0 P 0
L 17.37499954 28.6749998 17.37499954 29.6749978 0 P 0
L 17.37499954 33.8250022 17.37499954 34.8250002 0 P 0
L 17.79999996 16.59999982 17.79999996 17.39999822 0 P 0
L 17.79999996 16.59999982 19.25000214 16.59999982 0 P 0
L 17.79999996 17.39999822 19.25000214 17.39999822 0 P 0
L 18.0000021 15.00000048 19.0000001 15.00000048 0 P 0
L 18.17500048 16.99999902 18.8000005 16.99999902 0 P 0
L 18.5000011 14.50000148 18.5000011 15.49999948 0 P 0
L 18.5000011 16.72495766 18.5000011 17.32495646 0 P 0
L 19.25000214 16.59999982 19.25000214 17.39999822 0 P 0
L 20.80000158 13.60000074 20.80000158 16.37500154 0 P 0
L 21.51000016 -6.02000066 21.51000016 5.2449984 0 P 0
