UNITS=MM
#Layer_Color=9474304
#
#Feature symbol names
#
$0 r127
$1 r169.33164

#
#Feature attribute names
#

#
#Layer features
#
A 11.61800064 4.16999928 11.61800064 4.16999928 11.11000064 4.16999928 1 P 0 N
A 14.15800064 4.16999928 14.15800064 4.16999928 13.65000064 4.16999928 1 P 0 N
A 16.69800064 4.16999928 16.69800064 4.16999928 16.19000064 4.16999928 1 P 0 N
A 19.23800064 4.16999928 19.23800064 4.16999928 18.73000064 4.16999928 1 P 0 N
A 21.77800064 4.16999928 21.77800064 4.16999928 21.27000064 4.16999928 1 P 0 N
A 24.31800064 4.16999928 24.31800064 4.16999928 23.81000064 4.16999928 1 P 0 N
A 26.85800064 4.16999928 26.85800064 4.16999928 26.35000064 4.16999928 1 P 0 N
A 29.39800064 4.16999928 29.39800064 4.16999928 28.89000064 4.16999928 1 P 0 N
L 0.24200104 4.24200066 0.49600104 4.75000066 0 P 0
L 0.24200104 4.24200066 0.75000104 4.49600066 0 P 0
L 0.24200104 5.25800066 0.49600104 4.75000066 0 P 0
L 0.24200104 5.25800066 0.75000104 5.00400066 0 P 0
L 0.29200094 12.2419999 0.54600094 12.7499999 0 P 0
L 0.29200094 12.2419999 0.80000094 12.4959999 0 P 0
L 0.29200094 12.89200114 0.54600094 13.40000114 0 P 0
L 0.29200094 12.89200114 0.80000094 13.14600114 0 P 0
L 0.29200094 13.2579999 0.54600094 12.7499999 0 P 0
L 0.29200094 13.2579999 0.80000094 13.0039999 0 P 0
L 0.29200094 13.90800114 0.54600094 13.40000114 0 P 0
L 0.29200094 13.90800114 0.80000094 13.65400114 0 P 0
L 0.29200094 14.84199978 0.54600094 15.34999978 0 P 0
L 0.29200094 14.84199978 0.80000094 15.09599978 0 P 0
L 0.29200094 15.85799978 0.54600094 15.34999978 0 P 0
L 0.29200094 15.85799978 0.80000094 15.60399978 0 P 0
L 0.75000104 4.49600066 1.25800104 4.24200066 0 P 0
L 0.75000104 5.00400066 1.25800104 5.25800066 0 P 0
L 0.80000094 12.4959999 1.30800094 12.2419999 0 P 0
L 0.80000094 13.0039999 1.30800094 13.2579999 0 P 0
L 0.80000094 13.14600114 1.30800094 12.89200114 0 P 0
L 0.80000094 13.65400114 1.30800094 13.90800114 0 P 0
L 0.80000094 15.09599978 1.30800094 14.84199978 0 P 0
L 0.80000094 15.60399978 1.30800094 15.85799978 0 P 0
L 1.00400104 4.75000066 1.25800104 4.24200066 0 P 0
L 1.00400104 4.75000066 1.25800104 5.25800066 0 P 0
L 1.05400094 12.7499999 1.30800094 12.2419999 0 P 0
L 1.05400094 12.7499999 1.30800094 13.2579999 0 P 0
L 1.05400094 13.40000114 1.30800094 12.89200114 0 P 0
L 1.05400094 13.40000114 1.30800094 13.90800114 0 P 0
L 1.05400094 15.34999978 1.30800094 14.84199978 0 P 0
L 1.05400094 15.34999978 1.30800094 15.85799978 0 P 0
L 1.49200108 4.24200574 1.74600108 4.75000574 0 P 0
L 1.49200108 4.24200574 2.00000108 4.49600574 0 P 0
L 1.49200108 5.25800574 1.74600108 4.75000574 0 P 0
L 1.49200108 5.25800574 2.00000108 5.00400574 0 P 0
L 1.6421989 15.13849652 1.8961989 15.64649652 0 P 0
L 1.6421989 15.13849652 2.1501989 15.39249652 0 P 0
L 1.6421989 16.15449652 1.8961989 15.64649652 0 P 0
L 1.6421989 16.15449652 2.1501989 15.90049652 0 P 0
L 1.66699946 10.54200076 1.92099946 11.05000076 0 P 0
L 1.66699946 10.54200076 2.17499946 10.79600076 0 P 0
L 1.66699946 11.55800076 1.92099946 11.05000076 0 P 0
L 1.66699946 11.55800076 2.17499946 11.30400076 0 P 0
L 1.99200008 3.00800008 2.50000008 1.99200008 0 P 0
L 1.99200008 3.00800008 3.00800008 3.00800008 0 P 0
L 2.00000108 4.49600574 2.50800108 4.24200574 0 P 0
L 2.00000108 5.00400574 2.50800108 5.25800574 0 P 0
L 2.1501989 15.39249652 2.6581989 15.13849652 0 P 0
L 2.1501989 15.90049652 2.6581989 16.15449652 0 P 0
L 2.17499946 10.79600076 2.68299946 10.54200076 0 P 0
L 2.17499946 11.30400076 2.68299946 11.55800076 0 P 0
L 2.25400108 4.75000574 2.50800108 4.24200574 0 P 0
L 2.25400108 4.75000574 2.50800108 5.25800574 0 P 0
L 2.2670008 14.21699976 2.5210008 14.72499976 0 P 0
L 2.2670008 14.21699976 2.7750008 14.47099976 0 P 0
L 2.2670008 15.14199918 2.5210008 15.64999918 0 P 0
L 2.2670008 15.14199918 2.7750008 15.39599918 0 P 0
L 2.2670008 15.23299976 2.5210008 14.72499976 0 P 0
L 2.2670008 15.23299976 2.7750008 14.97899976 0 P 0
L 2.2670008 16.15799918 2.5210008 15.64999918 0 P 0
L 2.2670008 16.15799918 2.7750008 15.90399918 0 P 0
L 2.3919942 12.5919738 2.6459942 13.0999738 0 P 0
L 2.3919942 12.5919738 2.8999942 12.8459738 0 P 0
L 2.3919942 13.6079738 2.6459942 13.0999738 0 P 0
L 2.3919942 13.6079738 2.8999942 13.3539738 0 P 0
L 2.39979454 10.55920418 2.65379454 11.06720418 0 P 0
L 2.39979454 10.55920418 2.90779454 10.81320418 0 P 0
L 2.39979454 11.57520418 2.65379454 11.06720418 0 P 0
L 2.39979454 11.57520418 2.90779454 11.32120418 0 P 0
L 2.4041989 15.64649652 2.6581989 15.13849652 0 P 0
L 2.4041989 15.64649652 2.6581989 16.15449652 0 P 0
L 2.42899946 11.05000076 2.68299946 10.54200076 0 P 0
L 2.42899946 11.05000076 2.68299946 11.55800076 0 P 0
L 2.50000008 1.99200008 3.00800008 3.00800008 0 P 0
L 2.59199888 13.39200014 2.84599888 13.90000014 0 P 0
L 2.59199888 13.39200014 3.09999888 13.64600014 0 P 0
L 2.59199888 14.40800014 2.84599888 13.90000014 0 P 0
L 2.59199888 14.40800014 3.09999888 14.15400014 0 P 0
L 2.7750008 14.47099976 3.2830008 14.21699976 0 P 0
L 2.7750008 14.97899976 3.2830008 15.23299976 0 P 0
L 2.7750008 15.39599918 3.2830008 15.14199918 0 P 0
L 2.7750008 15.90399918 3.2830008 16.15799918 0 P 0
L 2.8999942 12.8459738 3.4079942 12.5919738 0 P 0
L 2.8999942 13.3539738 3.4079942 13.6079738 0 P 0
L 2.90779454 10.81320418 3.41579454 10.55920418 0 P 0
L 2.90779454 11.32120418 3.41579454 11.57520418 0 P 0
L 2.99200062 4.24200574 3.24600062 4.75000574 0 P 0
L 2.99200062 4.24200574 3.50000062 4.49600574 0 P 0
L 2.99200062 5.25800574 3.24600062 4.75000574 0 P 0
L 2.99200062 5.25800574 3.50000062 5.00400574 0 P 0
L 2.99200062 5.74200528 3.24600062 6.25000528 0 P 0
L 2.99200062 5.74200528 3.50000062 5.99600528 0 P 0
L 2.99200062 6.75800528 3.24600062 6.25000528 0 P 0
L 2.99200062 6.75800528 3.50000062 6.50400528 0 P 0
L 2.99200062 9.74199982 3.24600062 10.24999982 0 P 0
L 2.99200062 9.74199982 3.50000062 9.99599982 0 P 0
L 2.99200062 10.75799982 3.24600062 10.24999982 0 P 0
L 2.99200062 10.75799982 3.50000062 10.50399982 0 P 0
L 3.0290008 14.72499976 3.2830008 14.21699976 0 P 0
L 3.0290008 14.72499976 3.2830008 15.23299976 0 P 0
L 3.0290008 15.64999918 3.2830008 15.14199918 0 P 0
L 3.0290008 15.64999918 3.2830008 16.15799918 0 P 0
L 3.09999888 13.64600014 3.60799888 13.39200014 0 P 0
L 3.09999888 14.15400014 3.60799888 14.40800014 0 P 0
L 3.1539942 13.0999738 3.4079942 12.5919738 0 P 0
L 3.1539942 13.0999738 3.4079942 13.6079738 0 P 0
L 3.16179454 11.06720418 3.41579454 10.55920418 0 P 0
L 3.16179454 11.06720418 3.41579454 11.57520418 0 P 0
L 3.166999 14.56699906 3.420999 15.07499906 0 P 0
L 3.166999 14.56699906 3.674999 14.82099906 0 P 0
L 3.166999 15.58299906 3.420999 15.07499906 0 P 0
L 3.166999 15.58299906 3.674999 15.32899906 0 P 0
L 3.35399888 13.90000014 3.60799888 13.39200014 0 P 0
L 3.35399888 13.90000014 3.60799888 14.40800014 0 P 0
L 3.50000062 4.49600574 4.00800062 4.24200574 0 P 0
L 3.50000062 5.00400574 4.00800062 5.25800574 0 P 0
L 3.50000062 5.99600528 4.00800062 5.74200528 0 P 0
L 3.50000062 6.50400528 4.00800062 6.75800528 0 P 0
L 3.50000062 9.99599982 4.00800062 9.74199982 0 P 0
L 3.50000062 10.50399982 4.00800062 10.75799982 0 P 0
L 3.674999 14.82099906 4.182999 14.56699906 0 P 0
L 3.674999 15.32899906 4.182999 15.58299906 0 P 0
L 3.75400062 4.75000574 4.00800062 4.24200574 0 P 0
L 3.75400062 4.75000574 4.00800062 5.25800574 0 P 0
L 3.75400062 6.25000528 4.00800062 5.74200528 0 P 0
L 3.75400062 6.25000528 4.00800062 6.75800528 0 P 0
L 3.75400062 10.24999982 4.00800062 9.74199982 0 P 0
L 3.75400062 10.24999982 4.00800062 10.75799982 0 P 0
L 3.84199892 14.56699906 4.09599892 15.07499906 0 P 0
L 3.84199892 14.56699906 4.34999892 14.82099906 0 P 0
L 3.84199892 15.58299906 4.09599892 15.07499906 0 P 0
L 3.84199892 15.58299906 4.34999892 15.32899906 0 P 0
L 3.928999 15.07499906 4.182999 14.56699906 0 P 0
L 3.928999 15.07499906 4.182999 15.58299906 0 P 0
L 3.99200116 8.49199978 4.24600116 8.99999978 0 P 0
L 3.99200116 8.49199978 4.50000116 8.74599978 0 P 0
L 3.99200116 9.50799978 4.24600116 8.99999978 0 P 0
L 3.99200116 9.50799978 4.50000116 9.25399978 0 P 0
L 4.34999892 14.82099906 4.85799892 14.56699906 0 P 0
L 4.34999892 15.32899906 4.85799892 15.58299906 0 P 0
L 4.49200016 0.24200104 4.74600016 0.75000104 0 P 0
L 4.49200016 0.24200104 5.00000016 0.49600104 0 P 0
L 4.49200016 1.24199904 4.74600016 1.74999904 0 P 0
L 4.49200016 1.24199904 5.00000016 1.49599904 0 P 0
L 4.49200016 1.25800104 4.74600016 0.75000104 0 P 0
L 4.49200016 1.25800104 5.00000016 1.00400104 0 P 0
L 4.49200016 2.25799904 4.74600016 1.74999904 0 P 0
L 4.49200016 2.25799904 5.00000016 2.00399904 0 P 0
L 4.49200016 2.7420062 4.74600016 3.2500062 0 P 0
L 4.49200016 2.7420062 5.00000016 2.9960062 0 P 0
L 4.49200016 3.7580062 4.74600016 3.2500062 0 P 0
L 4.49200016 3.7580062 5.00000016 3.5040062 0 P 0
L 4.49200016 4.24200574 4.74600016 4.75000574 0 P 0
L 4.49200016 4.24200574 5.00000016 4.49600574 0 P 0
L 4.49200016 5.25800574 4.74600016 4.75000574 0 P 0
L 4.49200016 5.25800574 5.00000016 5.00400574 0 P 0
L 4.49200016 5.74200528 4.74600016 6.25000528 0 P 0
L 4.49200016 5.74200528 5.00000016 5.99600528 0 P 0
L 4.49200016 6.75800528 4.74600016 6.25000528 0 P 0
L 4.49200016 6.75800528 5.00000016 6.50400528 0 P 0
L 4.49200016 7.24200482 4.74600016 7.75000482 0 P 0
L 4.49200016 7.24200482 5.00000016 7.49600482 0 P 0
L 4.49200016 8.25800482 4.74600016 7.75000482 0 P 0
L 4.49200016 8.25800482 5.00000016 8.00400482 0 P 0
L 4.50000116 8.74599978 5.00800116 8.49199978 0 P 0
L 4.50000116 9.25399978 5.00800116 9.50799978 0 P 0
L 4.54200006 17.11699904 4.79600006 17.62499904 0 P 0
L 4.54200006 17.11699904 5.05000006 17.37099904 0 P 0
L 4.54200006 18.13299904 4.79600006 17.62499904 0 P 0
L 4.54200006 18.13299904 5.05000006 17.87899904 0 P 0
L 4.60399892 15.07499906 4.85799892 14.56699906 0 P 0
L 4.60399892 15.07499906 4.85799892 15.58299906 0 P 0
L 4.75400116 8.99999978 5.00800116 8.49199978 0 P 0
L 4.75400116 8.99999978 5.00800116 9.50799978 0 P 0
L 4.8919892 16.2919664 5.1459892 16.7999664 0 P 0
L 4.8919892 16.2919664 5.3999892 16.5459664 0 P 0
L 4.8919892 17.3079664 5.1459892 16.7999664 0 P 0
L 4.8919892 17.3079664 5.3999892 17.0539664 0 P 0
L 4.99199916 12.691999 5.24599916 13.199999 0 P 0
L 4.99199916 12.691999 5.49999916 12.945999 0 P 0
L 4.99199916 13.707999 5.24599916 13.199999 0 P 0
L 4.99199916 13.707999 5.49999916 13.453999 0 P 0
L 5.00000016 0.49600104 5.50800016 0.24200104 0 P 0
L 5.00000016 1.00400104 5.50800016 1.25800104 0 P 0
L 5.00000016 1.49599904 5.50800016 1.24199904 0 P 0
L 5.00000016 2.00399904 5.50800016 2.25799904 0 P 0
L 5.00000016 2.9960062 5.50800016 2.7420062 0 P 0
L 5.00000016 3.5040062 5.50800016 3.7580062 0 P 0
L 5.00000016 4.49600574 5.50800016 4.24200574 0 P 0
L 5.00000016 5.00400574 5.50800016 5.25800574 0 P 0
L 5.00000016 5.99600528 5.50800016 5.74200528 0 P 0
L 5.00000016 6.50400528 5.50800016 6.75800528 0 P 0
L 5.00000016 7.49600482 5.50800016 7.24200482 0 P 0
L 5.00000016 8.00400482 5.50800016 8.25800482 0 P 0
L 5.05000006 17.37099904 5.55800006 17.11699904 0 P 0
L 5.05000006 17.87899904 5.55800006 18.13299904 0 P 0
L 5.2420012 9.74199982 5.4960012 10.24999982 0 P 0
L 5.2420012 9.74199982 5.7500012 9.99599982 0 P 0
L 5.2420012 10.75799982 5.4960012 10.24999982 0 P 0
L 5.2420012 10.75799982 5.7500012 10.50399982 0 P 0
L 5.25400016 0.75000104 5.50800016 0.24200104 0 P 0
L 5.25400016 0.75000104 5.50800016 1.25800104 0 P 0
L 5.25400016 1.74999904 5.50800016 1.24199904 0 P 0
L 5.25400016 1.74999904 5.50800016 2.25799904 0 P 0
L 5.25400016 3.2500062 5.50800016 2.7420062 0 P 0
L 5.25400016 3.2500062 5.50800016 3.7580062 0 P 0
L 5.25400016 4.75000574 5.50800016 4.24200574 0 P 0
L 5.25400016 4.75000574 5.50800016 5.25800574 0 P 0
L 5.25400016 6.25000528 5.50800016 5.74200528 0 P 0
L 5.25400016 6.25000528 5.50800016 6.75800528 0 P 0
L 5.25400016 7.75000482 5.50800016 7.24200482 0 P 0
L 5.25400016 7.75000482 5.50800016 8.25800482 0 P 0
L 5.2920011 17.11699904 5.5460011 17.62499904 0 P 0
L 5.2920011 17.11699904 5.8000011 17.37099904 0 P 0
L 5.2920011 18.13299904 5.5460011 17.62499904 0 P 0
L 5.2920011 18.13299904 5.8000011 17.87899904 0 P 0
L 5.30400006 17.62499904 5.55800006 17.11699904 0 P 0
L 5.30400006 17.62499904 5.55800006 18.13299904 0 P 0
L 5.38300422 12.00599834 5.63700422 12.51399834 0 P 0
L 5.38300422 12.00599834 5.89100422 12.25999834 0 P 0
L 5.38300422 13.02199834 5.63700422 12.51399834 0 P 0
L 5.38300422 13.02199834 5.89100422 12.76799834 0 P 0
L 5.3920009 13.39200014 5.6460009 13.90000014 0 P 0
L 5.3920009 13.39200014 5.9000009 13.64600014 0 P 0
L 5.3920009 14.40800014 5.6460009 13.90000014 0 P 0
L 5.3920009 14.40800014 5.9000009 14.15400014 0 P 0
L 5.3999892 16.5459664 5.9079892 16.2919664 0 P 0
L 5.3999892 17.0539664 5.9079892 17.3079664 0 P 0
L 5.41699958 15.09199928 5.67099958 15.59999928 0 P 0
L 5.41699958 15.09199928 5.92499958 15.34599928 0 P 0
L 5.41699958 16.10799928 5.67099958 15.59999928 0 P 0
L 5.41699958 16.10799928 5.92499958 15.85399928 0 P 0
L 5.49999916 12.945999 6.00799916 12.691999 0 P 0
L 5.49999916 13.453999 6.00799916 13.707999 0 P 0
L 5.6539892 16.7999664 5.9079892 16.2919664 0 P 0
L 5.6539892 16.7999664 5.9079892 17.3079664 0 P 0
L 5.7500012 9.99599982 6.2580012 9.74199982 0 P 0
L 5.7500012 10.50399982 6.2580012 10.75799982 0 P 0
L 5.75399916 13.199999 6.00799916 12.691999 0 P 0
L 5.75399916 13.199999 6.00799916 13.707999 0 P 0
L 5.8000011 17.37099904 6.3080011 17.11699904 0 P 0
L 5.8000011 17.87899904 6.3080011 18.13299904 0 P 0
L 5.89100422 12.25999834 6.39900422 12.00599834 0 P 0
L 5.89100422 12.76799834 6.39900422 13.02199834 0 P 0
L 5.9000009 13.64600014 6.4080009 13.39200014 0 P 0
L 5.9000009 14.15400014 6.4080009 14.40800014 0 P 0
L 5.92499958 15.34599928 6.43299958 15.09199928 0 P 0
L 5.92499958 15.85399928 6.43299958 16.10799928 0 P 0
L 5.9919997 0.24200104 6.2459997 0.75000104 0 P 0
L 5.9919997 0.24200104 6.4999997 0.49600104 0 P 0
L 5.9919997 1.24199904 6.2459997 1.74999904 0 P 0
L 5.9919997 1.24199904 6.4999997 1.49599904 0 P 0
L 5.9919997 1.25800104 6.2459997 0.75000104 0 P 0
L 5.9919997 1.25800104 6.4999997 1.00400104 0 P 0
L 5.9919997 2.25799904 6.2459997 1.74999904 0 P 0
L 5.9919997 2.25799904 6.4999997 2.00399904 0 P 0
L 5.9919997 2.7420062 6.2459997 3.2500062 0 P 0
L 5.9919997 2.7420062 6.4999997 2.9960062 0 P 0
L 5.9919997 3.7580062 6.2459997 3.2500062 0 P 0
L 5.9919997 3.7580062 6.4999997 3.5040062 0 P 0
L 5.9919997 4.24200574 6.2459997 4.75000574 0 P 0
L 5.9919997 4.24200574 6.4999997 4.49600574 0 P 0
L 5.9919997 5.25800574 6.2459997 4.75000574 0 P 0
L 5.9919997 5.25800574 6.4999997 5.00400574 0 P 0
L 5.9919997 5.74200528 6.2459997 6.25000528 0 P 0
L 5.9919997 5.74200528 6.4999997 5.99600528 0 P 0
L 5.9919997 6.75800528 6.2459997 6.25000528 0 P 0
L 5.9919997 6.75800528 6.4999997 6.50400528 0 P 0
L 6.0040012 10.24999982 6.2580012 9.74199982 0 P 0
L 6.0040012 10.24999982 6.2580012 10.75799982 0 P 0
L 6.0419996 17.11699904 6.2959996 17.62499904 0 P 0
L 6.0419996 17.11699904 6.5499996 17.37099904 0 P 0
L 6.0419996 18.13299904 6.2959996 17.62499904 0 P 0
L 6.0419996 18.13299904 6.5499996 17.87899904 0 P 0
L 6.0540011 17.62499904 6.3080011 17.11699904 0 P 0
L 6.0540011 17.62499904 6.3080011 18.13299904 0 P 0
L 6.14500422 12.51399834 6.39900422 12.00599834 0 P 0
L 6.14500422 12.51399834 6.39900422 13.02199834 0 P 0
L 6.1540009 13.90000014 6.4080009 13.39200014 0 P 0
L 6.1540009 13.90000014 6.4080009 14.40800014 0 P 0
L 6.17899958 15.59999928 6.43299958 15.09199928 0 P 0
L 6.17899958 15.59999928 6.43299958 16.10799928 0 P 0
L 6.4999997 0.49600104 7.0079997 0.24200104 0 P 0
L 6.4999997 1.00400104 7.0079997 1.25800104 0 P 0
L 6.4999997 1.49599904 7.0079997 1.24199904 0 P 0
L 6.4999997 2.00399904 7.0079997 2.25799904 0 P 0
L 6.4999997 2.9960062 7.0079997 2.7420062 0 P 0
L 6.4999997 3.5040062 7.0079997 3.7580062 0 P 0
L 6.4999997 4.49600574 7.0079997 4.24200574 0 P 0
L 6.4999997 5.00400574 7.0079997 5.25800574 0 P 0
L 6.4999997 5.99600528 7.0079997 5.74200528 0 P 0
L 6.4999997 6.50400528 7.0079997 6.75800528 0 P 0
L 6.5499996 17.37099904 7.0579996 17.11699904 0 P 0
L 6.5499996 17.87899904 7.0579996 18.13299904 0 P 0
L 6.7539997 0.75000104 7.0079997 0.24200104 0 P 0
L 6.7539997 0.75000104 7.0079997 1.25800104 0 P 0
L 6.7539997 1.74999904 7.0079997 1.24199904 0 P 0
L 6.7539997 1.74999904 7.0079997 2.25799904 0 P 0
L 6.7539997 3.2500062 7.0079997 2.7420062 0 P 0
L 6.7539997 3.2500062 7.0079997 3.7580062 0 P 0
L 6.7539997 4.75000574 7.0079997 4.24200574 0 P 0
L 6.7539997 4.75000574 7.0079997 5.25800574 0 P 0
L 6.7539997 6.25000528 7.0079997 5.74200528 0 P 0
L 6.7539997 6.25000528 7.0079997 6.75800528 0 P 0
L 6.8039996 17.62499904 7.0579996 17.11699904 0 P 0
L 6.8039996 17.62499904 7.0579996 18.13299904 0 P 0
L 7.49199924 0.24200104 7.74599924 0.75000104 0 P 0
L 7.49199924 0.24200104 7.99999924 0.49600104 0 P 0
L 7.49199924 1.24199904 7.74599924 1.74999904 0 P 0
L 7.49199924 1.24199904 7.99999924 1.49599904 0 P 0
L 7.49199924 1.25800104 7.74599924 0.75000104 0 P 0
L 7.49199924 1.25800104 7.99999924 1.00400104 0 P 0
L 7.49199924 2.25799904 7.74599924 1.74999904 0 P 0
L 7.49199924 2.25799904 7.99999924 2.00399904 0 P 0
L 7.49199924 2.7420062 7.74599924 3.2500062 0 P 0
L 7.49199924 2.7420062 7.99999924 2.9960062 0 P 0
L 7.49199924 3.7580062 7.74599924 3.2500062 0 P 0
L 7.49199924 3.7580062 7.99999924 3.5040062 0 P 0
L 7.49199924 5.74200528 7.74599924 6.25000528 0 P 0
L 7.49199924 5.74200528 7.99999924 5.99600528 0 P 0
L 7.49199924 6.75800528 7.74599924 6.25000528 0 P 0
L 7.49199924 6.75800528 7.99999924 6.50400528 0 P 0
L 7.49199924 16.24200206 7.74599924 16.75000206 0 P 0
L 7.49199924 16.24200206 7.99999924 16.49600206 0 P 0
L 7.49199924 17.25800206 7.74599924 16.75000206 0 P 0
L 7.49199924 17.25800206 7.99999924 17.00400206 0 P 0
L 7.49199924 17.7420016 7.74599924 18.2500016 0 P 0
L 7.49199924 17.7420016 7.99999924 17.9960016 0 P 0
L 7.49199924 18.7580016 7.74599924 18.2500016 0 P 0
L 7.49199924 18.7580016 7.99999924 18.5040016 0 P 0
L 7.49199924 19.24200114 7.74599924 19.75000114 0 P 0
L 7.49199924 19.24200114 7.99999924 19.49600114 0 P 0
L 7.49199924 20.25800114 7.74599924 19.75000114 0 P 0
L 7.49199924 20.25800114 7.99999924 20.00400114 0 P 0
L 7.49199924 20.74200068 7.74599924 21.25000068 0 P 0
L 7.49199924 20.74200068 7.99999924 20.99600068 0 P 0
L 7.49199924 21.75800068 7.74599924 21.25000068 0 P 0
L 7.49199924 21.75800068 7.99999924 21.50400068 0 P 0
L 7.99200078 11.24199936 8.24600078 11.74999936 0 P 0
L 7.99200078 11.24199936 8.50000078 11.49599936 0 P 0
L 7.99200078 12.25799936 8.24600078 11.74999936 0 P 0
L 7.99200078 12.25799936 8.50000078 12.00399936 0 P 0
L 7.99999924 0.49600104 8.50799924 0.24200104 0 P 0
L 7.99999924 1.00400104 8.50799924 1.25800104 0 P 0
L 7.99999924 1.49599904 8.50799924 1.24199904 0 P 0
L 7.99999924 2.00399904 8.50799924 2.25799904 0 P 0
L 7.99999924 2.9960062 8.50799924 2.7420062 0 P 0
L 7.99999924 3.5040062 8.50799924 3.7580062 0 P 0
L 7.99999924 5.99600528 8.50799924 5.74200528 0 P 0
L 7.99999924 6.50400528 8.50799924 6.75800528 0 P 0
L 7.99999924 16.49600206 8.50799924 16.24200206 0 P 0
L 7.99999924 17.00400206 8.50799924 17.25800206 0 P 0
L 7.99999924 17.9960016 8.50799924 17.7420016 0 P 0
L 7.99999924 18.5040016 8.50799924 18.7580016 0 P 0
L 7.99999924 19.49600114 8.50799924 19.24200114 0 P 0
L 7.99999924 20.00400114 8.50799924 20.25800114 0 P 0
L 7.99999924 20.99600068 8.50799924 20.74200068 0 P 0
L 7.99999924 21.50400068 8.50799924 21.75800068 0 P 0
L 8.25399924 0.75000104 8.50799924 0.24200104 0 P 0
L 8.25399924 0.75000104 8.50799924 1.25800104 0 P 0
L 8.25399924 1.74999904 8.50799924 1.24199904 0 P 0
L 8.25399924 1.74999904 8.50799924 2.25799904 0 P 0
L 8.25399924 3.2500062 8.50799924 2.7420062 0 P 0
L 8.25399924 3.2500062 8.50799924 3.7580062 0 P 0
L 8.25399924 6.25000528 8.50799924 5.74200528 0 P 0
L 8.25399924 6.25000528 8.50799924 6.75800528 0 P 0
L 8.25399924 16.75000206 8.50799924 16.24200206 0 P 0
L 8.25399924 16.75000206 8.50799924 17.25800206 0 P 0
L 8.25399924 18.2500016 8.50799924 17.7420016 0 P 0
L 8.25399924 18.2500016 8.50799924 18.7580016 0 P 0
L 8.25399924 19.75000114 8.50799924 19.24200114 0 P 0
L 8.25399924 19.75000114 8.50799924 20.25800114 0 P 0
L 8.25399924 21.25000068 8.50799924 20.74200068 0 P 0
L 8.25399924 21.25000068 8.50799924 21.75800068 0 P 0
L 8.50000078 11.49599936 9.00800078 11.24199936 0 P 0
L 8.50000078 12.00399936 9.00800078 12.25799936 0 P 0
L 8.75400078 11.74999936 9.00800078 11.24199936 0 P 0
L 8.75400078 11.74999936 9.00800078 12.25799936 0 P 0
L 8.99199878 0.24200104 9.24599878 0.75000104 0 P 0
L 8.99199878 0.24200104 9.49999878 0.49600104 0 P 0
L 8.99199878 1.24199904 9.24599878 1.74999904 0 P 0
L 8.99199878 1.24199904 9.49999878 1.49599904 0 P 0
L 8.99199878 1.25800104 9.24599878 0.75000104 0 P 0
L 8.99199878 1.25800104 9.49999878 1.00400104 0 P 0
L 8.99199878 2.25799904 9.24599878 1.74999904 0 P 0
L 8.99199878 2.25799904 9.49999878 2.00399904 0 P 0
L 8.99199878 4.24200574 9.24599878 4.75000574 0 P 0
L 8.99199878 4.24200574 9.49999878 4.49600574 0 P 0
L 8.99199878 5.25800574 9.24599878 4.75000574 0 P 0
L 8.99199878 5.25800574 9.49999878 5.00400574 0 P 0
L 8.99199878 5.74200528 9.24599878 6.25000528 0 P 0
L 8.99199878 5.74200528 9.49999878 5.99600528 0 P 0
L 8.99199878 6.75800528 9.24599878 6.25000528 0 P 0
L 8.99199878 6.75800528 9.49999878 6.50400528 0 P 0
L 8.99199878 7.24200482 9.24599878 7.75000482 0 P 0
L 8.99199878 7.24200482 9.49999878 7.49600482 0 P 0
L 8.99199878 8.25800482 9.24599878 7.75000482 0 P 0
L 8.99199878 8.25800482 9.49999878 8.00400482 0 P 0
L 8.99199878 8.74200436 9.24599878 9.25000436 0 P 0
L 8.99199878 8.74200436 9.49999878 8.99600436 0 P 0
L 8.99199878 9.75800436 9.24599878 9.25000436 0 P 0
L 8.99199878 9.75800436 9.49999878 9.50400436 0 P 0
L 8.99199878 16.24200206 9.24599878 16.75000206 0 P 0
L 8.99199878 16.24200206 9.49999878 16.49600206 0 P 0
L 8.99199878 17.25800206 9.24599878 16.75000206 0 P 0
L 8.99199878 17.25800206 9.49999878 17.00400206 0 P 0
L 8.99199878 17.7420016 9.24599878 18.2500016 0 P 0
L 8.99199878 17.7420016 9.49999878 17.9960016 0 P 0
L 8.99199878 18.7580016 9.24599878 18.2500016 0 P 0
L 8.99199878 18.7580016 9.49999878 18.5040016 0 P 0
L 8.99199878 19.24200114 9.24599878 19.75000114 0 P 0
L 8.99199878 19.24200114 9.49999878 19.49600114 0 P 0
L 8.99199878 20.25800114 9.24599878 19.75000114 0 P 0
L 8.99199878 20.25800114 9.49999878 20.00400114 0 P 0
L 8.99199878 20.74200068 9.24599878 21.25000068 0 P 0
L 8.99199878 20.74200068 9.49999878 20.99600068 0 P 0
L 8.99199878 21.75800068 9.24599878 21.25000068 0 P 0
L 8.99199878 21.75800068 9.49999878 21.50400068 0 P 0
L 9.49999878 0.49600104 10.00799878 0.24200104 0 P 0
L 9.49999878 1.00400104 10.00799878 1.25800104 0 P 0
L 9.49999878 1.49599904 10.00799878 1.24199904 0 P 0
L 9.49999878 2.00399904 10.00799878 2.25799904 0 P 0
L 9.49999878 4.49600574 10.00799878 4.24200574 0 P 0
L 9.49999878 5.00400574 10.00799878 5.25800574 0 P 0
L 9.49999878 5.99600528 10.00799878 5.74200528 0 P 0
L 9.49999878 6.50400528 10.00799878 6.75800528 0 P 0
L 9.49999878 7.49600482 10.00799878 7.24200482 0 P 0
L 9.49999878 8.00400482 10.00799878 8.25800482 0 P 0
L 9.49999878 8.99600436 10.00799878 8.74200436 0 P 0
L 9.49999878 9.50400436 10.00799878 9.75800436 0 P 0
L 9.49999878 16.49600206 10.00799878 16.24200206 0 P 0
L 9.49999878 17.00400206 10.00799878 17.25800206 0 P 0
L 9.49999878 17.9960016 10.00799878 17.7420016 0 P 0
L 9.49999878 18.5040016 10.00799878 18.7580016 0 P 0
L 9.49999878 19.49600114 10.00799878 19.24200114 0 P 0
L 9.49999878 20.00400114 10.00799878 20.25800114 0 P 0
L 9.49999878 20.99600068 10.00799878 20.74200068 0 P 0
L 9.49999878 21.50400068 10.00799878 21.75800068 0 P 0
L 9.75399878 0.75000104 10.00799878 0.24200104 0 P 0
L 9.75399878 0.75000104 10.00799878 1.25800104 0 P 0
L 9.75399878 1.74999904 10.00799878 1.24199904 0 P 0
L 9.75399878 1.74999904 10.00799878 2.25799904 0 P 0
L 9.75399878 4.75000574 10.00799878 4.24200574 0 P 0
L 9.75399878 4.75000574 10.00799878 5.25800574 0 P 0
L 9.75399878 6.25000528 10.00799878 5.74200528 0 P 0
L 9.75399878 6.25000528 10.00799878 6.75800528 0 P 0
L 9.75399878 7.75000482 10.00799878 7.24200482 0 P 0
L 9.75399878 7.75000482 10.00799878 8.25800482 0 P 0
L 9.75399878 9.25000436 10.00799878 8.74200436 0 P 0
L 9.75399878 9.25000436 10.00799878 9.75800436 0 P 0
L 9.75399878 16.75000206 10.00799878 16.24200206 0 P 0
L 9.75399878 16.75000206 10.00799878 17.25800206 0 P 0
L 9.75399878 18.2500016 10.00799878 17.7420016 0 P 0
L 9.75399878 18.2500016 10.00799878 18.7580016 0 P 0
L 9.75399878 19.75000114 10.00799878 19.24200114 0 P 0
L 9.75399878 19.75000114 10.00799878 20.25800114 0 P 0
L 9.75399878 21.25000068 10.00799878 20.74200068 0 P 0
L 9.75399878 21.25000068 10.00799878 21.75800068 0 P 0
L 10.49199832 5.74200528 10.74599832 6.25000528 0 P 0
L 10.49199832 5.74200528 10.99999832 5.99600528 0 P 0
L 10.49199832 6.75800528 10.74599832 6.25000528 0 P 0
L 10.49199832 6.75800528 10.99999832 6.50400528 0 P 0
L 10.49199832 7.24200482 10.74599832 7.75000482 0 P 0
L 10.49199832 7.24200482 10.99999832 7.49600482 0 P 0
L 10.49199832 8.25800482 10.74599832 7.75000482 0 P 0
L 10.49199832 8.25800482 10.99999832 8.00400482 0 P 0
L 10.49199832 8.74200436 10.74599832 9.25000436 0 P 0
L 10.49199832 8.74200436 10.99999832 8.99600436 0 P 0
L 10.49199832 9.75800436 10.74599832 9.25000436 0 P 0
L 10.49199832 9.75800436 10.99999832 9.50400436 0 P 0
L 10.49199832 11.74200344 10.74599832 12.25000344 0 P 0
L 10.49199832 11.74200344 10.99999832 11.99600344 0 P 0
L 10.49199832 12.75800344 10.74599832 12.25000344 0 P 0
L 10.49199832 12.75800344 10.99999832 12.50400344 0 P 0
L 10.49199832 17.7420016 10.74599832 18.2500016 0 P 0
L 10.49199832 17.7420016 10.99999832 17.9960016 0 P 0
L 10.49199832 18.7580016 10.74599832 18.2500016 0 P 0
L 10.49199832 18.7580016 10.99999832 18.5040016 0 P 0
L 10.49199832 19.24200114 10.74599832 19.75000114 0 P 0
L 10.49199832 19.24200114 10.99999832 19.49600114 0 P 0
L 10.49199832 20.25800114 10.74599832 19.75000114 0 P 0
L 10.49199832 20.25800114 10.99999832 20.00400114 0 P 0
L 10.49199832 20.74200068 10.74599832 21.25000068 0 P 0
L 10.49199832 20.74200068 10.99999832 20.99600068 0 P 0
L 10.49199832 21.75800068 10.74599832 21.25000068 0 P 0
L 10.49199832 21.75800068 10.99999832 21.50400068 0 P 0
L 10.49200086 0.24200104 10.74600086 0.75000104 0 P 0
L 10.49200086 0.24200104 11.00000086 0.49600104 0 P 0
L 10.49200086 1.25800104 10.74600086 0.75000104 0 P 0
L 10.49200086 1.25800104 11.00000086 1.00400104 0 P 0
L 10.99999832 5.99600528 11.50799832 5.74200528 0 P 0
L 10.99999832 6.50400528 11.50799832 6.75800528 0 P 0
L 10.99999832 7.49600482 11.50799832 7.24200482 0 P 0
L 10.99999832 8.00400482 11.50799832 8.25800482 0 P 0
L 10.99999832 8.99600436 11.50799832 8.74200436 0 P 0
L 10.99999832 9.50400436 11.50799832 9.75800436 0 P 0
L 10.99999832 11.99600344 11.50799832 11.74200344 0 P 0
L 10.99999832 12.50400344 11.50799832 12.75800344 0 P 0
L 10.99999832 17.9960016 11.50799832 17.7420016 0 P 0
L 10.99999832 18.5040016 11.50799832 18.7580016 0 P 0
L 10.99999832 19.49600114 11.50799832 19.24200114 0 P 0
L 10.99999832 20.00400114 11.50799832 20.25800114 0 P 0
L 10.99999832 20.99600068 11.50799832 20.74200068 0 P 0
L 10.99999832 21.50400068 11.50799832 21.75800068 0 P 0
L 11.00000086 0.49600104 11.50800086 0.24200104 0 P 0
L 11.00000086 1.00400104 11.50800086 1.25800104 0 P 0
L 11.25399832 6.25000528 11.50799832 5.74200528 0 P 0
L 11.25399832 6.25000528 11.50799832 6.75800528 0 P 0
L 11.25399832 7.75000482 11.50799832 7.24200482 0 P 0
L 11.25399832 7.75000482 11.50799832 8.25800482 0 P 0
L 11.25399832 9.25000436 11.50799832 8.74200436 0 P 0
L 11.25399832 9.25000436 11.50799832 9.75800436 0 P 0
L 11.25399832 12.25000344 11.50799832 11.74200344 0 P 0
L 11.25399832 12.25000344 11.50799832 12.75800344 0 P 0
L 11.25399832 18.2500016 11.50799832 17.7420016 0 P 0
L 11.25399832 18.2500016 11.50799832 18.7580016 0 P 0
L 11.25399832 19.75000114 11.50799832 19.24200114 0 P 0
L 11.25399832 19.75000114 11.50799832 20.25800114 0 P 0
L 11.25399832 21.25000068 11.50799832 20.74200068 0 P 0
L 11.25399832 21.25000068 11.50799832 21.75800068 0 P 0
L 11.25400086 0.75000104 11.50800086 0.24200104 0 P 0
L 11.25400086 0.75000104 11.50800086 1.25800104 0 P 0
L 11.99199786 2.7420062 12.24599786 3.2500062 0 P 0
L 11.99199786 2.7420062 12.49999786 2.9960062 0 P 0
L 11.99199786 3.7580062 12.24599786 3.2500062 0 P 0
L 11.99199786 3.7580062 12.49999786 3.5040062 0 P 0
L 11.99199786 4.24200574 12.24599786 4.75000574 0 P 0
L 11.99199786 4.24200574 12.49999786 4.49600574 0 P 0
L 11.99199786 5.25800574 12.24599786 4.75000574 0 P 0
L 11.99199786 5.25800574 12.49999786 5.00400574 0 P 0
L 11.99199786 5.74200528 12.24599786 6.25000528 0 P 0
L 11.99199786 5.74200528 12.49999786 5.99600528 0 P 0
L 11.99199786 6.75800528 12.24599786 6.25000528 0 P 0
L 11.99199786 6.75800528 12.49999786 6.50400528 0 P 0
L 11.99199786 7.24200482 12.24599786 7.75000482 0 P 0
L 11.99199786 7.24200482 12.49999786 7.49600482 0 P 0
L 11.99199786 8.25800482 12.24599786 7.75000482 0 P 0
L 11.99199786 8.25800482 12.49999786 8.00400482 0 P 0
L 11.99199786 10.2420039 12.24599786 10.7500039 0 P 0
L 11.99199786 10.2420039 12.49999786 10.4960039 0 P 0
L 11.99199786 11.2580039 12.24599786 10.7500039 0 P 0
L 11.99199786 11.2580039 12.49999786 11.0040039 0 P 0
L 11.99199786 20.74200068 12.24599786 21.25000068 0 P 0
L 11.99199786 20.74200068 12.49999786 20.99600068 0 P 0
L 11.99199786 21.75800068 12.24599786 21.25000068 0 P 0
L 11.99199786 21.75800068 12.49999786 21.50400068 0 P 0
L 11.9920004 0.24200104 12.2460004 0.75000104 0 P 0
L 11.9920004 0.24200104 12.5000004 0.49600104 0 P 0
L 11.9920004 1.25800104 12.2460004 0.75000104 0 P 0
L 11.9920004 1.25800104 12.5000004 1.00400104 0 P 0
L 12.49999786 2.9960062 13.00799786 2.7420062 0 P 0
L 12.49999786 3.5040062 13.00799786 3.7580062 0 P 0
L 12.49999786 4.49600574 13.00799786 4.24200574 0 P 0
L 12.49999786 5.00400574 13.00799786 5.25800574 0 P 0
L 12.49999786 5.99600528 13.00799786 5.74200528 0 P 0
L 12.49999786 6.50400528 13.00799786 6.75800528 0 P 0
L 12.49999786 7.49600482 13.00799786 7.24200482 0 P 0
L 12.49999786 8.00400482 13.00799786 8.25800482 0 P 0
L 12.49999786 10.4960039 13.00799786 10.2420039 0 P 0
L 12.49999786 11.0040039 13.00799786 11.2580039 0 P 0
L 12.49999786 20.99600068 13.00799786 20.74200068 0 P 0
L 12.49999786 21.50400068 13.00799786 21.75800068 0 P 0
L 12.5000004 0.49600104 13.0080004 0.24200104 0 P 0
L 12.5000004 1.00400104 13.0080004 1.25800104 0 P 0
L 12.75399786 3.2500062 13.00799786 2.7420062 0 P 0
L 12.75399786 3.2500062 13.00799786 3.7580062 0 P 0
L 12.75399786 4.75000574 13.00799786 4.24200574 0 P 0
L 12.75399786 4.75000574 13.00799786 5.25800574 0 P 0
L 12.75399786 6.25000528 13.00799786 5.74200528 0 P 0
L 12.75399786 6.25000528 13.00799786 6.75800528 0 P 0
L 12.75399786 7.75000482 13.00799786 7.24200482 0 P 0
L 12.75399786 7.75000482 13.00799786 8.25800482 0 P 0
L 12.75399786 10.7500039 13.00799786 10.2420039 0 P 0
L 12.75399786 10.7500039 13.00799786 11.2580039 0 P 0
L 12.75399786 21.25000068 13.00799786 20.74200068 0 P 0
L 12.75399786 21.25000068 13.00799786 21.75800068 0 P 0
L 12.7540004 0.75000104 13.0080004 0.24200104 0 P 0
L 12.7540004 0.75000104 13.0080004 1.25800104 0 P 0
L 12.7919734 16.8919652 13.0459734 17.3999652 0 P 0
L 12.7919734 16.8919652 13.2999734 17.1459652 0 P 0
L 12.7919734 17.9079652 13.0459734 17.3999652 0 P 0
L 12.7919734 17.9079652 13.2999734 17.6539652 0 P 0
L 13.2999734 17.1459652 13.8079734 16.8919652 0 P 0
L 13.2999734 17.6539652 13.8079734 17.9079652 0 P 0
L 13.4919974 8.74200436 13.7459974 9.25000436 0 P 0
L 13.4919974 8.74200436 13.9999974 8.99600436 0 P 0
L 13.4919974 9.75800436 13.7459974 9.25000436 0 P 0
L 13.4919974 9.75800436 13.9999974 9.50400436 0 P 0
L 13.4919974 13.24200298 13.7459974 13.75000298 0 P 0
L 13.4919974 13.24200298 13.9999974 13.49600298 0 P 0
L 13.4919974 14.25800298 13.7459974 13.75000298 0 P 0
L 13.4919974 14.25800298 13.9999974 14.00400298 0 P 0
L 13.4919974 20.74200068 13.7459974 21.25000068 0 P 0
L 13.4919974 20.74200068 13.9999974 20.99600068 0 P 0
L 13.4919974 21.75800068 13.7459974 21.25000068 0 P 0
L 13.4919974 21.75800068 13.9999974 21.50400068 0 P 0
L 13.49199994 0.24200104 13.74599994 0.75000104 0 P 0
L 13.49199994 0.24200104 13.99999994 0.49600104 0 P 0
L 13.49199994 1.25800104 13.74599994 0.75000104 0 P 0
L 13.49199994 1.25800104 13.99999994 1.00400104 0 P 0
L 13.5539734 17.3999652 13.8079734 16.8919652 0 P 0
L 13.5539734 17.3999652 13.8079734 17.9079652 0 P 0
L 13.9999974 8.99600436 14.5079974 8.74200436 0 P 0
L 13.9999974 9.50400436 14.5079974 9.75800436 0 P 0
L 13.9999974 13.49600298 14.5079974 13.24200298 0 P 0
L 13.9999974 14.00400298 14.5079974 14.25800298 0 P 0
L 13.9999974 20.99600068 14.5079974 20.74200068 0 P 0
L 13.9999974 21.50400068 14.5079974 21.75800068 0 P 0
L 13.99999994 0.49600104 14.50799994 0.24200104 0 P 0
L 13.99999994 1.00400104 14.50799994 1.25800104 0 P 0
L 14.21699976 13.59199974 14.47099976 14.09999974 0 P 0
L 14.21699976 13.59199974 14.72499976 13.84599974 0 P 0
L 14.21699976 14.60799974 14.47099976 14.09999974 0 P 0
L 14.21699976 14.60799974 14.72499976 14.35399974 0 P 0
L 14.2539974 9.25000436 14.5079974 8.74200436 0 P 0
L 14.2539974 9.25000436 14.5079974 9.75800436 0 P 0
L 14.2539974 13.75000298 14.5079974 13.24200298 0 P 0
L 14.2539974 13.75000298 14.5079974 14.25800298 0 P 0
L 14.2539974 21.25000068 14.5079974 20.74200068 0 P 0
L 14.2539974 21.25000068 14.5079974 21.75800068 0 P 0
L 14.25399994 0.75000104 14.50799994 0.24200104 0 P 0
L 14.25399994 0.75000104 14.50799994 1.25800104 0 P 0
L 14.49200048 2.74200112 14.74600048 3.25000112 0 P 0
L 14.49200048 2.74200112 15.00000048 2.99600112 0 P 0
L 14.49200048 3.75800112 14.74600048 3.25000112 0 P 0
L 14.49200048 3.75800112 15.00000048 3.50400112 0 P 0
L 14.72499976 13.84599974 15.23299976 13.59199974 0 P 0
L 14.72499976 14.35399974 15.23299976 14.60799974 0 P 0
L 14.97899976 14.09999974 15.23299976 13.59199974 0 P 0
L 14.97899976 14.09999974 15.23299976 14.60799974 0 P 0
L 14.99199694 5.74200528 15.24599694 6.25000528 0 P 0
L 14.99199694 5.74200528 15.49999694 5.99600528 0 P 0
L 14.99199694 6.75800528 15.24599694 6.25000528 0 P 0
L 14.99199694 6.75800528 15.49999694 6.50400528 0 P 0
L 14.99199694 11.74200344 15.24599694 12.25000344 0 P 0
L 14.99199694 11.74200344 15.49999694 11.99600344 0 P 0
L 14.99199694 12.75800344 15.24599694 12.25000344 0 P 0
L 14.99199694 12.75800344 15.49999694 12.50400344 0 P 0
L 14.99199694 20.74200068 15.24599694 21.25000068 0 P 0
L 14.99199694 20.74200068 15.49999694 20.99600068 0 P 0
L 14.99199694 21.75800068 15.24599694 21.25000068 0 P 0
L 14.99199694 21.75800068 15.49999694 21.50400068 0 P 0
L 14.99199948 0.24200104 15.24599948 0.75000104 0 P 0
L 14.99199948 0.24200104 15.49999948 0.49600104 0 P 0
L 14.99199948 1.25800104 15.24599948 0.75000104 0 P 0
L 14.99199948 1.25800104 15.49999948 1.00400104 0 P 0
L 15.00000048 2.99600112 15.50800048 2.74200112 0 P 0
L 15.00000048 3.50400112 15.50800048 3.75800112 0 P 0
L 15.25400048 3.25000112 15.50800048 2.74200112 0 P 0
L 15.25400048 3.25000112 15.50800048 3.75800112 0 P 0
L 15.3919682 16.8919652 15.6459682 17.3999652 0 P 0
L 15.3919682 16.8919652 15.8999682 17.1459652 0 P 0
L 15.3919682 17.9079652 15.6459682 17.3999652 0 P 0
L 15.3919682 17.9079652 15.8999682 17.6539652 0 P 0
L 15.49999694 5.99600528 16.00799694 5.74200528 0 P 0
L 15.49999694 6.50400528 16.00799694 6.75800528 0 P 0
L 15.49999694 11.99600344 16.00799694 11.74200344 0 P 0
L 15.49999694 12.50400344 16.00799694 12.75800344 0 P 0
L 15.49999694 20.99600068 16.00799694 20.74200068 0 P 0
L 15.49999694 21.50400068 16.00799694 21.75800068 0 P 0
L 15.49999948 0.49600104 16.00799948 0.24200104 0 P 0
L 15.49999948 1.00400104 16.00799948 1.25800104 0 P 0
L 15.75399694 6.25000528 16.00799694 5.74200528 0 P 0
L 15.75399694 6.25000528 16.00799694 6.75800528 0 P 0
L 15.75399694 12.25000344 16.00799694 11.74200344 0 P 0
L 15.75399694 12.25000344 16.00799694 12.75800344 0 P 0
L 15.75399694 21.25000068 16.00799694 20.74200068 0 P 0
L 15.75399694 21.25000068 16.00799694 21.75800068 0 P 0
L 15.75399948 0.75000104 16.00799948 0.24200104 0 P 0
L 15.75399948 0.75000104 16.00799948 1.25800104 0 P 0
L 15.8999682 17.1459652 16.4079682 16.8919652 0 P 0
L 15.8999682 17.6539652 16.4079682 17.9079652 0 P 0
L 16.1539682 17.3999652 16.4079682 16.8919652 0 P 0
L 16.1539682 17.3999652 16.4079682 17.9079652 0 P 0
L 16.49199648 5.74200528 16.74599648 6.25000528 0 P 0
L 16.49199648 5.74200528 16.99999648 5.99600528 0 P 0
L 16.49199648 6.75800528 16.74599648 6.25000528 0 P 0
L 16.49199648 6.75800528 16.99999648 6.50400528 0 P 0
L 16.49199648 10.2420039 16.74599648 10.7500039 0 P 0
L 16.49199648 10.2420039 16.99999648 10.4960039 0 P 0
L 16.49199648 11.2580039 16.74599648 10.7500039 0 P 0
L 16.49199648 11.2580039 16.99999648 11.0040039 0 P 0
L 16.49199648 11.74200344 16.74599648 12.25000344 0 P 0
L 16.49199648 11.74200344 16.99999648 11.99600344 0 P 0
L 16.49199648 12.75800344 16.74599648 12.25000344 0 P 0
L 16.49199648 12.75800344 16.99999648 12.50400344 0 P 0
L 16.49199648 20.74200068 16.74599648 21.25000068 0 P 0
L 16.49199648 20.74200068 16.99999648 20.99600068 0 P 0
L 16.49199648 21.75800068 16.74599648 21.25000068 0 P 0
L 16.49199648 21.75800068 16.99999648 21.50400068 0 P 0
L 16.49199902 0.24200104 16.74599902 0.75000104 0 P 0
L 16.49199902 0.24200104 16.99999902 0.49600104 0 P 0
L 16.49199902 1.25800104 16.74599902 0.75000104 0 P 0
L 16.49199902 1.25800104 16.99999902 1.00400104 0 P 0
L 16.89200076 16.99200056 17.14600076 17.50000056 0 P 0
L 16.89200076 16.99200056 17.40000076 17.24600056 0 P 0
L 16.89200076 18.00800056 17.14600076 17.50000056 0 P 0
L 16.89200076 18.00800056 17.40000076 17.75400056 0 P 0
L 16.99999648 5.99600528 17.50799648 5.74200528 0 P 0
L 16.99999648 6.50400528 17.50799648 6.75800528 0 P 0
L 16.99999648 10.4960039 17.50799648 10.2420039 0 P 0
L 16.99999648 11.0040039 17.50799648 11.2580039 0 P 0
L 16.99999648 11.99600344 17.50799648 11.74200344 0 P 0
L 16.99999648 12.50400344 17.50799648 12.75800344 0 P 0
L 16.99999648 20.99600068 17.50799648 20.74200068 0 P 0
L 16.99999648 21.50400068 17.50799648 21.75800068 0 P 0
L 16.99999902 0.49600104 17.50799902 0.24200104 0 P 0
L 16.99999902 1.00400104 17.50799902 1.25800104 0 P 0
L 17.25399648 6.25000528 17.50799648 5.74200528 0 P 0
L 17.25399648 6.25000528 17.50799648 6.75800528 0 P 0
L 17.25399648 10.7500039 17.50799648 10.2420039 0 P 0
L 17.25399648 10.7500039 17.50799648 11.2580039 0 P 0
L 17.25399648 12.25000344 17.50799648 11.74200344 0 P 0
L 17.25399648 12.25000344 17.50799648 12.75800344 0 P 0
L 17.25399648 21.25000068 17.50799648 20.74200068 0 P 0
L 17.25399648 21.25000068 17.50799648 21.75800068 0 P 0
L 17.25399902 0.75000104 17.50799902 0.24200104 0 P 0
L 17.25399902 0.75000104 17.50799902 1.25800104 0 P 0
L 17.39199976 19.79200004 17.64599976 20.30000004 0 P 0
L 17.39199976 19.79200004 17.89999976 20.04600004 0 P 0
L 17.39199976 20.80800004 17.64599976 20.30000004 0 P 0
L 17.39199976 20.80800004 17.89999976 20.55400004 0 P 0
L 17.40000076 17.24600056 17.90800076 16.99200056 0 P 0
L 17.40000076 17.75400056 17.90800076 18.00800056 0 P 0
L 17.49199956 8.24200028 17.74599956 8.75000028 0 P 0
L 17.49199956 8.24200028 17.99999956 8.49600028 0 P 0
L 17.49199956 9.25800028 17.74599956 8.75000028 0 P 0
L 17.49199956 9.25800028 17.99999956 9.00400028 0 P 0
L 17.65400076 17.50000056 17.90800076 16.99200056 0 P 0
L 17.65400076 17.50000056 17.90800076 18.00800056 0 P 0
L 17.89999976 20.04600004 18.40799976 19.79200004 0 P 0
L 17.89999976 20.55400004 18.40799976 20.80800004 0 P 0
L 17.99199602 10.2420039 18.24599602 10.7500039 0 P 0
L 17.99199602 10.2420039 18.49999602 10.4960039 0 P 0
L 17.99199602 11.2580039 18.24599602 10.7500039 0 P 0
L 17.99199602 11.2580039 18.49999602 11.0040039 0 P 0
L 17.99199602 11.74200344 18.24599602 12.25000344 0 P 0
L 17.99199602 11.74200344 18.49999602 11.99600344 0 P 0
L 17.99199602 12.75800344 18.24599602 12.25000344 0 P 0
L 17.99199602 12.75800344 18.49999602 12.50400344 0 P 0
L 17.99199602 16.24200206 18.24599602 16.75000206 0 P 0
L 17.99199602 16.24200206 18.49999602 16.49600206 0 P 0
L 17.99199602 17.25800206 18.24599602 16.75000206 0 P 0
L 17.99199602 17.25800206 18.49999602 17.00400206 0 P 0
L 17.99199602 20.74200068 18.24599602 21.25000068 0 P 0
L 17.99199602 20.74200068 18.49999602 20.99600068 0 P 0
L 17.99199602 21.75800068 18.24599602 21.25000068 0 P 0
L 17.99199602 21.75800068 18.49999602 21.50400068 0 P 0
L 17.9920011 0.24200104 18.2460011 0.75000104 0 P 0
L 17.9920011 0.24200104 18.5000011 0.49600104 0 P 0
L 17.9920011 1.25800104 18.2460011 0.75000104 0 P 0
L 17.9920011 1.25800104 18.5000011 1.00400104 0 P 0
L 17.99999956 8.49600028 18.50799956 8.24200028 0 P 0
L 17.99999956 9.00400028 18.50799956 9.25800028 0 P 0
L 18.15399976 20.30000004 18.40799976 19.79200004 0 P 0
L 18.15399976 20.30000004 18.40799976 20.80800004 0 P 0
L 18.2420006 7.24199974 18.4960006 7.74999974 0 P 0
L 18.2420006 7.24199974 18.7500006 7.49599974 0 P 0
L 18.2420006 8.25799974 18.4960006 7.74999974 0 P 0
L 18.2420006 8.25799974 18.7500006 8.00399974 0 P 0
L 18.25399956 8.75000028 18.50799956 8.24200028 0 P 0
L 18.25399956 8.75000028 18.50799956 9.25800028 0 P 0
L 18.49999602 10.4960039 19.00799602 10.2420039 0 P 0
L 18.49999602 11.0040039 19.00799602 11.2580039 0 P 0
L 18.49999602 11.99600344 19.00799602 11.74200344 0 P 0
L 18.49999602 12.50400344 19.00799602 12.75800344 0 P 0
L 18.49999602 16.49600206 19.00799602 16.24200206 0 P 0
L 18.49999602 17.00400206 19.00799602 17.25800206 0 P 0
L 18.49999602 20.99600068 19.00799602 20.74200068 0 P 0
L 18.49999602 21.50400068 19.00799602 21.75800068 0 P 0
L 18.5000011 0.49600104 19.0080011 0.24200104 0 P 0
L 18.5000011 1.00400104 19.0080011 1.25800104 0 P 0
L 18.7500006 7.49599974 19.2580006 7.24199974 0 P 0
L 18.7500006 8.00399974 19.2580006 8.25799974 0 P 0
L 18.75399602 10.7500039 19.00799602 10.2420039 0 P 0
L 18.75399602 10.7500039 19.00799602 11.2580039 0 P 0
L 18.75399602 12.25000344 19.00799602 11.74200344 0 P 0
L 18.75399602 12.25000344 19.00799602 12.75800344 0 P 0
L 18.75399602 16.75000206 19.00799602 16.24200206 0 P 0
L 18.75399602 16.75000206 19.00799602 17.25800206 0 P 0
L 18.75399602 21.25000068 19.00799602 20.74200068 0 P 0
L 18.75399602 21.25000068 19.00799602 21.75800068 0 P 0
L 18.7540011 0.75000104 19.0080011 0.24200104 0 P 0
L 18.7540011 0.75000104 19.0080011 1.25800104 0 P 0
L 19.0040006 7.74999974 19.2580006 7.24199974 0 P 0
L 19.0040006 7.74999974 19.2580006 8.25799974 0 P 0
L 19.01700032 9.09200112 19.27100032 9.60000112 0 P 0
L 19.01700032 9.09200112 19.52500032 9.34600112 0 P 0
L 19.01700032 10.10800112 19.27100032 9.60000112 0 P 0
L 19.01700032 10.10800112 19.52500032 9.85400112 0 P 0
L 19.49199556 2.7420062 19.74599556 3.2500062 0 P 0
L 19.49199556 2.7420062 19.99999556 2.9960062 0 P 0
L 19.49199556 3.7580062 19.74599556 3.2500062 0 P 0
L 19.49199556 3.7580062 19.99999556 3.5040062 0 P 0
L 19.49199556 4.24200574 19.74599556 4.75000574 0 P 0
L 19.49199556 4.24200574 19.99999556 4.49600574 0 P 0
L 19.49199556 5.25800574 19.74599556 4.75000574 0 P 0
L 19.49199556 5.25800574 19.99999556 5.00400574 0 P 0
L 19.49199556 5.74200528 19.74599556 6.25000528 0 P 0
L 19.49199556 5.74200528 19.99999556 5.99600528 0 P 0
L 19.49199556 6.75800528 19.74599556 6.25000528 0 P 0
L 19.49199556 6.75800528 19.99999556 6.50400528 0 P 0
L 19.49199556 11.74200344 19.74599556 12.25000344 0 P 0
L 19.49199556 11.74200344 19.99999556 11.99600344 0 P 0
L 19.49199556 12.75800344 19.74599556 12.25000344 0 P 0
L 19.49199556 12.75800344 19.99999556 12.50400344 0 P 0
L 19.49199556 16.24200206 19.74599556 16.75000206 0 P 0
L 19.49199556 16.24200206 19.99999556 16.49600206 0 P 0
L 19.49199556 17.25800206 19.74599556 16.75000206 0 P 0
L 19.49199556 17.25800206 19.99999556 17.00400206 0 P 0
L 19.49199556 17.7420016 19.74599556 18.2500016 0 P 0
L 19.49199556 17.7420016 19.99999556 17.9960016 0 P 0
L 19.49199556 18.7580016 19.74599556 18.2500016 0 P 0
L 19.49199556 18.7580016 19.99999556 18.5040016 0 P 0
L 19.49199556 20.74200068 19.74599556 21.25000068 0 P 0
L 19.49199556 20.74200068 19.99999556 20.99600068 0 P 0
L 19.49199556 21.75800068 19.74599556 21.25000068 0 P 0
L 19.49199556 21.75800068 19.99999556 21.50400068 0 P 0
L 19.49200064 0.24200104 19.74600064 0.75000104 0 P 0
L 19.49200064 0.24200104 20.00000064 0.49600104 0 P 0
L 19.49200064 1.25800104 19.74600064 0.75000104 0 P 0
L 19.49200064 1.25800104 20.00000064 1.00400104 0 P 0
L 19.52500032 9.34600112 20.03300032 9.09200112 0 P 0
L 19.52500032 9.85400112 20.03300032 10.10800112 0 P 0
L 19.77900032 9.60000112 20.03300032 9.09200112 0 P 0
L 19.77900032 9.60000112 20.03300032 10.10800112 0 P 0
L 19.99999556 2.9960062 20.50799556 2.7420062 0 P 0
L 19.99999556 3.5040062 20.50799556 3.7580062 0 P 0
L 19.99999556 4.49600574 20.50799556 4.24200574 0 P 0
L 19.99999556 5.00400574 20.50799556 5.25800574 0 P 0
L 19.99999556 5.99600528 20.50799556 5.74200528 0 P 0
L 19.99999556 6.50400528 20.50799556 6.75800528 0 P 0
L 19.99999556 11.99600344 20.50799556 11.74200344 0 P 0
L 19.99999556 12.50400344 20.50799556 12.75800344 0 P 0
L 19.99999556 16.49600206 20.50799556 16.24200206 0 P 0
L 19.99999556 17.00400206 20.50799556 17.25800206 0 P 0
L 19.99999556 17.9960016 20.50799556 17.7420016 0 P 0
L 19.99999556 18.5040016 20.50799556 18.7580016 0 P 0
L 19.99999556 20.99600068 20.50799556 20.74200068 0 P 0
L 19.99999556 21.50400068 20.50799556 21.75800068 0 P 0
L 20.00000064 0.49600104 20.50800064 0.24200104 0 P 0
L 20.00000064 1.00400104 20.50800064 1.25800104 0 P 0
L 20.25399556 3.2500062 20.50799556 2.7420062 0 P 0
L 20.25399556 3.2500062 20.50799556 3.7580062 0 P 0
L 20.25399556 4.75000574 20.50799556 4.24200574 0 P 0
L 20.25399556 4.75000574 20.50799556 5.25800574 0 P 0
L 20.25399556 6.25000528 20.50799556 5.74200528 0 P 0
L 20.25399556 6.25000528 20.50799556 6.75800528 0 P 0
L 20.25399556 12.25000344 20.50799556 11.74200344 0 P 0
L 20.25399556 12.25000344 20.50799556 12.75800344 0 P 0
L 20.25399556 16.75000206 20.50799556 16.24200206 0 P 0
L 20.25399556 16.75000206 20.50799556 17.25800206 0 P 0
L 20.25399556 18.2500016 20.50799556 17.7420016 0 P 0
L 20.25399556 18.2500016 20.50799556 18.7580016 0 P 0
L 20.25399556 21.25000068 20.50799556 20.74200068 0 P 0
L 20.25399556 21.25000068 20.50799556 21.75800068 0 P 0
L 20.25400064 0.75000104 20.50800064 0.24200104 0 P 0
L 20.25400064 0.75000104 20.50800064 1.25800104 0 P 0
L 20.9919951 11.74200344 21.2459951 12.25000344 0 P 0
L 20.9919951 11.74200344 21.4999951 11.99600344 0 P 0
L 20.9919951 12.75800344 21.2459951 12.25000344 0 P 0
L 20.9919951 12.75800344 21.4999951 12.50400344 0 P 0
L 20.9919951 16.24200206 21.2459951 16.75000206 0 P 0
L 20.9919951 16.24200206 21.4999951 16.49600206 0 P 0
L 20.9919951 17.25800206 21.2459951 16.75000206 0 P 0
L 20.9919951 17.25800206 21.4999951 17.00400206 0 P 0
L 20.9919951 17.7420016 21.2459951 18.2500016 0 P 0
L 20.9919951 17.7420016 21.4999951 17.9960016 0 P 0
L 20.9919951 18.7580016 21.2459951 18.2500016 0 P 0
L 20.9919951 18.7580016 21.4999951 18.5040016 0 P 0
L 20.9919951 20.74200068 21.2459951 21.25000068 0 P 0
L 20.9919951 20.74200068 21.4999951 20.99600068 0 P 0
L 20.9919951 21.75800068 21.2459951 21.25000068 0 P 0
L 20.9919951 21.75800068 21.4999951 21.50400068 0 P 0
L 20.99200018 0.24200104 21.24600018 0.75000104 0 P 0
L 20.99200018 0.24200104 21.50000018 0.49600104 0 P 0
L 20.99200018 1.25800104 21.24600018 0.75000104 0 P 0
L 20.99200018 1.25800104 21.50000018 1.00400104 0 P 0
L 21.4999951 11.99600344 22.0079951 11.74200344 0 P 0
L 21.4999951 12.50400344 22.0079951 12.75800344 0 P 0
L 21.4999951 16.49600206 22.0079951 16.24200206 0 P 0
L 21.4999951 17.00400206 22.0079951 17.25800206 0 P 0
L 21.4999951 17.9960016 22.0079951 17.7420016 0 P 0
L 21.4999951 18.5040016 22.0079951 18.7580016 0 P 0
L 21.4999951 20.99600068 22.0079951 20.74200068 0 P 0
L 21.4999951 21.50400068 22.0079951 21.75800068 0 P 0
L 21.50000018 0.49600104 22.00800018 0.24200104 0 P 0
L 21.50000018 1.00400104 22.00800018 1.25800104 0 P 0
L 21.7539951 12.25000344 22.0079951 11.74200344 0 P 0
L 21.7539951 12.25000344 22.0079951 12.75800344 0 P 0
L 21.7539951 16.75000206 22.0079951 16.24200206 0 P 0
L 21.7539951 16.75000206 22.0079951 17.25800206 0 P 0
L 21.7539951 18.2500016 22.0079951 17.7420016 0 P 0
L 21.7539951 18.2500016 22.0079951 18.7580016 0 P 0
L 21.7539951 21.25000068 22.0079951 20.74200068 0 P 0
L 21.7539951 21.25000068 22.0079951 21.75800068 0 P 0
L 21.75400018 0.75000104 22.00800018 0.24200104 0 P 0
L 21.75400018 0.75000104 22.00800018 1.25800104 0 P 0
L 21.99200072 2.74200112 22.24600072 3.25000112 0 P 0
L 21.99200072 2.74200112 22.50000072 2.99600112 0 P 0
L 21.99200072 3.75800112 22.24600072 3.25000112 0 P 0
L 21.99200072 3.75800112 22.50000072 3.50400112 0 P 0
L 21.99200072 4.99199916 22.24600072 5.49999916 0 P 0
L 21.99200072 4.99199916 22.50000072 5.24599916 0 P 0
L 21.99200072 6.00799916 22.24600072 5.49999916 0 P 0
L 21.99200072 6.00799916 22.50000072 5.75399916 0 P 0
L 22.49199464 7.24200482 22.74599464 7.75000482 0 P 0
L 22.49199464 7.24200482 22.99999464 7.49600482 0 P 0
L 22.49199464 8.25800482 22.74599464 7.75000482 0 P 0
L 22.49199464 8.25800482 22.99999464 8.00400482 0 P 0
L 22.49199464 8.74200436 22.74599464 9.25000436 0 P 0
L 22.49199464 8.74200436 22.99999464 8.99600436 0 P 0
L 22.49199464 9.75800436 22.74599464 9.25000436 0 P 0
L 22.49199464 9.75800436 22.99999464 9.50400436 0 P 0
L 22.49199464 10.2420039 22.74599464 10.7500039 0 P 0
L 22.49199464 10.2420039 22.99999464 10.4960039 0 P 0
L 22.49199464 11.2580039 22.74599464 10.7500039 0 P 0
L 22.49199464 11.2580039 22.99999464 11.0040039 0 P 0
L 22.49199464 11.74200344 22.74599464 12.25000344 0 P 0
L 22.49199464 11.74200344 22.99999464 11.99600344 0 P 0
L 22.49199464 12.75800344 22.74599464 12.25000344 0 P 0
L 22.49199464 12.75800344 22.99999464 12.50400344 0 P 0
L 22.49199464 16.24200206 22.74599464 16.75000206 0 P 0
L 22.49199464 16.24200206 22.99999464 16.49600206 0 P 0
L 22.49199464 17.25800206 22.74599464 16.75000206 0 P 0
L 22.49199464 17.25800206 22.99999464 17.00400206 0 P 0
L 22.49199464 17.7420016 22.74599464 18.2500016 0 P 0
L 22.49199464 17.7420016 22.99999464 17.9960016 0 P 0
L 22.49199464 18.7580016 22.74599464 18.2500016 0 P 0
L 22.49199464 18.7580016 22.99999464 18.5040016 0 P 0
L 22.49199464 20.74200068 22.74599464 21.25000068 0 P 0
L 22.49199464 20.74200068 22.99999464 20.99600068 0 P 0
L 22.49199464 21.75800068 22.74599464 21.25000068 0 P 0
L 22.49199464 21.75800068 22.99999464 21.50400068 0 P 0
L 22.49199972 0.24200104 22.74599972 0.75000104 0 P 0
L 22.49199972 0.24200104 22.99999972 0.49600104 0 P 0
L 22.49199972 1.25800104 22.74599972 0.75000104 0 P 0
L 22.49199972 1.25800104 22.99999972 1.00400104 0 P 0
L 22.49199972 14.24200098 22.74599972 14.75000098 0 P 0
L 22.49199972 14.24200098 22.99999972 14.49600098 0 P 0
L 22.49199972 15.25800098 22.74599972 14.75000098 0 P 0
L 22.49199972 15.25800098 22.99999972 15.00400098 0 P 0
L 22.50000072 2.99600112 23.00800072 2.74200112 0 P 0
L 22.50000072 3.50400112 23.00800072 3.75800112 0 P 0
L 22.50000072 5.24599916 23.00800072 4.99199916 0 P 0
L 22.50000072 5.75399916 23.00800072 6.00799916 0 P 0
L 22.75400072 3.25000112 23.00800072 2.74200112 0 P 0
L 22.75400072 3.25000112 23.00800072 3.75800112 0 P 0
L 22.75400072 5.49999916 23.00800072 4.99199916 0 P 0
L 22.75400072 5.49999916 23.00800072 6.00799916 0 P 0
L 22.99999464 7.49600482 23.50799464 7.24200482 0 P 0
L 22.99999464 8.00400482 23.50799464 8.25800482 0 P 0
L 22.99999464 8.99600436 23.50799464 8.74200436 0 P 0
L 22.99999464 9.50400436 23.50799464 9.75800436 0 P 0
L 22.99999464 10.4960039 23.50799464 10.2420039 0 P 0
L 22.99999464 11.0040039 23.50799464 11.2580039 0 P 0
L 22.99999464 11.99600344 23.50799464 11.74200344 0 P 0
L 22.99999464 12.50400344 23.50799464 12.75800344 0 P 0
L 22.99999464 16.49600206 23.50799464 16.24200206 0 P 0
L 22.99999464 17.00400206 23.50799464 17.25800206 0 P 0
L 22.99999464 17.9960016 23.50799464 17.7420016 0 P 0
L 22.99999464 18.5040016 23.50799464 18.7580016 0 P 0
L 22.99999464 20.99600068 23.50799464 20.74200068 0 P 0
L 22.99999464 21.50400068 23.50799464 21.75800068 0 P 0
L 22.99999972 0.49600104 23.50799972 0.24200104 0 P 0
L 22.99999972 1.00400104 23.50799972 1.25800104 0 P 0
L 22.99999972 14.49600098 23.50799972 14.24200098 0 P 0
L 22.99999972 15.00400098 23.50799972 15.25800098 0 P 0
L 23.25399464 7.75000482 23.50799464 7.24200482 0 P 0
L 23.25399464 7.75000482 23.50799464 8.25800482 0 P 0
L 23.25399464 9.25000436 23.50799464 8.74200436 0 P 0
L 23.25399464 9.25000436 23.50799464 9.75800436 0 P 0
L 23.25399464 10.7500039 23.50799464 10.2420039 0 P 0
L 23.25399464 10.7500039 23.50799464 11.2580039 0 P 0
L 23.25399464 12.25000344 23.50799464 11.74200344 0 P 0
L 23.25399464 12.25000344 23.50799464 12.75800344 0 P 0
L 23.25399464 16.75000206 23.50799464 16.24200206 0 P 0
L 23.25399464 16.75000206 23.50799464 17.25800206 0 P 0
L 23.25399464 18.2500016 23.50799464 17.7420016 0 P 0
L 23.25399464 18.2500016 23.50799464 18.7580016 0 P 0
L 23.25399464 21.25000068 23.50799464 20.74200068 0 P 0
L 23.25399464 21.25000068 23.50799464 21.75800068 0 P 0
L 23.25399972 0.75000104 23.50799972 0.24200104 0 P 0
L 23.25399972 0.75000104 23.50799972 1.25800104 0 P 0
L 23.25399972 14.75000098 23.50799972 14.24200098 0 P 0
L 23.25399972 14.75000098 23.50799972 15.25800098 0 P 0
L 23.99199418 5.74200528 24.24599418 6.25000528 0 P 0
L 23.99199418 5.74200528 24.49999418 5.99600528 0 P 0
L 23.99199418 6.75800528 24.24599418 6.25000528 0 P 0
L 23.99199418 6.75800528 24.49999418 6.50400528 0 P 0
L 23.99199418 7.24200482 24.24599418 7.75000482 0 P 0
L 23.99199418 7.24200482 24.49999418 7.49600482 0 P 0
L 23.99199418 8.25800482 24.24599418 7.75000482 0 P 0
L 23.99199418 8.25800482 24.49999418 8.00400482 0 P 0
L 23.99199418 11.74200344 24.24599418 12.25000344 0 P 0
L 23.99199418 11.74200344 24.49999418 11.99600344 0 P 0
L 23.99199418 12.75800344 24.24599418 12.25000344 0 P 0
L 23.99199418 12.75800344 24.49999418 12.50400344 0 P 0
L 23.99199418 16.24200206 24.24599418 16.75000206 0 P 0
L 23.99199418 16.24200206 24.49999418 16.49600206 0 P 0
L 23.99199418 17.25800206 24.24599418 16.75000206 0 P 0
L 23.99199418 17.25800206 24.49999418 17.00400206 0 P 0
L 23.99199418 17.7420016 24.24599418 18.2500016 0 P 0
L 23.99199418 17.7420016 24.49999418 17.9960016 0 P 0
L 23.99199418 18.7580016 24.24599418 18.2500016 0 P 0
L 23.99199418 18.7580016 24.49999418 18.5040016 0 P 0
L 23.99199418 20.74200068 24.24599418 21.25000068 0 P 0
L 23.99199418 20.74200068 24.49999418 20.99600068 0 P 0
L 23.99199418 21.75800068 24.24599418 21.25000068 0 P 0
L 23.99199418 21.75800068 24.49999418 21.50400068 0 P 0
L 23.99199926 0.24200104 24.24599926 0.75000104 0 P 0
L 23.99199926 0.24200104 24.49999926 0.49600104 0 P 0
L 23.99199926 1.25800104 24.24599926 0.75000104 0 P 0
L 23.99199926 1.25800104 24.49999926 1.00400104 0 P 0
L 23.99199926 14.24200098 24.24599926 14.75000098 0 P 0
L 23.99199926 14.24200098 24.49999926 14.49600098 0 P 0
L 23.99199926 15.25800098 24.24599926 14.75000098 0 P 0
L 23.99199926 15.25800098 24.49999926 15.00400098 0 P 0
L 24.4920008 2.74200112 24.7460008 3.25000112 0 P 0
L 24.4920008 2.74200112 25.0000008 2.99600112 0 P 0
L 24.4920008 3.75800112 24.7460008 3.25000112 0 P 0
L 24.4920008 3.75800112 25.0000008 3.50400112 0 P 0
L 24.49999418 5.99600528 25.00799418 5.74200528 0 P 0
L 24.49999418 6.50400528 25.00799418 6.75800528 0 P 0
L 24.49999418 7.49600482 25.00799418 7.24200482 0 P 0
L 24.49999418 8.00400482 25.00799418 8.25800482 0 P 0
L 24.49999418 11.99600344 25.00799418 11.74200344 0 P 0
L 24.49999418 12.50400344 25.00799418 12.75800344 0 P 0
L 24.49999418 16.49600206 25.00799418 16.24200206 0 P 0
L 24.49999418 17.00400206 25.00799418 17.25800206 0 P 0
L 24.49999418 17.9960016 25.00799418 17.7420016 0 P 0
L 24.49999418 18.5040016 25.00799418 18.7580016 0 P 0
L 24.49999418 20.99600068 25.00799418 20.74200068 0 P 0
L 24.49999418 21.50400068 25.00799418 21.75800068 0 P 0
L 24.49999926 0.49600104 25.00799926 0.24200104 0 P 0
L 24.49999926 1.00400104 25.00799926 1.25800104 0 P 0
L 24.49999926 14.49600098 25.00799926 14.24200098 0 P 0
L 24.49999926 15.00400098 25.00799926 15.25800098 0 P 0
L 24.75399418 6.25000528 25.00799418 5.74200528 0 P 0
L 24.75399418 6.25000528 25.00799418 6.75800528 0 P 0
L 24.75399418 7.75000482 25.00799418 7.24200482 0 P 0
L 24.75399418 7.75000482 25.00799418 8.25800482 0 P 0
L 24.75399418 12.25000344 25.00799418 11.74200344 0 P 0
L 24.75399418 12.25000344 25.00799418 12.75800344 0 P 0
L 24.75399418 16.75000206 25.00799418 16.24200206 0 P 0
L 24.75399418 16.75000206 25.00799418 17.25800206 0 P 0
L 24.75399418 18.2500016 25.00799418 17.7420016 0 P 0
L 24.75399418 18.2500016 25.00799418 18.7580016 0 P 0
L 24.75399418 21.25000068 25.00799418 20.74200068 0 P 0
L 24.75399418 21.25000068 25.00799418 21.75800068 0 P 0
L 24.75399926 0.75000104 25.00799926 0.24200104 0 P 0
L 24.75399926 0.75000104 25.00799926 1.25800104 0 P 0
L 24.75399926 14.75000098 25.00799926 14.24200098 0 P 0
L 24.75399926 14.75000098 25.00799926 15.25800098 0 P 0
L 25.0000008 2.99600112 25.5080008 2.74200112 0 P 0
L 25.0000008 3.50400112 25.5080008 3.75800112 0 P 0
L 25.2540008 3.25000112 25.5080008 2.74200112 0 P 0
L 25.2540008 3.25000112 25.5080008 3.75800112 0 P 0
L 25.49199372 7.24200482 25.74599372 7.75000482 0 P 0
L 25.49199372 7.24200482 25.99999372 7.49600482 0 P 0
L 25.49199372 8.25800482 25.74599372 7.75000482 0 P 0
L 25.49199372 8.25800482 25.99999372 8.00400482 0 P 0
L 25.49199372 10.2420039 25.74599372 10.7500039 0 P 0
L 25.49199372 10.2420039 25.99999372 10.4960039 0 P 0
L 25.49199372 11.2580039 25.74599372 10.7500039 0 P 0
L 25.49199372 11.2580039 25.99999372 11.0040039 0 P 0
L 25.49199372 11.74200344 25.74599372 12.25000344 0 P 0
L 25.49199372 11.74200344 25.99999372 11.99600344 0 P 0
L 25.49199372 12.75800344 25.74599372 12.25000344 0 P 0
L 25.49199372 12.75800344 25.99999372 12.50400344 0 P 0
L 25.49199372 16.24200206 25.74599372 16.75000206 0 P 0
L 25.49199372 16.24200206 25.99999372 16.49600206 0 P 0
L 25.49199372 17.25800206 25.74599372 16.75000206 0 P 0
L 25.49199372 17.25800206 25.99999372 17.00400206 0 P 0
L 25.49199372 17.7420016 25.74599372 18.2500016 0 P 0
L 25.49199372 17.7420016 25.99999372 17.9960016 0 P 0
L 25.49199372 18.7580016 25.74599372 18.2500016 0 P 0
L 25.49199372 18.7580016 25.99999372 18.5040016 0 P 0
L 25.49199372 20.74200068 25.74599372 21.25000068 0 P 0
L 25.49199372 20.74200068 25.99999372 20.99600068 0 P 0
L 25.49199372 21.75800068 25.74599372 21.25000068 0 P 0
L 25.49199372 21.75800068 25.99999372 21.50400068 0 P 0
L 25.4919988 0.24200104 25.7459988 0.75000104 0 P 0
L 25.4919988 0.24200104 25.9999988 0.49600104 0 P 0
L 25.4919988 1.25800104 25.7459988 0.75000104 0 P 0
L 25.4919988 1.25800104 25.9999988 1.00400104 0 P 0
L 25.4919988 14.24200098 25.7459988 14.75000098 0 P 0
L 25.4919988 14.24200098 25.9999988 14.49600098 0 P 0
L 25.4919988 15.25800098 25.7459988 14.75000098 0 P 0
L 25.4919988 15.25800098 25.9999988 15.00400098 0 P 0
L 25.99999372 7.49600482 26.50799372 7.24200482 0 P 0
L 25.99999372 8.00400482 26.50799372 8.25800482 0 P 0
L 25.99999372 10.4960039 26.50799372 10.2420039 0 P 0
L 25.99999372 11.0040039 26.50799372 11.2580039 0 P 0
L 25.99999372 11.99600344 26.50799372 11.74200344 0 P 0
L 25.99999372 12.50400344 26.50799372 12.75800344 0 P 0
L 25.99999372 16.49600206 26.50799372 16.24200206 0 P 0
L 25.99999372 17.00400206 26.50799372 17.25800206 0 P 0
L 25.99999372 17.9960016 26.50799372 17.7420016 0 P 0
L 25.99999372 18.5040016 26.50799372 18.7580016 0 P 0
L 25.99999372 20.99600068 26.50799372 20.74200068 0 P 0
L 25.99999372 21.50400068 26.50799372 21.75800068 0 P 0
L 25.9999988 0.49600104 26.5079988 0.24200104 0 P 0
L 25.9999988 1.00400104 26.5079988 1.25800104 0 P 0
L 25.9999988 14.49600098 26.5079988 14.24200098 0 P 0
L 25.9999988 15.00400098 26.5079988 15.25800098 0 P 0
L 26.25399372 7.75000482 26.50799372 7.24200482 0 P 0
L 26.25399372 7.75000482 26.50799372 8.25800482 0 P 0
L 26.25399372 10.7500039 26.50799372 10.2420039 0 P 0
L 26.25399372 10.7500039 26.50799372 11.2580039 0 P 0
L 26.25399372 12.25000344 26.50799372 11.74200344 0 P 0
L 26.25399372 12.25000344 26.50799372 12.75800344 0 P 0
L 26.25399372 16.75000206 26.50799372 16.24200206 0 P 0
L 26.25399372 16.75000206 26.50799372 17.25800206 0 P 0
L 26.25399372 18.2500016 26.50799372 17.7420016 0 P 0
L 26.25399372 18.2500016 26.50799372 18.7580016 0 P 0
L 26.25399372 21.25000068 26.50799372 20.74200068 0 P 0
L 26.25399372 21.25000068 26.50799372 21.75800068 0 P 0
L 26.2539988 0.75000104 26.5079988 0.24200104 0 P 0
L 26.2539988 0.75000104 26.5079988 1.25800104 0 P 0
L 26.2539988 14.75000098 26.5079988 14.24200098 0 P 0
L 26.2539988 14.75000098 26.5079988 15.25800098 0 P 0
L 26.99199326 2.7420062 27.24599326 3.2500062 0 P 0
L 26.99199326 2.7420062 27.49999326 2.9960062 0 P 0
L 26.99199326 3.7580062 27.24599326 3.2500062 0 P 0
L 26.99199326 3.7580062 27.49999326 3.5040062 0 P 0
L 26.99199326 4.24200574 27.24599326 4.75000574 0 P 0
L 26.99199326 4.24200574 27.49999326 4.49600574 0 P 0
L 26.99199326 5.25800574 27.24599326 4.75000574 0 P 0
L 26.99199326 5.25800574 27.49999326 5.00400574 0 P 0
L 26.99199326 5.74200528 27.24599326 6.25000528 0 P 0
L 26.99199326 5.74200528 27.49999326 5.99600528 0 P 0
L 26.99199326 6.75800528 27.24599326 6.25000528 0 P 0
L 26.99199326 6.75800528 27.49999326 6.50400528 0 P 0
L 26.99199326 7.24200482 27.24599326 7.75000482 0 P 0
L 26.99199326 7.24200482 27.49999326 7.49600482 0 P 0
L 26.99199326 8.25800482 27.24599326 7.75000482 0 P 0
L 26.99199326 8.25800482 27.49999326 8.00400482 0 P 0
L 26.99199326 8.74200436 27.24599326 9.25000436 0 P 0
L 26.99199326 8.74200436 27.49999326 8.99600436 0 P 0
L 26.99199326 9.75800436 27.24599326 9.25000436 0 P 0
L 26.99199326 9.75800436 27.49999326 9.50400436 0 P 0
L 26.99199326 10.2420039 27.24599326 10.7500039 0 P 0
L 26.99199326 10.2420039 27.49999326 10.4960039 0 P 0
L 26.99199326 11.2580039 27.24599326 10.7500039 0 P 0
L 26.99199326 11.2580039 27.49999326 11.0040039 0 P 0
L 26.99199326 11.74200344 27.24599326 12.25000344 0 P 0
L 26.99199326 11.74200344 27.49999326 11.99600344 0 P 0
L 26.99199326 12.75800344 27.24599326 12.25000344 0 P 0
L 26.99199326 12.75800344 27.49999326 12.50400344 0 P 0
L 26.99199326 16.24200206 27.24599326 16.75000206 0 P 0
L 26.99199326 16.24200206 27.49999326 16.49600206 0 P 0
L 26.99199326 17.25800206 27.24599326 16.75000206 0 P 0
L 26.99199326 17.25800206 27.49999326 17.00400206 0 P 0
L 26.99199326 17.7420016 27.24599326 18.2500016 0 P 0
L 26.99199326 17.7420016 27.49999326 17.9960016 0 P 0
L 26.99199326 18.7580016 27.24599326 18.2500016 0 P 0
L 26.99199326 18.7580016 27.49999326 18.5040016 0 P 0
L 26.99199326 20.74200068 27.24599326 21.25000068 0 P 0
L 26.99199326 20.74200068 27.49999326 20.99600068 0 P 0
L 26.99199326 21.75800068 27.24599326 21.25000068 0 P 0
L 26.99199326 21.75800068 27.49999326 21.50400068 0 P 0
L 26.99200088 0.24200104 27.24600088 0.75000104 0 P 0
L 26.99200088 0.24200104 27.50000088 0.49600104 0 P 0
L 26.99200088 1.25800104 27.24600088 0.75000104 0 P 0
L 26.99200088 1.25800104 27.50000088 1.00400104 0 P 0
L 26.99200088 14.24200098 27.24600088 14.75000098 0 P 0
L 26.99200088 14.24200098 27.50000088 14.49600098 0 P 0
L 26.99200088 15.25800098 27.24600088 14.75000098 0 P 0
L 26.99200088 15.25800098 27.50000088 15.00400098 0 P 0
L 27.49999326 2.9960062 28.00799326 2.7420062 0 P 0
L 27.49999326 3.5040062 28.00799326 3.7580062 0 P 0
L 27.49999326 4.49600574 28.00799326 4.24200574 0 P 0
L 27.49999326 5.00400574 28.00799326 5.25800574 0 P 0
L 27.49999326 5.99600528 28.00799326 5.74200528 0 P 0
L 27.49999326 6.50400528 28.00799326 6.75800528 0 P 0
L 27.49999326 7.49600482 28.00799326 7.24200482 0 P 0
L 27.49999326 8.00400482 28.00799326 8.25800482 0 P 0
L 27.49999326 8.99600436 28.00799326 8.74200436 0 P 0
L 27.49999326 9.50400436 28.00799326 9.75800436 0 P 0
L 27.49999326 10.4960039 28.00799326 10.2420039 0 P 0
L 27.49999326 11.0040039 28.00799326 11.2580039 0 P 0
L 27.49999326 11.99600344 28.00799326 11.74200344 0 P 0
L 27.49999326 12.50400344 28.00799326 12.75800344 0 P 0
L 27.49999326 16.49600206 28.00799326 16.24200206 0 P 0
L 27.49999326 17.00400206 28.00799326 17.25800206 0 P 0
L 27.49999326 17.9960016 28.00799326 17.7420016 0 P 0
L 27.49999326 18.5040016 28.00799326 18.7580016 0 P 0
L 27.49999326 20.99600068 28.00799326 20.74200068 0 P 0
L 27.49999326 21.50400068 28.00799326 21.75800068 0 P 0
L 27.50000088 0.49600104 28.00800088 0.24200104 0 P 0
L 27.50000088 1.00400104 28.00800088 1.25800104 0 P 0
L 27.50000088 14.49600098 28.00800088 14.24200098 0 P 0
L 27.50000088 15.00400098 28.00800088 15.25800098 0 P 0
L 27.75399326 3.2500062 28.00799326 2.7420062 0 P 0
L 27.75399326 3.2500062 28.00799326 3.7580062 0 P 0
L 27.75399326 4.75000574 28.00799326 4.24200574 0 P 0
L 27.75399326 4.75000574 28.00799326 5.25800574 0 P 0
L 27.75399326 6.25000528 28.00799326 5.74200528 0 P 0
L 27.75399326 6.25000528 28.00799326 6.75800528 0 P 0
L 27.75399326 7.75000482 28.00799326 7.24200482 0 P 0
L 27.75399326 7.75000482 28.00799326 8.25800482 0 P 0
L 27.75399326 9.25000436 28.00799326 8.74200436 0 P 0
L 27.75399326 9.25000436 28.00799326 9.75800436 0 P 0
L 27.75399326 10.7500039 28.00799326 10.2420039 0 P 0
L 27.75399326 10.7500039 28.00799326 11.2580039 0 P 0
L 27.75399326 12.25000344 28.00799326 11.74200344 0 P 0
L 27.75399326 12.25000344 28.00799326 12.75800344 0 P 0
L 27.75399326 16.75000206 28.00799326 16.24200206 0 P 0
L 27.75399326 16.75000206 28.00799326 17.25800206 0 P 0
L 27.75399326 18.2500016 28.00799326 17.7420016 0 P 0
L 27.75399326 18.2500016 28.00799326 18.7580016 0 P 0
L 27.75399326 21.25000068 28.00799326 20.74200068 0 P 0
L 27.75399326 21.25000068 28.00799326 21.75800068 0 P 0
L 27.75400088 0.75000104 28.00800088 0.24200104 0 P 0
L 27.75400088 0.75000104 28.00800088 1.25800104 0 P 0
L 27.75400088 14.75000098 28.00800088 14.24200098 0 P 0
L 27.75400088 14.75000098 28.00800088 15.25800098 0 P 0
L 28.4919928 5.74200528 28.7459928 6.25000528 0 P 0
L 28.4919928 5.74200528 28.9999928 5.99600528 0 P 0
L 28.4919928 6.75800528 28.7459928 6.25000528 0 P 0
L 28.4919928 6.75800528 28.9999928 6.50400528 0 P 0
L 28.4919928 7.24200482 28.7459928 7.75000482 0 P 0
L 28.4919928 7.24200482 28.9999928 7.49600482 0 P 0
L 28.4919928 8.25800482 28.7459928 7.75000482 0 P 0
L 28.4919928 8.25800482 28.9999928 8.00400482 0 P 0
L 28.4919928 8.74200436 28.7459928 9.25000436 0 P 0
L 28.4919928 8.74200436 28.9999928 8.99600436 0 P 0
L 28.4919928 9.75800436 28.7459928 9.25000436 0 P 0
L 28.4919928 9.75800436 28.9999928 9.50400436 0 P 0
L 28.4919928 10.2420039 28.7459928 10.7500039 0 P 0
L 28.4919928 10.2420039 28.9999928 10.4960039 0 P 0
L 28.4919928 11.2580039 28.7459928 10.7500039 0 P 0
L 28.4919928 11.2580039 28.9999928 11.0040039 0 P 0
L 28.4919928 11.74200344 28.7459928 12.25000344 0 P 0
L 28.4919928 11.74200344 28.9999928 11.99600344 0 P 0
L 28.4919928 12.75800344 28.7459928 12.25000344 0 P 0
L 28.4919928 12.75800344 28.9999928 12.50400344 0 P 0
L 28.4919928 16.24200206 28.7459928 16.75000206 0 P 0
L 28.4919928 16.24200206 28.9999928 16.49600206 0 P 0
L 28.4919928 17.25800206 28.7459928 16.75000206 0 P 0
L 28.4919928 17.25800206 28.9999928 17.00400206 0 P 0
L 28.4919928 17.7420016 28.7459928 18.2500016 0 P 0
L 28.4919928 17.7420016 28.9999928 17.9960016 0 P 0
L 28.4919928 18.7580016 28.7459928 18.2500016 0 P 0
L 28.4919928 18.7580016 28.9999928 18.5040016 0 P 0
L 28.4919928 20.74200068 28.7459928 21.25000068 0 P 0
L 28.4919928 20.74200068 28.9999928 20.99600068 0 P 0
L 28.4919928 21.75800068 28.7459928 21.25000068 0 P 0
L 28.4919928 21.75800068 28.9999928 21.50400068 0 P 0
L 28.49200042 0.24200104 28.74600042 0.75000104 0 P 0
L 28.49200042 0.24200104 29.00000042 0.49600104 0 P 0
L 28.49200042 1.25800104 28.74600042 0.75000104 0 P 0
L 28.49200042 1.25800104 29.00000042 1.00400104 0 P 0
L 28.49200042 14.24200098 28.74600042 14.75000098 0 P 0
L 28.49200042 14.24200098 29.00000042 14.49600098 0 P 0
L 28.49200042 15.25800098 28.74600042 14.75000098 0 P 0
L 28.49200042 15.25800098 29.00000042 15.00400098 0 P 0
L 28.9999928 5.99600528 29.5079928 5.74200528 0 P 0
L 28.9999928 6.50400528 29.5079928 6.75800528 0 P 0
L 28.9999928 7.49600482 29.5079928 7.24200482 0 P 0
L 28.9999928 8.00400482 29.5079928 8.25800482 0 P 0
L 28.9999928 8.99600436 29.5079928 8.74200436 0 P 0
L 28.9999928 9.50400436 29.5079928 9.75800436 0 P 0
L 28.9999928 10.4960039 29.5079928 10.2420039 0 P 0
L 28.9999928 11.0040039 29.5079928 11.2580039 0 P 0
L 28.9999928 11.99600344 29.5079928 11.74200344 0 P 0
L 28.9999928 12.50400344 29.5079928 12.75800344 0 P 0
L 28.9999928 16.49600206 29.5079928 16.24200206 0 P 0
L 28.9999928 17.00400206 29.5079928 17.25800206 0 P 0
L 28.9999928 17.9960016 29.5079928 17.7420016 0 P 0
L 28.9999928 18.5040016 29.5079928 18.7580016 0 P 0
L 28.9999928 20.99600068 29.5079928 20.74200068 0 P 0
L 28.9999928 21.50400068 29.5079928 21.75800068 0 P 0
L 29.00000042 0.49600104 29.50800042 0.24200104 0 P 0
L 29.00000042 1.00400104 29.50800042 1.25800104 0 P 0
L 29.00000042 14.49600098 29.50800042 14.24200098 0 P 0
L 29.00000042 15.00400098 29.50800042 15.25800098 0 P 0
L 29.2539928 6.25000528 29.5079928 5.74200528 0 P 0
L 29.2539928 6.25000528 29.5079928 6.75800528 0 P 0
L 29.2539928 7.75000482 29.5079928 7.24200482 0 P 0
L 29.2539928 7.75000482 29.5079928 8.25800482 0 P 0
L 29.2539928 9.25000436 29.5079928 8.74200436 0 P 0
L 29.2539928 9.25000436 29.5079928 9.75800436 0 P 0
L 29.2539928 10.7500039 29.5079928 10.2420039 0 P 0
L 29.2539928 10.7500039 29.5079928 11.2580039 0 P 0
L 29.2539928 12.25000344 29.5079928 11.74200344 0 P 0
L 29.2539928 12.25000344 29.5079928 12.75800344 0 P 0
L 29.2539928 16.75000206 29.5079928 16.24200206 0 P 0
L 29.2539928 16.75000206 29.5079928 17.25800206 0 P 0
L 29.2539928 18.2500016 29.5079928 17.7420016 0 P 0
L 29.2539928 18.2500016 29.5079928 18.7580016 0 P 0
L 29.2539928 21.25000068 29.5079928 20.74200068 0 P 0
L 29.2539928 21.25000068 29.5079928 21.75800068 0 P 0
L 29.25400042 0.75000104 29.50800042 0.24200104 0 P 0
L 29.25400042 0.75000104 29.50800042 1.25800104 0 P 0
L 29.25400042 14.75000098 29.50800042 14.24200098 0 P 0
L 29.25400042 14.75000098 29.50800042 15.25800098 0 P 0
L 29.99199234 2.7420062 30.24599234 3.2500062 0 P 0
L 29.99199234 2.7420062 30.49999234 2.9960062 0 P 0
L 29.99199234 3.7580062 30.24599234 3.2500062 0 P 0
L 29.99199234 3.7580062 30.49999234 3.5040062 0 P 0
L 29.99199234 5.74200528 30.24599234 6.25000528 0 P 0
L 29.99199234 5.74200528 30.49999234 5.99600528 0 P 0
L 29.99199234 6.75800528 30.24599234 6.25000528 0 P 0
L 29.99199234 6.75800528 30.49999234 6.50400528 0 P 0
L 29.99199234 7.24200482 30.24599234 7.75000482 0 P 0
L 29.99199234 7.24200482 30.49999234 7.49600482 0 P 0
L 29.99199234 8.25800482 30.24599234 7.75000482 0 P 0
L 29.99199234 8.25800482 30.49999234 8.00400482 0 P 0
L 29.99199234 8.74200436 30.24599234 9.25000436 0 P 0
L 29.99199234 8.74200436 30.49999234 8.99600436 0 P 0
L 29.99199234 9.75800436 30.24599234 9.25000436 0 P 0
L 29.99199234 9.75800436 30.49999234 9.50400436 0 P 0
L 29.99199234 10.2420039 30.24599234 10.7500039 0 P 0
L 29.99199234 10.2420039 30.49999234 10.4960039 0 P 0
L 29.99199234 11.2580039 30.24599234 10.7500039 0 P 0
L 29.99199234 11.2580039 30.49999234 11.0040039 0 P 0
L 29.99199234 11.74200344 30.24599234 12.25000344 0 P 0
L 29.99199234 11.74200344 30.49999234 11.99600344 0 P 0
L 29.99199234 12.75800344 30.24599234 12.25000344 0 P 0
L 29.99199234 12.75800344 30.49999234 12.50400344 0 P 0
L 29.99199234 16.24200206 30.24599234 16.75000206 0 P 0
L 29.99199234 16.24200206 30.49999234 16.49600206 0 P 0
L 29.99199234 17.25800206 30.24599234 16.75000206 0 P 0
L 29.99199234 17.25800206 30.49999234 17.00400206 0 P 0
L 29.99199234 19.24200114 30.24599234 19.75000114 0 P 0
L 29.99199234 19.24200114 30.49999234 19.49600114 0 P 0
L 29.99199234 20.25800114 30.24599234 19.75000114 0 P 0
L 29.99199234 20.25800114 30.49999234 20.00400114 0 P 0
L 29.99199234 20.74200068 30.24599234 21.25000068 0 P 0
L 29.99199234 20.74200068 30.49999234 20.99600068 0 P 0
L 29.99199234 21.75800068 30.24599234 21.25000068 0 P 0
L 29.99199234 21.75800068 30.49999234 21.50400068 0 P 0
L 29.99199996 0.24200104 30.24599996 0.75000104 0 P 0
L 29.99199996 0.24200104 30.49999996 0.49600104 0 P 0
L 29.99199996 1.24199904 30.24599996 1.74999904 0 P 0
L 29.99199996 1.24199904 30.49999996 1.49599904 0 P 0
L 29.99199996 1.25800104 30.24599996 0.75000104 0 P 0
L 29.99199996 1.25800104 30.49999996 1.00400104 0 P 0
L 29.99199996 2.25799904 30.24599996 1.74999904 0 P 0
L 29.99199996 2.25799904 30.49999996 2.00399904 0 P 0
L 29.99199996 14.24200098 30.24599996 14.75000098 0 P 0
L 29.99199996 14.24200098 30.49999996 14.49600098 0 P 0
L 29.99199996 15.25800098 30.24599996 14.75000098 0 P 0
L 29.99199996 15.25800098 30.49999996 15.00400098 0 P 0
L 30.49999234 2.9960062 31.00799234 2.7420062 0 P 0
L 30.49999234 3.5040062 31.00799234 3.7580062 0 P 0
L 30.49999234 5.99600528 31.00799234 5.74200528 0 P 0
L 30.49999234 6.50400528 31.00799234 6.75800528 0 P 0
L 30.49999234 7.49600482 31.00799234 7.24200482 0 P 0
L 30.49999234 8.00400482 31.00799234 8.25800482 0 P 0
L 30.49999234 8.99600436 31.00799234 8.74200436 0 P 0
L 30.49999234 9.50400436 31.00799234 9.75800436 0 P 0
L 30.49999234 10.4960039 31.00799234 10.2420039 0 P 0
L 30.49999234 11.0040039 31.00799234 11.2580039 0 P 0
L 30.49999234 11.99600344 31.00799234 11.74200344 0 P 0
L 30.49999234 12.50400344 31.00799234 12.75800344 0 P 0
L 30.49999234 16.49600206 31.00799234 16.24200206 0 P 0
L 30.49999234 17.00400206 31.00799234 17.25800206 0 P 0
L 30.49999234 19.49600114 31.00799234 19.24200114 0 P 0
L 30.49999234 20.00400114 31.00799234 20.25800114 0 P 0
L 30.49999234 20.99600068 31.00799234 20.74200068 0 P 0
L 30.49999234 21.50400068 31.00799234 21.75800068 0 P 0
L 30.49999996 0.49600104 31.00799996 0.24200104 0 P 0
L 30.49999996 1.00400104 31.00799996 1.25800104 0 P 0
L 30.49999996 1.49599904 31.00799996 1.24199904 0 P 0
L 30.49999996 2.00399904 31.00799996 2.25799904 0 P 0
L 30.49999996 14.49600098 31.00799996 14.24200098 0 P 0
L 30.49999996 15.00400098 31.00799996 15.25800098 0 P 0
L 30.75399234 3.2500062 31.00799234 2.7420062 0 P 0
L 30.75399234 3.2500062 31.00799234 3.7580062 0 P 0
L 30.75399234 6.25000528 31.00799234 5.74200528 0 P 0
L 30.75399234 6.25000528 31.00799234 6.75800528 0 P 0
L 30.75399234 7.75000482 31.00799234 7.24200482 0 P 0
L 30.75399234 7.75000482 31.00799234 8.25800482 0 P 0
L 30.75399234 9.25000436 31.00799234 8.74200436 0 P 0
L 30.75399234 9.25000436 31.00799234 9.75800436 0 P 0
L 30.75399234 10.7500039 31.00799234 10.2420039 0 P 0
L 30.75399234 10.7500039 31.00799234 11.2580039 0 P 0
L 30.75399234 12.25000344 31.00799234 11.74200344 0 P 0
L 30.75399234 12.25000344 31.00799234 12.75800344 0 P 0
L 30.75399234 16.75000206 31.00799234 16.24200206 0 P 0
L 30.75399234 16.75000206 31.00799234 17.25800206 0 P 0
L 30.75399234 19.75000114 31.00799234 19.24200114 0 P 0
L 30.75399234 19.75000114 31.00799234 20.25800114 0 P 0
L 30.75399234 21.25000068 31.00799234 20.74200068 0 P 0
L 30.75399234 21.25000068 31.00799234 21.75800068 0 P 0
L 30.75399996 0.75000104 31.00799996 0.24200104 0 P 0
L 30.75399996 0.75000104 31.00799996 1.25800104 0 P 0
L 30.75399996 1.74999904 31.00799996 1.24199904 0 P 0
L 30.75399996 1.74999904 31.00799996 2.25799904 0 P 0
L 30.75399996 14.75000098 31.00799996 14.24200098 0 P 0
L 30.75399996 14.75000098 31.00799996 15.25800098 0 P 0
L 31.49199188 2.7420062 31.74599188 3.2500062 0 P 0
L 31.49199188 2.7420062 31.99999188 2.9960062 0 P 0
L 31.49199188 3.7580062 31.74599188 3.2500062 0 P 0
L 31.49199188 3.7580062 31.99999188 3.5040062 0 P 0
L 31.49199188 5.74200528 31.74599188 6.25000528 0 P 0
L 31.49199188 5.74200528 31.99999188 5.99600528 0 P 0
L 31.49199188 6.75800528 31.74599188 6.25000528 0 P 0
L 31.49199188 6.75800528 31.99999188 6.50400528 0 P 0
L 31.49199188 7.24200482 31.74599188 7.75000482 0 P 0
L 31.49199188 7.24200482 31.99999188 7.49600482 0 P 0
L 31.49199188 8.25800482 31.74599188 7.75000482 0 P 0
L 31.49199188 8.25800482 31.99999188 8.00400482 0 P 0
L 31.49199188 8.74200436 31.74599188 9.25000436 0 P 0
L 31.49199188 8.74200436 31.99999188 8.99600436 0 P 0
L 31.49199188 9.75800436 31.74599188 9.25000436 0 P 0
L 31.49199188 9.75800436 31.99999188 9.50400436 0 P 0
L 31.49199188 10.2420039 31.74599188 10.7500039 0 P 0
L 31.49199188 10.2420039 31.99999188 10.4960039 0 P 0
L 31.49199188 11.2580039 31.74599188 10.7500039 0 P 0
L 31.49199188 11.2580039 31.99999188 11.0040039 0 P 0
L 31.49199188 11.74200344 31.74599188 12.25000344 0 P 0
L 31.49199188 11.74200344 31.99999188 11.99600344 0 P 0
L 31.49199188 12.75800344 31.74599188 12.25000344 0 P 0
L 31.49199188 12.75800344 31.99999188 12.50400344 0 P 0
L 31.49199188 17.7420016 31.74599188 18.2500016 0 P 0
L 31.49199188 17.7420016 31.99999188 17.9960016 0 P 0
L 31.49199188 18.7580016 31.74599188 18.2500016 0 P 0
L 31.49199188 18.7580016 31.99999188 18.5040016 0 P 0
L 31.49199188 19.24200114 31.74599188 19.75000114 0 P 0
L 31.49199188 19.24200114 31.99999188 19.49600114 0 P 0
L 31.49199188 20.25800114 31.74599188 19.75000114 0 P 0
L 31.49199188 20.25800114 31.99999188 20.00400114 0 P 0
L 31.49199188 20.74200068 31.74599188 21.25000068 0 P 0
L 31.49199188 20.74200068 31.99999188 20.99600068 0 P 0
L 31.49199188 21.75800068 31.74599188 21.25000068 0 P 0
L 31.49199188 21.75800068 31.99999188 21.50400068 0 P 0
L 31.4919995 14.24200098 31.7459995 14.75000098 0 P 0
L 31.4919995 14.24200098 31.9999995 14.49600098 0 P 0
L 31.4919995 15.25800098 31.7459995 14.75000098 0 P 0
L 31.4919995 15.25800098 31.9999995 15.00400098 0 P 0
L 31.99999188 2.9960062 32.50799188 2.7420062 0 P 0
L 31.99999188 3.5040062 32.50799188 3.7580062 0 P 0
L 31.99999188 5.99600528 32.50799188 5.74200528 0 P 0
L 31.99999188 6.50400528 32.50799188 6.75800528 0 P 0
L 31.99999188 7.49600482 32.50799188 7.24200482 0 P 0
L 31.99999188 8.00400482 32.50799188 8.25800482 0 P 0
L 31.99999188 8.99600436 32.50799188 8.74200436 0 P 0
L 31.99999188 9.50400436 32.50799188 9.75800436 0 P 0
L 31.99999188 10.4960039 32.50799188 10.2420039 0 P 0
L 31.99999188 11.0040039 32.50799188 11.2580039 0 P 0
L 31.99999188 11.99600344 32.50799188 11.74200344 0 P 0
L 31.99999188 12.50400344 32.50799188 12.75800344 0 P 0
L 31.99999188 17.9960016 32.50799188 17.7420016 0 P 0
L 31.99999188 18.5040016 32.50799188 18.7580016 0 P 0
L 31.99999188 19.49600114 32.50799188 19.24200114 0 P 0
L 31.99999188 20.00400114 32.50799188 20.25800114 0 P 0
L 31.99999188 20.99600068 32.50799188 20.74200068 0 P 0
L 31.99999188 21.50400068 32.50799188 21.75800068 0 P 0
L 31.9999995 14.49600098 32.5079995 14.24200098 0 P 0
L 31.9999995 15.00400098 32.5079995 15.25800098 0 P 0
L 32.25399188 3.2500062 32.50799188 2.7420062 0 P 0
L 32.25399188 3.2500062 32.50799188 3.7580062 0 P 0
L 32.25399188 6.25000528 32.50799188 5.74200528 0 P 0
L 32.25399188 6.25000528 32.50799188 6.75800528 0 P 0
L 32.25399188 7.75000482 32.50799188 7.24200482 0 P 0
L 32.25399188 7.75000482 32.50799188 8.25800482 0 P 0
L 32.25399188 9.25000436 32.50799188 8.74200436 0 P 0
L 32.25399188 9.25000436 32.50799188 9.75800436 0 P 0
L 32.25399188 10.7500039 32.50799188 10.2420039 0 P 0
L 32.25399188 10.7500039 32.50799188 11.2580039 0 P 0
L 32.25399188 12.25000344 32.50799188 11.74200344 0 P 0
L 32.25399188 12.25000344 32.50799188 12.75800344 0 P 0
L 32.25399188 18.2500016 32.50799188 17.7420016 0 P 0
L 32.25399188 18.2500016 32.50799188 18.7580016 0 P 0
L 32.25399188 19.75000114 32.50799188 19.24200114 0 P 0
L 32.25399188 19.75000114 32.50799188 20.25800114 0 P 0
L 32.25399188 21.25000068 32.50799188 20.74200068 0 P 0
L 32.25399188 21.25000068 32.50799188 21.75800068 0 P 0
L 32.2539995 14.75000098 32.5079995 14.24200098 0 P 0
L 32.2539995 14.75000098 32.5079995 15.25800098 0 P 0
L 32.99199142 2.7420062 33.24599142 3.2500062 0 P 0
L 32.99199142 2.7420062 33.49999142 2.9960062 0 P 0
L 32.99199142 3.7580062 33.24599142 3.2500062 0 P 0
L 32.99199142 3.7580062 33.49999142 3.5040062 0 P 0
L 32.99199142 4.24200574 33.24599142 4.75000574 0 P 0
L 32.99199142 4.24200574 33.49999142 4.49600574 0 P 0
L 32.99199142 5.25800574 33.24599142 4.75000574 0 P 0
L 32.99199142 5.25800574 33.49999142 5.00400574 0 P 0
L 32.99199142 16.24200206 33.24599142 16.75000206 0 P 0
L 32.99199142 16.24200206 33.49999142 16.49600206 0 P 0
L 32.99199142 17.25800206 33.24599142 16.75000206 0 P 0
L 32.99199142 17.25800206 33.49999142 17.00400206 0 P 0
L 32.99199142 17.7420016 33.24599142 18.2500016 0 P 0
L 32.99199142 17.7420016 33.49999142 17.9960016 0 P 0
L 32.99199142 18.7580016 33.24599142 18.2500016 0 P 0
L 32.99199142 18.7580016 33.49999142 18.5040016 0 P 0
L 32.99199142 19.24200114 33.24599142 19.75000114 0 P 0
L 32.99199142 19.24200114 33.49999142 19.49600114 0 P 0
L 32.99199142 20.25800114 33.24599142 19.75000114 0 P 0
L 32.99199142 20.25800114 33.49999142 20.00400114 0 P 0
L 32.99199142 20.74200068 33.24599142 21.25000068 0 P 0
L 32.99199142 20.74200068 33.49999142 20.99600068 0 P 0
L 32.99199142 21.75800068 33.24599142 21.25000068 0 P 0
L 32.99199142 21.75800068 33.49999142 21.50400068 0 P 0
L 33.49999142 2.9960062 34.00799142 2.7420062 0 P 0
L 33.49999142 3.5040062 34.00799142 3.7580062 0 P 0
L 33.49999142 4.49600574 34.00799142 4.24200574 0 P 0
L 33.49999142 5.00400574 34.00799142 5.25800574 0 P 0
L 33.49999142 16.49600206 34.00799142 16.24200206 0 P 0
L 33.49999142 17.00400206 34.00799142 17.25800206 0 P 0
L 33.49999142 17.9960016 34.00799142 17.7420016 0 P 0
L 33.49999142 18.5040016 34.00799142 18.7580016 0 P 0
L 33.49999142 19.49600114 34.00799142 19.24200114 0 P 0
L 33.49999142 20.00400114 34.00799142 20.25800114 0 P 0
L 33.49999142 20.99600068 34.00799142 20.74200068 0 P 0
L 33.49999142 21.50400068 34.00799142 21.75800068 0 P 0
L 33.75399142 3.2500062 34.00799142 2.7420062 0 P 0
L 33.75399142 3.2500062 34.00799142 3.7580062 0 P 0
L 33.75399142 4.75000574 34.00799142 4.24200574 0 P 0
L 33.75399142 4.75000574 34.00799142 5.25800574 0 P 0
L 33.75399142 16.75000206 34.00799142 16.24200206 0 P 0
L 33.75399142 16.75000206 34.00799142 17.25800206 0 P 0
L 33.75399142 18.2500016 34.00799142 17.7420016 0 P 0
L 33.75399142 18.2500016 34.00799142 18.7580016 0 P 0
L 33.75399142 19.75000114 34.00799142 19.24200114 0 P 0
L 33.75399142 19.75000114 34.00799142 20.25800114 0 P 0
L 33.75399142 21.25000068 34.00799142 20.74200068 0 P 0
L 33.75399142 21.25000068 34.00799142 21.75800068 0 P 0
L 34.49199096 2.7420062 34.74599096 3.2500062 0 P 0
L 34.49199096 2.7420062 34.99999096 2.9960062 0 P 0
L 34.49199096 3.7580062 34.74599096 3.2500062 0 P 0
L 34.49199096 3.7580062 34.99999096 3.5040062 0 P 0
L 34.49199096 4.24200574 34.74599096 4.75000574 0 P 0
L 34.49199096 4.24200574 34.99999096 4.49600574 0 P 0
L 34.49199096 5.25800574 34.74599096 4.75000574 0 P 0
L 34.49199096 5.25800574 34.99999096 5.00400574 0 P 0
L 34.49199096 5.74200528 34.74599096 6.25000528 0 P 0
L 34.49199096 5.74200528 34.99999096 5.99600528 0 P 0
L 34.49199096 6.75800528 34.74599096 6.25000528 0 P 0
L 34.49199096 6.75800528 34.99999096 6.50400528 0 P 0
L 34.49199096 7.24200482 34.74599096 7.75000482 0 P 0
L 34.49199096 7.24200482 34.99999096 7.49600482 0 P 0
L 34.49199096 8.25800482 34.74599096 7.75000482 0 P 0
L 34.49199096 8.25800482 34.99999096 8.00400482 0 P 0
L 34.49199096 10.2420039 34.74599096 10.7500039 0 P 0
L 34.49199096 10.2420039 34.99999096 10.4960039 0 P 0
L 34.49199096 11.2580039 34.74599096 10.7500039 0 P 0
L 34.49199096 11.2580039 34.99999096 11.0040039 0 P 0
L 34.49199096 16.24200206 34.74599096 16.75000206 0 P 0
L 34.49199096 16.24200206 34.99999096 16.49600206 0 P 0
L 34.49199096 17.25800206 34.74599096 16.75000206 0 P 0
L 34.49199096 17.25800206 34.99999096 17.00400206 0 P 0
L 34.49199096 17.7420016 34.74599096 18.2500016 0 P 0
L 34.49199096 17.7420016 34.99999096 17.9960016 0 P 0
L 34.49199096 18.7580016 34.74599096 18.2500016 0 P 0
L 34.49199096 18.7580016 34.99999096 18.5040016 0 P 0
L 34.49199096 19.24200114 34.74599096 19.75000114 0 P 0
L 34.49199096 19.24200114 34.99999096 19.49600114 0 P 0
L 34.49199096 20.25800114 34.74599096 19.75000114 0 P 0
L 34.49199096 20.25800114 34.99999096 20.00400114 0 P 0
L 34.49199096 20.74200068 34.74599096 21.25000068 0 P 0
L 34.49199096 20.74200068 34.99999096 20.99600068 0 P 0
L 34.49199096 21.75800068 34.74599096 21.25000068 0 P 0
L 34.49199096 21.75800068 34.99999096 21.50400068 0 P 0
L 34.49200112 0.24200104 34.74600112 0.75000104 0 P 0
L 34.49200112 0.24200104 35.00000112 0.49600104 0 P 0
L 34.49200112 1.24199904 34.74600112 1.74999904 0 P 0
L 34.49200112 1.24199904 35.00000112 1.49599904 0 P 0
L 34.49200112 1.25800104 34.74600112 0.75000104 0 P 0
L 34.49200112 1.25800104 35.00000112 1.00400104 0 P 0
L 34.49200112 2.25799904 34.74600112 1.74999904 0 P 0
L 34.49200112 2.25799904 35.00000112 2.00399904 0 P 0
L 34.69200072 11.49199886 34.94600072 11.99999886 0 P 0
L 34.69200072 11.49199886 35.20000072 11.74599886 0 P 0
L 34.69200072 12.50799886 34.94600072 11.99999886 0 P 0
L 34.69200072 12.50799886 35.20000072 12.25399886 0 P 0
L 34.99999096 2.9960062 35.50799096 2.7420062 0 P 0
L 34.99999096 3.5040062 35.50799096 3.7580062 0 P 0
L 34.99999096 4.49600574 35.50799096 4.24200574 0 P 0
L 34.99999096 5.00400574 35.50799096 5.25800574 0 P 0
L 34.99999096 5.99600528 35.50799096 5.74200528 0 P 0
L 34.99999096 6.50400528 35.50799096 6.75800528 0 P 0
L 34.99999096 7.49600482 35.50799096 7.24200482 0 P 0
L 34.99999096 8.00400482 35.50799096 8.25800482 0 P 0
L 34.99999096 10.4960039 35.50799096 10.2420039 0 P 0
L 34.99999096 11.0040039 35.50799096 11.2580039 0 P 0
L 34.99999096 16.49600206 35.50799096 16.24200206 0 P 0
L 34.99999096 17.00400206 35.50799096 17.25800206 0 P 0
L 34.99999096 17.9960016 35.50799096 17.7420016 0 P 0
L 34.99999096 18.5040016 35.50799096 18.7580016 0 P 0
L 34.99999096 19.49600114 35.50799096 19.24200114 0 P 0
L 34.99999096 20.00400114 35.50799096 20.25800114 0 P 0
L 34.99999096 20.99600068 35.50799096 20.74200068 0 P 0
L 34.99999096 21.50400068 35.50799096 21.75800068 0 P 0
L 35.00000112 0.49600104 35.50800112 0.24200104 0 P 0
L 35.00000112 1.00400104 35.50800112 1.25800104 0 P 0
L 35.00000112 1.49599904 35.50800112 1.24199904 0 P 0
L 35.00000112 2.00399904 35.50800112 2.25799904 0 P 0
L 35.20000072 11.74599886 35.70800072 11.49199886 0 P 0
L 35.20000072 12.25399886 35.70800072 12.50799886 0 P 0
L 35.25399096 3.2500062 35.50799096 2.7420062 0 P 0
L 35.25399096 3.2500062 35.50799096 3.7580062 0 P 0
L 35.25399096 4.75000574 35.50799096 4.24200574 0 P 0
L 35.25399096 4.75000574 35.50799096 5.25800574 0 P 0
L 35.25399096 6.25000528 35.50799096 5.74200528 0 P 0
L 35.25399096 6.25000528 35.50799096 6.75800528 0 P 0
L 35.25399096 7.75000482 35.50799096 7.24200482 0 P 0
L 35.25399096 7.75000482 35.50799096 8.25800482 0 P 0
L 35.25399096 10.7500039 35.50799096 10.2420039 0 P 0
L 35.25399096 10.7500039 35.50799096 11.2580039 0 P 0
L 35.25399096 16.75000206 35.50799096 16.24200206 0 P 0
L 35.25399096 16.75000206 35.50799096 17.25800206 0 P 0
L 35.25399096 18.2500016 35.50799096 17.7420016 0 P 0
L 35.25399096 18.2500016 35.50799096 18.7580016 0 P 0
L 35.25399096 19.75000114 35.50799096 19.24200114 0 P 0
L 35.25399096 19.75000114 35.50799096 20.25800114 0 P 0
L 35.25399096 21.25000068 35.50799096 20.74200068 0 P 0
L 35.25399096 21.25000068 35.50799096 21.75800068 0 P 0
L 35.25400112 0.75000104 35.50800112 0.24200104 0 P 0
L 35.25400112 0.75000104 35.50800112 1.25800104 0 P 0
L 35.25400112 1.74999904 35.50800112 1.24199904 0 P 0
L 35.25400112 1.74999904 35.50800112 2.25799904 0 P 0
L 35.3410012 8.94700014 35.3410012 9.96300014 0 P 0
L 35.3410012 8.94700014 36.3570012 8.94700014 0 P 0
L 35.3410012 9.96300014 36.3570012 9.96300014 0 P 0
L 35.45400072 11.99999886 35.70800072 11.49199886 0 P 0
L 35.45400072 11.99999886 35.70800072 12.50799886 0 P 0
L 35.9919905 4.24200574 36.2459905 4.75000574 0 P 0
L 35.9919905 4.24200574 36.4999905 4.49600574 0 P 0
L 35.9919905 5.25800574 36.2459905 4.75000574 0 P 0
L 35.9919905 5.25800574 36.4999905 5.00400574 0 P 0
L 35.9919905 5.74200528 36.2459905 6.25000528 0 P 0
L 35.9919905 5.74200528 36.4999905 5.99600528 0 P 0
L 35.9919905 6.75800528 36.2459905 6.25000528 0 P 0
L 35.9919905 6.75800528 36.4999905 6.50400528 0 P 0
L 35.9919905 7.24200482 36.2459905 7.75000482 0 P 0
L 35.9919905 7.24200482 36.4999905 7.49600482 0 P 0
L 35.9919905 8.25800482 36.2459905 7.75000482 0 P 0
L 35.9919905 8.25800482 36.4999905 8.00400482 0 P 0
L 35.9919905 16.24200206 36.2459905 16.75000206 0 P 0
L 35.9919905 16.24200206 36.4999905 16.49600206 0 P 0
L 35.9919905 17.25800206 36.2459905 16.75000206 0 P 0
L 35.9919905 17.25800206 36.4999905 17.00400206 0 P 0
L 35.9919905 17.7420016 36.2459905 18.2500016 0 P 0
L 35.9919905 17.7420016 36.4999905 17.9960016 0 P 0
L 35.9919905 18.7580016 36.2459905 18.2500016 0 P 0
L 35.9919905 18.7580016 36.4999905 18.5040016 0 P 0
L 35.9919905 19.24200114 36.2459905 19.75000114 0 P 0
L 35.9919905 19.24200114 36.4999905 19.49600114 0 P 0
L 35.9919905 20.25800114 36.2459905 19.75000114 0 P 0
L 35.9919905 20.25800114 36.4999905 20.00400114 0 P 0
L 35.9919905 20.74200068 36.2459905 21.25000068 0 P 0
L 35.9919905 20.74200068 36.4999905 20.99600068 0 P 0
L 35.9919905 21.75800068 36.2459905 21.25000068 0 P 0
L 35.9919905 21.75800068 36.4999905 21.50400068 0 P 0
L 36.3570012 8.94700014 36.3570012 9.96300014 0 P 0
L 36.3570012 14.02700014 36.3570012 15.04300014 0 P 0
L 36.3570012 14.02700014 37.3730012 14.02700014 0 P 0
L 36.3570012 15.04300014 37.3730012 15.04300014 0 P 0
L 36.4999905 4.49600574 37.0079905 4.24200574 0 P 0
L 36.4999905 5.00400574 37.0079905 5.25800574 0 P 0
L 36.4999905 5.99600528 37.0079905 5.74200528 0 P 0
L 36.4999905 6.50400528 37.0079905 6.75800528 0 P 0
L 36.4999905 7.49600482 37.0079905 7.24200482 0 P 0
L 36.4999905 8.00400482 37.0079905 8.25800482 0 P 0
L 36.4999905 16.49600206 37.0079905 16.24200206 0 P 0
L 36.4999905 17.00400206 37.0079905 17.25800206 0 P 0
L 36.4999905 17.9960016 37.0079905 17.7420016 0 P 0
L 36.4999905 18.5040016 37.0079905 18.7580016 0 P 0
L 36.4999905 19.49600114 37.0079905 19.24200114 0 P 0
L 36.4999905 20.00400114 37.0079905 20.25800114 0 P 0
L 36.4999905 20.99600068 37.0079905 20.74200068 0 P 0
L 36.4999905 21.50400068 37.0079905 21.75800068 0 P 0
L 36.7539905 4.75000574 37.0079905 4.24200574 0 P 0
L 36.7539905 4.75000574 37.0079905 5.25800574 0 P 0
L 36.7539905 6.25000528 37.0079905 5.74200528 0 P 0
L 36.7539905 6.25000528 37.0079905 6.75800528 0 P 0
L 36.7539905 7.75000482 37.0079905 7.24200482 0 P 0
L 36.7539905 7.75000482 37.0079905 8.25800482 0 P 0
L 36.7539905 16.75000206 37.0079905 16.24200206 0 P 0
L 36.7539905 16.75000206 37.0079905 17.25800206 0 P 0
L 36.7539905 18.2500016 37.0079905 17.7420016 0 P 0
L 36.7539905 18.2500016 37.0079905 18.7580016 0 P 0
L 36.7539905 19.75000114 37.0079905 19.24200114 0 P 0
L 36.7539905 19.75000114 37.0079905 20.25800114 0 P 0
L 36.7539905 21.25000068 37.0079905 20.74200068 0 P 0
L 36.7539905 21.25000068 37.0079905 21.75800068 0 P 0
L 36.9920012 3.00800008 37.5000012 1.99200008 0 P 0
L 36.9920012 3.00800008 38.0080012 3.00800008 0 P 0
L 37.3730012 8.94700014 37.3730012 9.96300014 0 P 0
L 37.3730012 8.94700014 38.3890012 8.94700014 0 P 0
L 37.3730012 9.96300014 38.3890012 9.96300014 0 P 0
L 37.3730012 14.02700014 37.3730012 15.04300014 0 P 0
L 37.49199004 4.24200574 37.74599004 4.75000574 0 P 0
L 37.49199004 4.24200574 37.99999004 4.49600574 0 P 0
L 37.49199004 5.25800574 37.74599004 4.75000574 0 P 0
L 37.49199004 5.25800574 37.99999004 5.00400574 0 P 0
L 37.49199004 5.74200528 37.74599004 6.25000528 0 P 0
L 37.49199004 5.74200528 37.99999004 5.99600528 0 P 0
L 37.49199004 6.75800528 37.74599004 6.25000528 0 P 0
L 37.49199004 6.75800528 37.99999004 6.50400528 0 P 0
L 37.49199004 7.24200482 37.74599004 7.75000482 0 P 0
L 37.49199004 7.24200482 37.99999004 7.49600482 0 P 0
L 37.49199004 8.25800482 37.74599004 7.75000482 0 P 0
L 37.49199004 8.25800482 37.99999004 8.00400482 0 P 0
L 37.49199004 16.24200206 37.74599004 16.75000206 0 P 0
L 37.49199004 16.24200206 37.99999004 16.49600206 0 P 0
L 37.49199004 17.25800206 37.74599004 16.75000206 0 P 0
L 37.49199004 17.25800206 37.99999004 17.00400206 0 P 0
L 37.49199004 17.7420016 37.74599004 18.2500016 0 P 0
L 37.49199004 17.7420016 37.99999004 17.9960016 0 P 0
L 37.49199004 18.7580016 37.74599004 18.2500016 0 P 0
L 37.49199004 18.7580016 37.99999004 18.5040016 0 P 0
L 37.49199004 19.24200114 37.74599004 19.75000114 0 P 0
L 37.49199004 19.24200114 37.99999004 19.49600114 0 P 0
L 37.49199004 20.25800114 37.74599004 19.75000114 0 P 0
L 37.49199004 20.25800114 37.99999004 20.00400114 0 P 0
L 37.49199004 20.74200068 37.74599004 21.25000068 0 P 0
L 37.49199004 20.74200068 37.99999004 20.99600068 0 P 0
L 37.49199004 21.75800068 37.74599004 21.25000068 0 P 0
L 37.49199004 21.75800068 37.99999004 21.50400068 0 P 0
L 37.5000012 1.99200008 38.0080012 3.00800008 0 P 0
L 37.93199932 11.5019963 38.18599932 12.0099963 0 P 0
L 37.93199932 11.5019963 38.43999932 11.7559963 0 P 0
L 37.93199932 12.5179963 38.18599932 12.0099963 0 P 0
L 37.93199932 12.5179963 38.43999932 12.2639963 0 P 0
L 37.9919992 12.76700012 38.2459992 13.27500012 0 P 0
L 37.9919992 12.76700012 38.4999992 13.02100012 0 P 0
L 37.9919992 13.78300012 38.2459992 13.27500012 0 P 0
L 37.9919992 13.78300012 38.4999992 13.52900012 0 P 0
L 37.99999004 4.49600574 38.50799004 4.24200574 0 P 0
L 37.99999004 5.00400574 38.50799004 5.25800574 0 P 0
L 37.99999004 5.99600528 38.50799004 5.74200528 0 P 0
L 37.99999004 6.50400528 38.50799004 6.75800528 0 P 0
L 37.99999004 7.49600482 38.50799004 7.24200482 0 P 0
L 37.99999004 8.00400482 38.50799004 8.25800482 0 P 0
L 37.99999004 16.49600206 38.50799004 16.24200206 0 P 0
L 37.99999004 17.00400206 38.50799004 17.25800206 0 P 0
L 37.99999004 17.9960016 38.50799004 17.7420016 0 P 0
L 37.99999004 18.5040016 38.50799004 18.7580016 0 P 0
L 37.99999004 19.49600114 38.50799004 19.24200114 0 P 0
L 37.99999004 20.00400114 38.50799004 20.25800114 0 P 0
L 37.99999004 20.99600068 38.50799004 20.74200068 0 P 0
L 37.99999004 21.50400068 38.50799004 21.75800068 0 P 0
L 38.25399004 4.75000574 38.50799004 4.24200574 0 P 0
L 38.25399004 4.75000574 38.50799004 5.25800574 0 P 0
L 38.25399004 6.25000528 38.50799004 5.74200528 0 P 0
L 38.25399004 6.25000528 38.50799004 6.75800528 0 P 0
L 38.25399004 7.75000482 38.50799004 7.24200482 0 P 0
L 38.25399004 7.75000482 38.50799004 8.25800482 0 P 0
L 38.25399004 16.75000206 38.50799004 16.24200206 0 P 0
L 38.25399004 16.75000206 38.50799004 17.25800206 0 P 0
L 38.25399004 18.2500016 38.50799004 17.7420016 0 P 0
L 38.25399004 18.2500016 38.50799004 18.7580016 0 P 0
L 38.25399004 19.75000114 38.50799004 19.24200114 0 P 0
L 38.25399004 19.75000114 38.50799004 20.25800114 0 P 0
L 38.25399004 21.25000068 38.50799004 20.74200068 0 P 0
L 38.25399004 21.25000068 38.50799004 21.75800068 0 P 0
L 38.3890012 8.94700014 38.3890012 9.96300014 0 P 0
L 38.43999932 11.7559963 38.94799932 11.5019963 0 P 0
L 38.43999932 12.2639963 38.94799932 12.5179963 0 P 0
L 38.4999992 13.02100012 39.0079992 12.76700012 0 P 0
L 38.4999992 13.52900012 39.0079992 13.78300012 0 P 0
L 38.69399932 12.0099963 38.94799932 11.5019963 0 P 0
L 38.69399932 12.0099963 38.94799932 12.5179963 0 P 0
L 38.74200024 4.24200066 38.99600024 4.75000066 0 P 0
L 38.74200024 4.24200066 39.25000024 4.49600066 0 P 0
L 38.74200024 5.25800066 38.99600024 4.75000066 0 P 0
L 38.74200024 5.25800066 39.25000024 5.00400066 0 P 0
L 38.74200024 5.7420002 38.99600024 6.2500002 0 P 0
L 38.74200024 5.7420002 39.25000024 5.9960002 0 P 0
L 38.74200024 6.7580002 38.99600024 6.2500002 0 P 0
L 38.74200024 6.7580002 39.25000024 6.5040002 0 P 0
L 38.74200024 7.24199974 38.99600024 7.74999974 0 P 0
L 38.74200024 7.24199974 39.25000024 7.49599974 0 P 0
L 38.74200024 8.25799974 38.99600024 7.74999974 0 P 0
L 38.74200024 8.25799974 39.25000024 8.00399974 0 P 0
L 38.74200024 8.74199928 38.99600024 9.24999928 0 P 0
L 38.74200024 8.74199928 39.25000024 8.99599928 0 P 0
L 38.74200024 9.75799928 38.99600024 9.24999928 0 P 0
L 38.74200024 9.75799928 39.25000024 9.50399928 0 P 0
L 38.74200024 10.24199882 38.99600024 10.74999882 0 P 0
L 38.74200024 10.24199882 39.25000024 10.49599882 0 P 0
L 38.74200024 11.25799882 38.99600024 10.74999882 0 P 0
L 38.74200024 11.25799882 39.25000024 11.00399882 0 P 0
L 38.74200024 14.49200048 38.99600024 15.00000048 0 P 0
L 38.74200024 14.49200048 39.25000024 14.74600048 0 P 0
L 38.74200024 15.50800048 38.99600024 15.00000048 0 P 0
L 38.74200024 15.50800048 39.25000024 15.25400048 0 P 0
L 38.74200024 16.24199952 38.99600024 16.74999952 0 P 0
L 38.74200024 16.24199952 39.25000024 16.49599952 0 P 0
L 38.74200024 17.25799952 38.99600024 16.74999952 0 P 0
L 38.74200024 17.25799952 39.25000024 17.00399952 0 P 0
L 38.74200024 17.74199906 38.99600024 18.24999906 0 P 0
L 38.74200024 17.74199906 39.25000024 17.99599906 0 P 0
L 38.74200024 18.75799906 38.99600024 18.24999906 0 P 0
L 38.74200024 18.75799906 39.25000024 18.50399906 0 P 0
L 38.74200024 19.24200114 38.99600024 19.75000114 0 P 0
L 38.74200024 19.24200114 39.25000024 19.49600114 0 P 0
L 38.74200024 20.25800114 38.99600024 19.75000114 0 P 0
L 38.74200024 20.25800114 39.25000024 20.00400114 0 P 0
L 38.74200024 20.74200068 38.99600024 21.25000068 0 P 0
L 38.74200024 20.74200068 39.25000024 20.99600068 0 P 0
L 38.74200024 21.75800068 38.99600024 21.25000068 0 P 0
L 38.74200024 21.75800068 39.25000024 21.50400068 0 P 0
L 38.7539992 13.27500012 39.0079992 12.76700012 0 P 0
L 38.7539992 13.27500012 39.0079992 13.78300012 0 P 0
L 39.25000024 4.49600066 39.75800024 4.24200066 0 P 0
L 39.25000024 5.00400066 39.75800024 5.25800066 0 P 0
L 39.25000024 5.9960002 39.75800024 5.7420002 0 P 0
L 39.25000024 6.5040002 39.75800024 6.7580002 0 P 0
L 39.25000024 7.49599974 39.75800024 7.24199974 0 P 0
L 39.25000024 8.00399974 39.75800024 8.25799974 0 P 0
L 39.25000024 8.99599928 39.75800024 8.74199928 0 P 0
L 39.25000024 9.50399928 39.75800024 9.75799928 0 P 0
L 39.25000024 10.49599882 39.75800024 10.24199882 0 P 0
L 39.25000024 11.00399882 39.75800024 11.25799882 0 P 0
L 39.25000024 14.74600048 39.75800024 14.49200048 0 P 0
L 39.25000024 15.25400048 39.75800024 15.50800048 0 P 0
L 39.25000024 16.49599952 39.75800024 16.24199952 0 P 0
L 39.25000024 17.00399952 39.75800024 17.25799952 0 P 0
L 39.25000024 17.99599906 39.75800024 17.74199906 0 P 0
L 39.25000024 18.50399906 39.75800024 18.75799906 0 P 0
L 39.25000024 19.49600114 39.75800024 19.24200114 0 P 0
L 39.25000024 20.00400114 39.75800024 20.25800114 0 P 0
L 39.25000024 20.99600068 39.75800024 20.74200068 0 P 0
L 39.25000024 21.50400068 39.75800024 21.75800068 0 P 0
L 39.50400024 4.75000066 39.75800024 4.24200066 0 P 0
L 39.50400024 4.75000066 39.75800024 5.25800066 0 P 0
L 39.50400024 6.2500002 39.75800024 5.7420002 0 P 0
L 39.50400024 6.2500002 39.75800024 6.7580002 0 P 0
L 39.50400024 7.74999974 39.75800024 7.24199974 0 P 0
L 39.50400024 7.74999974 39.75800024 8.25799974 0 P 0
L 39.50400024 9.24999928 39.75800024 8.74199928 0 P 0
L 39.50400024 9.24999928 39.75800024 9.75799928 0 P 0
L 39.50400024 10.74999882 39.75800024 10.24199882 0 P 0
L 39.50400024 10.74999882 39.75800024 11.25799882 0 P 0
L 39.50400024 15.00000048 39.75800024 14.49200048 0 P 0
L 39.50400024 15.00000048 39.75800024 15.50800048 0 P 0
L 39.50400024 16.74999952 39.75800024 16.24199952 0 P 0
L 39.50400024 16.74999952 39.75800024 17.25799952 0 P 0
L 39.50400024 18.24999906 39.75800024 17.74199906 0 P 0
L 39.50400024 18.24999906 39.75800024 18.75799906 0 P 0
L 39.50400024 19.75000114 39.75800024 19.24200114 0 P 0
L 39.50400024 19.75000114 39.75800024 20.25800114 0 P 0
L 39.50400024 21.25000068 39.75800024 20.74200068 0 P 0
L 39.50400024 21.25000068 39.75800024 21.75800068 0 P 0
