UNITS=MM
#Layer_Color=32768
#
#Feature symbol names
#
$0 r49.9999

#
#Feature attribute names
#

#
#Layer features
#
L 5.69999876 8.15000148 5.69999876 10.92500228 0 P 0
L 5.69999876 8.15000148 10.29999972 8.15000148 0 P 0
L 5.69999876 10.92500228 10.29999972 10.92500228 0 P 0
L 7.50000024 9.55000122 8.49999824 9.55000122 0 P 0
L 7.64999994 15.29999988 7.64999994 16.10000082 0 P 0
L 7.64999994 15.29999988 9.25000182 15.29999988 0 P 0
L 7.64999994 16.10000082 9.25000182 16.10000082 0 P 0
L 7.99999924 9.05000222 7.99999924 10.05000022 0 P 0
L 8.15000148 15.69999908 8.75000028 15.69999908 0 P 0
L 8.45000088 15.39999968 8.45000088 15.99999848 0 P 0
L 9.24999928 15.05000038 9.24999928 17.45000066 0 P 0
L 9.24999928 15.05000038 12.24999836 15.05000038 0 P 0
L 9.24999928 17.45000066 12.24999836 17.45000066 0 P 0
L 9.25000182 15.29999988 9.25000182 16.10000082 0 P 0
L 9.49000134 -6.07000056 9.49000134 5.1949985 0 P 0
L 9.49000134 -6.07000056 30.50999994 -6.07000056 0 P 0
L 9.49000134 5.1949985 30.50999994 5.1949985 0 P 0
L 10.24999982 16.25000052 11.24999782 16.25000052 0 P 0
L 10.29999972 8.15000148 10.29999972 10.92500228 0 P 0
L 10.65000156 9.22499806 10.65000156 10.67500024 0 P 0
L 10.65000156 9.22499806 11.44999996 9.22499806 0 P 0
L 10.65000156 10.67500024 11.44999996 10.67500024 0 P 0
L 10.74999882 15.75000152 10.74999882 16.74999952 0 P 0
L 10.7749594 9.9749991 11.3749582 9.9749991 0 P 0
L 11.05000076 9.6749997 11.05000076 10.29999972 0 P 0
L 11.44999996 9.22499806 11.44999996 10.67500024 0 P 0
L 12.24999836 15.05000038 12.24999836 17.45000066 0 P 0
L 12.24999836 15.29999734 12.24999836 16.09999828 0 P 0
L 12.24999836 15.29999734 13.85000024 15.29999734 0 P 0
L 12.24999836 16.09999828 13.85000024 16.09999828 0 P 0
L 12.24999836 16.39999768 12.24999836 17.19999862 0 P 0
L 12.24999836 16.39999768 13.85000024 16.39999768 0 P 0
L 12.24999836 17.19999862 13.85000024 17.19999862 0 P 0
L 12.57499898 8.40000352 12.57499898 12.40000568 0 P 0
L 12.57499898 8.40000352 14.44999904 8.40000352 0 P 0
L 12.57499898 12.40000568 14.44999904 12.40000568 0 P 0
L 12.7499999 15.69999908 13.3499987 15.69999908 0 P 0
L 12.7499999 16.79999942 13.3499987 16.79999942 0 P 0
L 12.99999686 10.4000046 13.9999974 10.4000046 0 P 0
L 13.0499993 15.39999968 13.0499993 15.99999848 0 P 0
L 13.0499993 16.50000002 13.0499993 17.09999882 0 P 0
L 13.4999984 9.90000306 13.4999984 10.9000036 0 P 0
L 13.85000024 15.29999734 13.85000024 16.09999828 0 P 0
L 13.85000024 16.39999768 13.85000024 17.19999862 0 P 0
L 14.44999904 8.40000352 14.44999904 12.40000568 0 P 0
L 14.60000128 7.25000074 14.60000128 21.94999928 0 P 0
L 14.60000128 7.25000074 25.4 7.25000074 0 P 0
L 14.60000128 21.94999928 25.4 21.94999928 0 P 0
L 17.30000096 6.2000003 17.30000096 7.1999983 0 P 0
L 17.30000096 6.2000003 19.1999997 6.2000003 0 P 0
L 17.30000096 7.1999983 19.1999997 7.1999983 0 P 0
L 17.94999966 6.6999993 18.550001 6.6999993 0 P 0
L 18.24999906 6.3999999 18.24999906 6.9999987 0 P 0
L 19.1999997 6.2000003 19.1999997 7.1999983 0 P 0
L 19.50000164 1.39999974 20.49999964 1.39999974 0 P 0
L 19.60000144 15.10000028 20.59999944 15.10000028 0 P 0
L 20.00000064 0.90000074 20.00000064 1.89999874 0 P 0
L 20.10000044 14.60000128 20.10000044 15.59999928 0 P 0
L 25.4 7.25000074 25.4 21.94999928 0 P 0
L 28.3250005 9.22499806 28.3250005 10.67500024 0 P 0
L 28.3250005 9.22499806 29.1249989 9.22499806 0 P 0
L 28.3250005 10.67500024 29.1249989 10.67500024 0 P 0
L 28.44995834 9.9749991 29.04995714 9.9749991 0 P 0
L 28.7249997 9.6749997 28.7249997 10.29999972 0 P 0
L 29.1249989 9.22499806 29.1249989 10.67500024 0 P 0
L 29.69999902 8.17500016 29.69999902 10.95000096 0 P 0
L 29.69999902 8.17500016 34.29999998 8.17500016 0 P 0
L 29.69999902 10.95000096 34.29999998 10.95000096 0 P 0
L 30.50999994 -6.07000056 30.50999994 5.1949985 0 P 0
L 31.5000005 9.55000122 32.4999985 9.55000122 0 P 0
L 31.9999995 9.05000222 31.9999995 10.05000022 0 P 0
L 34.29999998 8.17500016 34.29999998 10.95000096 0 P 0
