UNITS=MM
#Layer_Color=9474304
#
#Feature symbol names
#
$0 r127
$1 r169.33164

#
#Feature attribute names
#

#
#Layer features
#
A 36.98200122 6.45500106 36.98200122 6.45500106 36.47400122 6.45500106 1 P 0 N
A 37.99800122 11.53500106 37.99800122 11.53500106 37.49000122 11.53500106 1 P 0 N
A 39.01400122 6.45500106 39.01400122 6.45500106 38.50600122 6.45500106 1 P 0 N
L 0.24200104 4.64199986 0.49600104 5.14999986 0 P 0
L 0.24200104 4.64199986 0.75000104 4.89599986 0 P 0
L 0.24200104 5.65799986 0.49600104 5.14999986 0 P 0
L 0.24200104 5.65799986 0.75000104 5.40399986 0 P 0
L 0.24200104 6.1419994 0.49600104 6.6499994 0 P 0
L 0.24200104 6.1419994 0.75000104 6.3959994 0 P 0
L 0.24200104 7.1579994 0.49600104 6.6499994 0 P 0
L 0.24200104 7.1579994 0.75000104 6.9039994 0 P 0
L 0.24200104 7.64199894 0.49600104 8.14999894 0 P 0
L 0.24200104 7.64199894 0.75000104 7.89599894 0 P 0
L 0.24200104 8.65799894 0.49600104 8.14999894 0 P 0
L 0.24200104 8.65799894 0.75000104 8.40399894 0 P 0
L 0.24200104 9.14200102 0.49600104 9.65000102 0 P 0
L 0.24200104 9.14200102 0.75000104 9.39600102 0 P 0
L 0.24200104 10.15800102 0.49600104 9.65000102 0 P 0
L 0.24200104 10.15800102 0.75000104 9.90400102 0 P 0
L 0.24200104 10.64200056 0.49600104 11.15000056 0 P 0
L 0.24200104 10.64200056 0.75000104 10.89600056 0 P 0
L 0.24200104 11.65800056 0.49600104 11.15000056 0 P 0
L 0.24200104 11.65800056 0.75000104 11.40400056 0 P 0
L 0.24200104 12.1420001 0.49600104 12.6500001 0 P 0
L 0.24200104 12.1420001 0.75000104 12.3960001 0 P 0
L 0.24200104 13.1580001 0.49600104 12.6500001 0 P 0
L 0.24200104 13.1580001 0.75000104 12.9040001 0 P 0
L 0.24200104 13.64199964 0.49600104 14.14999964 0 P 0
L 0.24200104 13.64199964 0.75000104 13.89599964 0 P 0
L 0.24200104 14.65799964 0.49600104 14.14999964 0 P 0
L 0.24200104 14.65799964 0.75000104 14.40399964 0 P 0
L 0.24200104 15.14199918 0.49600104 15.64999918 0 P 0
L 0.24200104 15.14199918 0.75000104 15.39599918 0 P 0
L 0.24200104 16.15799918 0.49600104 15.64999918 0 P 0
L 0.24200104 16.15799918 0.75000104 15.90399918 0 P 0
L 0.24200104 16.64200126 0.49600104 17.15000126 0 P 0
L 0.24200104 16.64200126 0.75000104 16.89600126 0 P 0
L 0.24200104 17.65800126 0.49600104 17.15000126 0 P 0
L 0.24200104 17.65800126 0.75000104 17.40400126 0 P 0
L 0.75000104 4.89599986 1.25800104 4.64199986 0 P 0
L 0.75000104 5.40399986 1.25800104 5.65799986 0 P 0
L 0.75000104 6.3959994 1.25800104 6.1419994 0 P 0
L 0.75000104 6.9039994 1.25800104 7.1579994 0 P 0
L 0.75000104 7.89599894 1.25800104 7.64199894 0 P 0
L 0.75000104 8.40399894 1.25800104 8.65799894 0 P 0
L 0.75000104 9.39600102 1.25800104 9.14200102 0 P 0
L 0.75000104 9.90400102 1.25800104 10.15800102 0 P 0
L 0.75000104 10.89600056 1.25800104 10.64200056 0 P 0
L 0.75000104 11.40400056 1.25800104 11.65800056 0 P 0
L 0.75000104 12.3960001 1.25800104 12.1420001 0 P 0
L 0.75000104 12.9040001 1.25800104 13.1580001 0 P 0
L 0.75000104 13.89599964 1.25800104 13.64199964 0 P 0
L 0.75000104 14.40399964 1.25800104 14.65799964 0 P 0
L 0.75000104 15.39599918 1.25800104 15.14199918 0 P 0
L 0.75000104 15.90399918 1.25800104 16.15799918 0 P 0
L 0.75000104 16.89600126 1.25800104 16.64200126 0 P 0
L 0.75000104 17.40400126 1.25800104 17.65800126 0 P 0
L 1.00400104 5.14999986 1.25800104 4.64199986 0 P 0
L 1.00400104 5.14999986 1.25800104 5.65799986 0 P 0
L 1.00400104 6.6499994 1.25800104 6.1419994 0 P 0
L 1.00400104 6.6499994 1.25800104 7.1579994 0 P 0
L 1.00400104 8.14999894 1.25800104 7.64199894 0 P 0
L 1.00400104 8.14999894 1.25800104 8.65799894 0 P 0
L 1.00400104 9.65000102 1.25800104 9.14200102 0 P 0
L 1.00400104 9.65000102 1.25800104 10.15800102 0 P 0
L 1.00400104 11.15000056 1.25800104 10.64200056 0 P 0
L 1.00400104 11.15000056 1.25800104 11.65800056 0 P 0
L 1.00400104 12.6500001 1.25800104 12.1420001 0 P 0
L 1.00400104 12.6500001 1.25800104 13.1580001 0 P 0
L 1.00400104 14.14999964 1.25800104 13.64199964 0 P 0
L 1.00400104 14.14999964 1.25800104 14.65799964 0 P 0
L 1.00400104 15.64999918 1.25800104 15.14199918 0 P 0
L 1.00400104 15.64999918 1.25800104 16.15799918 0 P 0
L 1.00400104 17.15000126 1.25800104 16.64200126 0 P 0
L 1.00400104 17.15000126 1.25800104 17.65800126 0 P 0
L 1.49200108 4.64199986 1.74600108 5.14999986 0 P 0
L 1.49200108 4.64199986 2.00000108 4.89599986 0 P 0
L 1.49200108 5.65799986 1.74600108 5.14999986 0 P 0
L 1.49200108 5.65799986 2.00000108 5.40399986 0 P 0
L 1.49200108 6.1419994 1.74600108 6.6499994 0 P 0
L 1.49200108 6.1419994 2.00000108 6.3959994 0 P 0
L 1.49200108 7.1579994 1.74600108 6.6499994 0 P 0
L 1.49200108 7.1579994 2.00000108 6.9039994 0 P 0
L 1.49200108 7.64199894 1.74600108 8.14999894 0 P 0
L 1.49200108 7.64199894 2.00000108 7.89599894 0 P 0
L 1.49200108 8.65799894 1.74600108 8.14999894 0 P 0
L 1.49200108 8.65799894 2.00000108 8.40399894 0 P 0
L 1.49200108 9.14199848 1.74600108 9.64999848 0 P 0
L 1.49200108 9.14199848 2.00000108 9.39599848 0 P 0
L 1.49200108 10.15799848 1.74600108 9.64999848 0 P 0
L 1.49200108 10.15799848 2.00000108 9.90399848 0 P 0
L 1.49200108 10.64199802 1.74600108 11.14999802 0 P 0
L 1.49200108 10.64199802 2.00000108 10.89599802 0 P 0
L 1.49200108 11.65799802 1.74600108 11.14999802 0 P 0
L 1.49200108 11.65799802 2.00000108 11.40399802 0 P 0
L 1.49200108 12.14199756 1.74600108 12.64999756 0 P 0
L 1.49200108 12.14199756 2.00000108 12.39599756 0 P 0
L 1.49200108 13.15799756 1.74600108 12.64999756 0 P 0
L 1.49200108 13.15799756 2.00000108 12.90399756 0 P 0
L 1.49200108 13.6419971 1.74600108 14.1499971 0 P 0
L 1.49200108 13.6419971 2.00000108 13.8959971 0 P 0
L 1.49200108 14.6579971 1.74600108 14.1499971 0 P 0
L 1.49200108 14.6579971 2.00000108 14.4039971 0 P 0
L 1.49200108 15.14199664 1.74600108 15.64999664 0 P 0
L 1.49200108 15.14199664 2.00000108 15.39599664 0 P 0
L 1.49200108 16.15799664 1.74600108 15.64999664 0 P 0
L 1.49200108 16.15799664 2.00000108 15.90399664 0 P 0
L 1.49200108 16.64199618 1.74600108 17.14999618 0 P 0
L 1.49200108 16.64199618 2.00000108 16.89599618 0 P 0
L 1.49200108 17.65799618 1.74600108 17.14999618 0 P 0
L 1.49200108 17.65799618 2.00000108 17.40399618 0 P 0
L 1.99200008 2.24600008 2.24600008 2.24600008 0 P 0
L 1.99200008 2.24600008 2.24600008 2.50000008 0 P 0
L 1.99200008 2.75400008 2.24600008 2.50000008 0 P 0
L 1.99200008 2.75400008 2.24600008 2.75400008 0 P 0
L 2.00000108 4.89599986 2.50800108 4.64199986 0 P 0
L 2.00000108 5.40399986 2.50800108 5.65799986 0 P 0
L 2.00000108 6.3959994 2.50800108 6.1419994 0 P 0
L 2.00000108 6.9039994 2.50800108 7.1579994 0 P 0
L 2.00000108 7.89599894 2.50800108 7.64199894 0 P 0
L 2.00000108 8.40399894 2.50800108 8.65799894 0 P 0
L 2.00000108 9.39599848 2.50800108 9.14199848 0 P 0
L 2.00000108 9.90399848 2.50800108 10.15799848 0 P 0
L 2.00000108 10.89599802 2.50800108 10.64199802 0 P 0
L 2.00000108 11.40399802 2.50800108 11.65799802 0 P 0
L 2.00000108 12.39599756 2.50800108 12.14199756 0 P 0
L 2.00000108 12.90399756 2.50800108 13.15799756 0 P 0
L 2.00000108 13.8959971 2.50800108 13.6419971 0 P 0
L 2.00000108 14.4039971 2.50800108 14.6579971 0 P 0
L 2.00000108 15.39599664 2.50800108 15.14199664 0 P 0
L 2.00000108 15.90399664 2.50800108 16.15799664 0 P 0
L 2.00000108 16.89599618 2.50800108 16.64199618 0 P 0
L 2.00000108 17.40399618 2.50800108 17.65799618 0 P 0
L 2.24600008 2.24600008 2.50000008 1.99200008 0 P 0
L 2.24600008 2.75400008 2.50000008 3.00800008 0 P 0
L 2.25400108 5.14999986 2.50800108 4.64199986 0 P 0
L 2.25400108 5.14999986 2.50800108 5.65799986 0 P 0
L 2.25400108 6.6499994 2.50800108 6.1419994 0 P 0
L 2.25400108 6.6499994 2.50800108 7.1579994 0 P 0
L 2.25400108 8.14999894 2.50800108 7.64199894 0 P 0
L 2.25400108 8.14999894 2.50800108 8.65799894 0 P 0
L 2.25400108 9.64999848 2.50800108 9.14199848 0 P 0
L 2.25400108 9.64999848 2.50800108 10.15799848 0 P 0
L 2.25400108 11.14999802 2.50800108 10.64199802 0 P 0
L 2.25400108 11.14999802 2.50800108 11.65799802 0 P 0
L 2.25400108 12.64999756 2.50800108 12.14199756 0 P 0
L 2.25400108 12.64999756 2.50800108 13.15799756 0 P 0
L 2.25400108 14.1499971 2.50800108 13.6419971 0 P 0
L 2.25400108 14.1499971 2.50800108 14.6579971 0 P 0
L 2.25400108 15.64999664 2.50800108 15.14199664 0 P 0
L 2.25400108 15.64999664 2.50800108 16.15799664 0 P 0
L 2.25400108 17.14999618 2.50800108 16.64199618 0 P 0
L 2.25400108 17.14999618 2.50800108 17.65799618 0 P 0
L 2.50000008 1.99200008 2.75400008 2.24600008 0 P 0
L 2.50000008 3.00800008 2.75400008 2.75400008 0 P 0
L 2.75400008 2.24600008 3.00800008 2.24600008 0 P 0
L 2.75400008 2.50000008 3.00800008 2.24600008 0 P 0
L 2.75400008 2.50000008 3.00800008 2.75400008 0 P 0
L 2.75400008 2.75400008 3.00800008 2.75400008 0 P 0
L 2.99200062 4.64199986 3.24600062 5.14999986 0 P 0
L 2.99200062 4.64199986 3.50000062 4.89599986 0 P 0
L 2.99200062 5.65799986 3.24600062 5.14999986 0 P 0
L 2.99200062 5.65799986 3.50000062 5.40399986 0 P 0
L 2.99200062 6.1419994 3.24600062 6.6499994 0 P 0
L 2.99200062 6.1419994 3.50000062 6.3959994 0 P 0
L 2.99200062 7.1579994 3.24600062 6.6499994 0 P 0
L 2.99200062 7.1579994 3.50000062 6.9039994 0 P 0
L 2.99200062 7.64199894 3.24600062 8.14999894 0 P 0
L 2.99200062 7.64199894 3.50000062 7.89599894 0 P 0
L 2.99200062 8.65799894 3.24600062 8.14999894 0 P 0
L 2.99200062 8.65799894 3.50000062 8.40399894 0 P 0
L 2.99200062 9.14199848 3.24600062 9.64999848 0 P 0
L 2.99200062 9.14199848 3.50000062 9.39599848 0 P 0
L 2.99200062 10.15799848 3.24600062 9.64999848 0 P 0
L 2.99200062 10.15799848 3.50000062 9.90399848 0 P 0
L 2.99200062 10.64199802 3.24600062 11.14999802 0 P 0
L 2.99200062 10.64199802 3.50000062 10.89599802 0 P 0
L 2.99200062 11.65799802 3.24600062 11.14999802 0 P 0
L 2.99200062 11.65799802 3.50000062 11.40399802 0 P 0
L 2.99200062 12.14199756 3.24600062 12.64999756 0 P 0
L 2.99200062 12.14199756 3.50000062 12.39599756 0 P 0
L 2.99200062 13.15799756 3.24600062 12.64999756 0 P 0
L 2.99200062 13.15799756 3.50000062 12.90399756 0 P 0
L 2.99200062 13.6419971 3.24600062 14.1499971 0 P 0
L 2.99200062 13.6419971 3.50000062 13.8959971 0 P 0
L 2.99200062 14.6579971 3.24600062 14.1499971 0 P 0
L 2.99200062 14.6579971 3.50000062 14.4039971 0 P 0
L 2.99200062 15.14199664 3.24600062 15.64999664 0 P 0
L 2.99200062 15.14199664 3.50000062 15.39599664 0 P 0
L 2.99200062 16.15799664 3.24600062 15.64999664 0 P 0
L 2.99200062 16.15799664 3.50000062 15.90399664 0 P 0
L 2.99200062 16.64199618 3.24600062 17.14999618 0 P 0
L 2.99200062 16.64199618 3.50000062 16.89599618 0 P 0
L 2.99200062 17.65799618 3.24600062 17.14999618 0 P 0
L 2.99200062 17.65799618 3.50000062 17.40399618 0 P 0
L 3.50000062 4.89599986 4.00800062 4.64199986 0 P 0
L 3.50000062 5.40399986 4.00800062 5.65799986 0 P 0
L 3.50000062 6.3959994 4.00800062 6.1419994 0 P 0
L 3.50000062 6.9039994 4.00800062 7.1579994 0 P 0
L 3.50000062 7.89599894 4.00800062 7.64199894 0 P 0
L 3.50000062 8.40399894 4.00800062 8.65799894 0 P 0
L 3.50000062 9.39599848 4.00800062 9.14199848 0 P 0
L 3.50000062 9.90399848 4.00800062 10.15799848 0 P 0
L 3.50000062 10.89599802 4.00800062 10.64199802 0 P 0
L 3.50000062 11.40399802 4.00800062 11.65799802 0 P 0
L 3.50000062 12.39599756 4.00800062 12.14199756 0 P 0
L 3.50000062 12.90399756 4.00800062 13.15799756 0 P 0
L 3.50000062 13.8959971 4.00800062 13.6419971 0 P 0
L 3.50000062 14.4039971 4.00800062 14.6579971 0 P 0
L 3.50000062 15.39599664 4.00800062 15.14199664 0 P 0
L 3.50000062 15.90399664 4.00800062 16.15799664 0 P 0
L 3.50000062 16.89599618 4.00800062 16.64199618 0 P 0
L 3.50000062 17.40399618 4.00800062 17.65799618 0 P 0
L 3.75400062 5.14999986 4.00800062 4.64199986 0 P 0
L 3.75400062 5.14999986 4.00800062 5.65799986 0 P 0
L 3.75400062 6.6499994 4.00800062 6.1419994 0 P 0
L 3.75400062 6.6499994 4.00800062 7.1579994 0 P 0
L 3.75400062 8.14999894 4.00800062 7.64199894 0 P 0
L 3.75400062 8.14999894 4.00800062 8.65799894 0 P 0
L 3.75400062 9.64999848 4.00800062 9.14199848 0 P 0
L 3.75400062 9.64999848 4.00800062 10.15799848 0 P 0
L 3.75400062 11.14999802 4.00800062 10.64199802 0 P 0
L 3.75400062 11.14999802 4.00800062 11.65799802 0 P 0
L 3.75400062 12.64999756 4.00800062 12.14199756 0 P 0
L 3.75400062 12.64999756 4.00800062 13.15799756 0 P 0
L 3.75400062 14.1499971 4.00800062 13.6419971 0 P 0
L 3.75400062 14.1499971 4.00800062 14.6579971 0 P 0
L 3.75400062 15.64999664 4.00800062 15.14199664 0 P 0
L 3.75400062 15.64999664 4.00800062 16.15799664 0 P 0
L 3.75400062 17.14999618 4.00800062 16.64199618 0 P 0
L 3.75400062 17.14999618 4.00800062 17.65799618 0 P 0
L 4.49200016 0.24200104 4.74600016 0.75000104 0 P 0
L 4.49200016 0.24200104 5.00000016 0.49600104 0 P 0
L 4.49200016 1.25800104 4.74600016 0.75000104 0 P 0
L 4.49200016 1.25800104 5.00000016 1.00400104 0 P 0
L 4.49200016 1.64200078 4.74600016 2.15000078 0 P 0
L 4.49200016 1.64200078 5.00000016 1.89600078 0 P 0
L 4.49200016 2.65800078 4.74600016 2.15000078 0 P 0
L 4.49200016 2.65800078 5.00000016 2.40400078 0 P 0
L 4.49200016 3.14200032 4.74600016 3.65000032 0 P 0
L 4.49200016 3.14200032 5.00000016 3.39600032 0 P 0
L 4.49200016 4.15800032 4.74600016 3.65000032 0 P 0
L 4.49200016 4.15800032 5.00000016 3.90400032 0 P 0
L 4.49200016 4.64199986 4.74600016 5.14999986 0 P 0
L 4.49200016 4.64199986 5.00000016 4.89599986 0 P 0
L 4.49200016 5.65799986 4.74600016 5.14999986 0 P 0
L 4.49200016 5.65799986 5.00000016 5.40399986 0 P 0
L 4.49200016 6.1419994 4.74600016 6.6499994 0 P 0
L 4.49200016 6.1419994 5.00000016 6.3959994 0 P 0
L 4.49200016 7.1579994 4.74600016 6.6499994 0 P 0
L 4.49200016 7.1579994 5.00000016 6.9039994 0 P 0
L 4.49200016 7.64199894 4.74600016 8.14999894 0 P 0
L 4.49200016 7.64199894 5.00000016 7.89599894 0 P 0
L 4.49200016 8.65799894 4.74600016 8.14999894 0 P 0
L 4.49200016 8.65799894 5.00000016 8.40399894 0 P 0
L 4.49200016 9.14199848 4.74600016 9.64999848 0 P 0
L 4.49200016 9.14199848 5.00000016 9.39599848 0 P 0
L 4.49200016 10.15799848 4.74600016 9.64999848 0 P 0
L 4.49200016 10.15799848 5.00000016 9.90399848 0 P 0
L 4.49200016 10.64199802 4.74600016 11.14999802 0 P 0
L 4.49200016 10.64199802 5.00000016 10.89599802 0 P 0
L 4.49200016 11.65799802 4.74600016 11.14999802 0 P 0
L 4.49200016 11.65799802 5.00000016 11.40399802 0 P 0
L 4.49200016 12.14199756 4.74600016 12.64999756 0 P 0
L 4.49200016 12.14199756 5.00000016 12.39599756 0 P 0
L 4.49200016 13.15799756 4.74600016 12.64999756 0 P 0
L 4.49200016 13.15799756 5.00000016 12.90399756 0 P 0
L 4.49200016 13.6419971 4.74600016 14.1499971 0 P 0
L 4.49200016 13.6419971 5.00000016 13.8959971 0 P 0
L 4.49200016 14.6579971 4.74600016 14.1499971 0 P 0
L 4.49200016 14.6579971 5.00000016 14.4039971 0 P 0
L 4.49200016 15.14199664 4.74600016 15.64999664 0 P 0
L 4.49200016 15.14199664 5.00000016 15.39599664 0 P 0
L 4.49200016 16.15799664 4.74600016 15.64999664 0 P 0
L 4.49200016 16.15799664 5.00000016 15.90399664 0 P 0
L 4.49200016 16.64199618 4.74600016 17.14999618 0 P 0
L 4.49200016 16.64199618 5.00000016 16.89599618 0 P 0
L 4.49200016 17.65799618 4.74600016 17.14999618 0 P 0
L 4.49200016 17.65799618 5.00000016 17.40399618 0 P 0
L 5.00000016 0.49600104 5.50800016 0.24200104 0 P 0
L 5.00000016 1.00400104 5.50800016 1.25800104 0 P 0
L 5.00000016 1.89600078 5.50800016 1.64200078 0 P 0
L 5.00000016 2.40400078 5.50800016 2.65800078 0 P 0
L 5.00000016 3.39600032 5.50800016 3.14200032 0 P 0
L 5.00000016 3.90400032 5.50800016 4.15800032 0 P 0
L 5.00000016 4.89599986 5.50800016 4.64199986 0 P 0
L 5.00000016 5.40399986 5.50800016 5.65799986 0 P 0
L 5.00000016 6.3959994 5.50800016 6.1419994 0 P 0
L 5.00000016 6.9039994 5.50800016 7.1579994 0 P 0
L 5.00000016 7.89599894 5.50800016 7.64199894 0 P 0
L 5.00000016 8.40399894 5.50800016 8.65799894 0 P 0
L 5.00000016 9.39599848 5.50800016 9.14199848 0 P 0
L 5.00000016 9.90399848 5.50800016 10.15799848 0 P 0
L 5.00000016 10.89599802 5.50800016 10.64199802 0 P 0
L 5.00000016 11.40399802 5.50800016 11.65799802 0 P 0
L 5.00000016 12.39599756 5.50800016 12.14199756 0 P 0
L 5.00000016 12.90399756 5.50800016 13.15799756 0 P 0
L 5.00000016 13.8959971 5.50800016 13.6419971 0 P 0
L 5.00000016 14.4039971 5.50800016 14.6579971 0 P 0
L 5.00000016 15.39599664 5.50800016 15.14199664 0 P 0
L 5.00000016 15.90399664 5.50800016 16.15799664 0 P 0
L 5.00000016 16.89599618 5.50800016 16.64199618 0 P 0
L 5.00000016 17.40399618 5.50800016 17.65799618 0 P 0
L 5.25400016 0.75000104 5.50800016 0.24200104 0 P 0
L 5.25400016 0.75000104 5.50800016 1.25800104 0 P 0
L 5.25400016 2.15000078 5.50800016 1.64200078 0 P 0
L 5.25400016 2.15000078 5.50800016 2.65800078 0 P 0
L 5.25400016 3.65000032 5.50800016 3.14200032 0 P 0
L 5.25400016 3.65000032 5.50800016 4.15800032 0 P 0
L 5.25400016 5.14999986 5.50800016 4.64199986 0 P 0
L 5.25400016 5.14999986 5.50800016 5.65799986 0 P 0
L 5.25400016 6.6499994 5.50800016 6.1419994 0 P 0
L 5.25400016 6.6499994 5.50800016 7.1579994 0 P 0
L 5.25400016 8.14999894 5.50800016 7.64199894 0 P 0
L 5.25400016 8.14999894 5.50800016 8.65799894 0 P 0
L 5.25400016 9.64999848 5.50800016 9.14199848 0 P 0
L 5.25400016 9.64999848 5.50800016 10.15799848 0 P 0
L 5.25400016 11.14999802 5.50800016 10.64199802 0 P 0
L 5.25400016 11.14999802 5.50800016 11.65799802 0 P 0
L 5.25400016 12.64999756 5.50800016 12.14199756 0 P 0
L 5.25400016 12.64999756 5.50800016 13.15799756 0 P 0
L 5.25400016 14.1499971 5.50800016 13.6419971 0 P 0
L 5.25400016 14.1499971 5.50800016 14.6579971 0 P 0
L 5.25400016 15.64999664 5.50800016 15.14199664 0 P 0
L 5.25400016 15.64999664 5.50800016 16.15799664 0 P 0
L 5.25400016 17.14999618 5.50800016 16.64199618 0 P 0
L 5.25400016 17.14999618 5.50800016 17.65799618 0 P 0
L 5.9919997 0.24200104 6.2459997 0.75000104 0 P 0
L 5.9919997 0.24200104 6.4999997 0.49600104 0 P 0
L 5.9919997 1.25800104 6.2459997 0.75000104 0 P 0
L 5.9919997 1.25800104 6.4999997 1.00400104 0 P 0
L 5.9919997 1.64200078 6.2459997 2.15000078 0 P 0
L 5.9919997 1.64200078 6.4999997 1.89600078 0 P 0
L 5.9919997 2.65800078 6.2459997 2.15000078 0 P 0
L 5.9919997 2.65800078 6.4999997 2.40400078 0 P 0
L 5.9919997 3.14200032 6.2459997 3.65000032 0 P 0
L 5.9919997 3.14200032 6.4999997 3.39600032 0 P 0
L 5.9919997 4.15800032 6.2459997 3.65000032 0 P 0
L 5.9919997 4.15800032 6.4999997 3.90400032 0 P 0
L 5.9919997 4.64199986 6.2459997 5.14999986 0 P 0
L 5.9919997 4.64199986 6.4999997 4.89599986 0 P 0
L 5.9919997 5.65799986 6.2459997 5.14999986 0 P 0
L 5.9919997 5.65799986 6.4999997 5.40399986 0 P 0
L 5.9919997 6.1419994 6.2459997 6.6499994 0 P 0
L 5.9919997 6.1419994 6.4999997 6.3959994 0 P 0
L 5.9919997 7.1579994 6.2459997 6.6499994 0 P 0
L 5.9919997 7.1579994 6.4999997 6.9039994 0 P 0
L 5.9919997 7.64199894 6.2459997 8.14999894 0 P 0
L 5.9919997 7.64199894 6.4999997 7.89599894 0 P 0
L 5.9919997 8.65799894 6.2459997 8.14999894 0 P 0
L 5.9919997 8.65799894 6.4999997 8.40399894 0 P 0
L 5.9919997 10.64199802 6.2459997 11.14999802 0 P 0
L 5.9919997 10.64199802 6.4999997 10.89599802 0 P 0
L 5.9919997 11.65799802 6.2459997 11.14999802 0 P 0
L 5.9919997 11.65799802 6.4999997 11.40399802 0 P 0
L 5.9919997 12.14199756 6.2459997 12.64999756 0 P 0
L 5.9919997 12.14199756 6.4999997 12.39599756 0 P 0
L 5.9919997 13.15799756 6.2459997 12.64999756 0 P 0
L 5.9919997 13.15799756 6.4999997 12.90399756 0 P 0
L 5.9919997 13.6419971 6.2459997 14.1499971 0 P 0
L 5.9919997 13.6419971 6.4999997 13.8959971 0 P 0
L 5.9919997 14.6579971 6.2459997 14.1499971 0 P 0
L 5.9919997 14.6579971 6.4999997 14.4039971 0 P 0
L 5.9919997 15.14199664 6.2459997 15.64999664 0 P 0
L 5.9919997 15.14199664 6.4999997 15.39599664 0 P 0
L 5.9919997 16.15799664 6.2459997 15.64999664 0 P 0
L 5.9919997 16.15799664 6.4999997 15.90399664 0 P 0
L 5.9919997 16.64199618 6.2459997 17.14999618 0 P 0
L 5.9919997 16.64199618 6.4999997 16.89599618 0 P 0
L 5.9919997 17.65799618 6.2459997 17.14999618 0 P 0
L 5.9919997 17.65799618 6.4999997 17.40399618 0 P 0
L 6.4999997 0.49600104 7.0079997 0.24200104 0 P 0
L 6.4999997 1.00400104 7.0079997 1.25800104 0 P 0
L 6.4999997 1.89600078 7.0079997 1.64200078 0 P 0
L 6.4999997 2.40400078 7.0079997 2.65800078 0 P 0
L 6.4999997 3.39600032 7.0079997 3.14200032 0 P 0
L 6.4999997 3.90400032 7.0079997 4.15800032 0 P 0
L 6.4999997 4.89599986 7.0079997 4.64199986 0 P 0
L 6.4999997 5.40399986 7.0079997 5.65799986 0 P 0
L 6.4999997 6.3959994 7.0079997 6.1419994 0 P 0
L 6.4999997 6.9039994 7.0079997 7.1579994 0 P 0
L 6.4999997 7.89599894 7.0079997 7.64199894 0 P 0
L 6.4999997 8.40399894 7.0079997 8.65799894 0 P 0
L 6.4999997 10.89599802 7.0079997 10.64199802 0 P 0
L 6.4999997 11.40399802 7.0079997 11.65799802 0 P 0
L 6.4999997 12.39599756 7.0079997 12.14199756 0 P 0
L 6.4999997 12.90399756 7.0079997 13.15799756 0 P 0
L 6.4999997 13.8959971 7.0079997 13.6419971 0 P 0
L 6.4999997 14.4039971 7.0079997 14.6579971 0 P 0
L 6.4999997 15.39599664 7.0079997 15.14199664 0 P 0
L 6.4999997 15.90399664 7.0079997 16.15799664 0 P 0
L 6.4999997 16.89599618 7.0079997 16.64199618 0 P 0
L 6.4999997 17.40399618 7.0079997 17.65799618 0 P 0
L 6.7539997 0.75000104 7.0079997 0.24200104 0 P 0
L 6.7539997 0.75000104 7.0079997 1.25800104 0 P 0
L 6.7539997 2.15000078 7.0079997 1.64200078 0 P 0
L 6.7539997 2.15000078 7.0079997 2.65800078 0 P 0
L 6.7539997 3.65000032 7.0079997 3.14200032 0 P 0
L 6.7539997 3.65000032 7.0079997 4.15800032 0 P 0
L 6.7539997 5.14999986 7.0079997 4.64199986 0 P 0
L 6.7539997 5.14999986 7.0079997 5.65799986 0 P 0
L 6.7539997 6.6499994 7.0079997 6.1419994 0 P 0
L 6.7539997 6.6499994 7.0079997 7.1579994 0 P 0
L 6.7539997 8.14999894 7.0079997 7.64199894 0 P 0
L 6.7539997 8.14999894 7.0079997 8.65799894 0 P 0
L 6.7539997 11.14999802 7.0079997 10.64199802 0 P 0
L 6.7539997 11.14999802 7.0079997 11.65799802 0 P 0
L 6.7539997 12.64999756 7.0079997 12.14199756 0 P 0
L 6.7539997 12.64999756 7.0079997 13.15799756 0 P 0
L 6.7539997 14.1499971 7.0079997 13.6419971 0 P 0
L 6.7539997 14.1499971 7.0079997 14.6579971 0 P 0
L 6.7539997 15.64999664 7.0079997 15.14199664 0 P 0
L 6.7539997 15.64999664 7.0079997 16.15799664 0 P 0
L 6.7539997 17.14999618 7.0079997 16.64199618 0 P 0
L 6.7539997 17.14999618 7.0079997 17.65799618 0 P 0
L 7.49199924 0.24200104 7.74599924 0.75000104 0 P 0
L 7.49199924 0.24200104 7.99999924 0.49600104 0 P 0
L 7.49199924 1.25800104 7.74599924 0.75000104 0 P 0
L 7.49199924 1.25800104 7.99999924 1.00400104 0 P 0
L 7.49199924 1.64200078 7.74599924 2.15000078 0 P 0
L 7.49199924 1.64200078 7.99999924 1.89600078 0 P 0
L 7.49199924 2.65800078 7.74599924 2.15000078 0 P 0
L 7.49199924 2.65800078 7.99999924 2.40400078 0 P 0
L 7.49199924 3.14200032 7.74599924 3.65000032 0 P 0
L 7.49199924 3.14200032 7.99999924 3.39600032 0 P 0
L 7.49199924 4.15800032 7.74599924 3.65000032 0 P 0
L 7.49199924 4.15800032 7.99999924 3.90400032 0 P 0
L 7.49199924 4.64199986 7.74599924 5.14999986 0 P 0
L 7.49199924 4.64199986 7.99999924 4.89599986 0 P 0
L 7.49199924 5.65799986 7.74599924 5.14999986 0 P 0
L 7.49199924 5.65799986 7.99999924 5.40399986 0 P 0
L 7.49199924 6.1419994 7.74599924 6.6499994 0 P 0
L 7.49199924 6.1419994 7.99999924 6.3959994 0 P 0
L 7.49199924 7.1579994 7.74599924 6.6499994 0 P 0
L 7.49199924 7.1579994 7.99999924 6.9039994 0 P 0
L 7.49199924 7.64199894 7.74599924 8.14999894 0 P 0
L 7.49199924 7.64199894 7.99999924 7.89599894 0 P 0
L 7.49199924 8.65799894 7.74599924 8.14999894 0 P 0
L 7.49199924 8.65799894 7.99999924 8.40399894 0 P 0
L 7.49199924 9.14199848 7.74599924 9.64999848 0 P 0
L 7.49199924 9.14199848 7.99999924 9.39599848 0 P 0
L 7.49199924 10.15799848 7.74599924 9.64999848 0 P 0
L 7.49199924 10.15799848 7.99999924 9.90399848 0 P 0
L 7.49199924 10.64199802 7.74599924 11.14999802 0 P 0
L 7.49199924 10.64199802 7.99999924 10.89599802 0 P 0
L 7.49199924 11.65799802 7.74599924 11.14999802 0 P 0
L 7.49199924 11.65799802 7.99999924 11.40399802 0 P 0
L 7.49199924 12.14199756 7.74599924 12.64999756 0 P 0
L 7.49199924 12.14199756 7.99999924 12.39599756 0 P 0
L 7.49199924 13.15799756 7.74599924 12.64999756 0 P 0
L 7.49199924 13.15799756 7.99999924 12.90399756 0 P 0
L 7.49199924 13.6419971 7.74599924 14.1499971 0 P 0
L 7.49199924 13.6419971 7.99999924 13.8959971 0 P 0
L 7.49199924 14.6579971 7.74599924 14.1499971 0 P 0
L 7.49199924 14.6579971 7.99999924 14.4039971 0 P 0
L 7.49199924 15.14199664 7.74599924 15.64999664 0 P 0
L 7.49199924 15.14199664 7.99999924 15.39599664 0 P 0
L 7.49199924 16.15799664 7.74599924 15.64999664 0 P 0
L 7.49199924 16.15799664 7.99999924 15.90399664 0 P 0
L 7.49199924 16.64199618 7.74599924 17.14999618 0 P 0
L 7.49199924 16.64199618 7.99999924 16.89599618 0 P 0
L 7.49199924 17.65799618 7.74599924 17.14999618 0 P 0
L 7.49199924 17.65799618 7.99999924 17.40399618 0 P 0
L 7.99999924 0.49600104 8.50799924 0.24200104 0 P 0
L 7.99999924 1.00400104 8.50799924 1.25800104 0 P 0
L 7.99999924 1.89600078 8.50799924 1.64200078 0 P 0
L 7.99999924 2.40400078 8.50799924 2.65800078 0 P 0
L 7.99999924 3.39600032 8.50799924 3.14200032 0 P 0
L 7.99999924 3.90400032 8.50799924 4.15800032 0 P 0
L 7.99999924 4.89599986 8.50799924 4.64199986 0 P 0
L 7.99999924 5.40399986 8.50799924 5.65799986 0 P 0
L 7.99999924 6.3959994 8.50799924 6.1419994 0 P 0
L 7.99999924 6.9039994 8.50799924 7.1579994 0 P 0
L 7.99999924 7.89599894 8.50799924 7.64199894 0 P 0
L 7.99999924 8.40399894 8.50799924 8.65799894 0 P 0
L 7.99999924 9.39599848 8.50799924 9.14199848 0 P 0
L 7.99999924 9.90399848 8.50799924 10.15799848 0 P 0
L 7.99999924 10.89599802 8.50799924 10.64199802 0 P 0
L 7.99999924 11.40399802 8.50799924 11.65799802 0 P 0
L 7.99999924 12.39599756 8.50799924 12.14199756 0 P 0
L 7.99999924 12.90399756 8.50799924 13.15799756 0 P 0
L 7.99999924 13.8959971 8.50799924 13.6419971 0 P 0
L 7.99999924 14.4039971 8.50799924 14.6579971 0 P 0
L 7.99999924 15.39599664 8.50799924 15.14199664 0 P 0
L 7.99999924 15.90399664 8.50799924 16.15799664 0 P 0
L 7.99999924 16.89599618 8.50799924 16.64199618 0 P 0
L 7.99999924 17.40399618 8.50799924 17.65799618 0 P 0
L 8.25399924 0.75000104 8.50799924 0.24200104 0 P 0
L 8.25399924 0.75000104 8.50799924 1.25800104 0 P 0
L 8.25399924 2.15000078 8.50799924 1.64200078 0 P 0
L 8.25399924 2.15000078 8.50799924 2.65800078 0 P 0
L 8.25399924 3.65000032 8.50799924 3.14200032 0 P 0
L 8.25399924 3.65000032 8.50799924 4.15800032 0 P 0
L 8.25399924 5.14999986 8.50799924 4.64199986 0 P 0
L 8.25399924 5.14999986 8.50799924 5.65799986 0 P 0
L 8.25399924 6.6499994 8.50799924 6.1419994 0 P 0
L 8.25399924 6.6499994 8.50799924 7.1579994 0 P 0
L 8.25399924 8.14999894 8.50799924 7.64199894 0 P 0
L 8.25399924 8.14999894 8.50799924 8.65799894 0 P 0
L 8.25399924 9.64999848 8.50799924 9.14199848 0 P 0
L 8.25399924 9.64999848 8.50799924 10.15799848 0 P 0
L 8.25399924 11.14999802 8.50799924 10.64199802 0 P 0
L 8.25399924 11.14999802 8.50799924 11.65799802 0 P 0
L 8.25399924 12.64999756 8.50799924 12.14199756 0 P 0
L 8.25399924 12.64999756 8.50799924 13.15799756 0 P 0
L 8.25399924 14.1499971 8.50799924 13.6419971 0 P 0
L 8.25399924 14.1499971 8.50799924 14.6579971 0 P 0
L 8.25399924 15.64999664 8.50799924 15.14199664 0 P 0
L 8.25399924 15.64999664 8.50799924 16.15799664 0 P 0
L 8.25399924 17.14999618 8.50799924 16.64199618 0 P 0
L 8.25399924 17.14999618 8.50799924 17.65799618 0 P 0
L 8.99199878 0.24200104 9.24599878 0.75000104 0 P 0
L 8.99199878 0.24200104 9.49999878 0.49600104 0 P 0
L 8.99199878 1.25800104 9.24599878 0.75000104 0 P 0
L 8.99199878 1.25800104 9.49999878 1.00400104 0 P 0
L 8.99199878 1.64200078 9.24599878 2.15000078 0 P 0
L 8.99199878 1.64200078 9.49999878 1.89600078 0 P 0
L 8.99199878 2.65800078 9.24599878 2.15000078 0 P 0
L 8.99199878 2.65800078 9.49999878 2.40400078 0 P 0
L 8.99199878 3.14200032 9.24599878 3.65000032 0 P 0
L 8.99199878 3.14200032 9.49999878 3.39600032 0 P 0
L 8.99199878 4.15800032 9.24599878 3.65000032 0 P 0
L 8.99199878 4.15800032 9.49999878 3.90400032 0 P 0
L 8.99199878 4.64199986 9.24599878 5.14999986 0 P 0
L 8.99199878 4.64199986 9.49999878 4.89599986 0 P 0
L 8.99199878 5.65799986 9.24599878 5.14999986 0 P 0
L 8.99199878 5.65799986 9.49999878 5.40399986 0 P 0
L 8.99199878 6.1419994 9.24599878 6.6499994 0 P 0
L 8.99199878 6.1419994 9.49999878 6.3959994 0 P 0
L 8.99199878 7.1579994 9.24599878 6.6499994 0 P 0
L 8.99199878 7.1579994 9.49999878 6.9039994 0 P 0
L 8.99199878 7.64199894 9.24599878 8.14999894 0 P 0
L 8.99199878 7.64199894 9.49999878 7.89599894 0 P 0
L 8.99199878 8.65799894 9.24599878 8.14999894 0 P 0
L 8.99199878 8.65799894 9.49999878 8.40399894 0 P 0
L 8.99199878 10.64199802 9.24599878 11.14999802 0 P 0
L 8.99199878 10.64199802 9.49999878 10.89599802 0 P 0
L 8.99199878 11.65799802 9.24599878 11.14999802 0 P 0
L 8.99199878 11.65799802 9.49999878 11.40399802 0 P 0
L 8.99199878 12.14199756 9.24599878 12.64999756 0 P 0
L 8.99199878 12.14199756 9.49999878 12.39599756 0 P 0
L 8.99199878 13.15799756 9.24599878 12.64999756 0 P 0
L 8.99199878 13.15799756 9.49999878 12.90399756 0 P 0
L 8.99199878 13.6419971 9.24599878 14.1499971 0 P 0
L 8.99199878 13.6419971 9.49999878 13.8959971 0 P 0
L 8.99199878 14.6579971 9.24599878 14.1499971 0 P 0
L 8.99199878 14.6579971 9.49999878 14.4039971 0 P 0
L 8.99199878 15.14199664 9.24599878 15.64999664 0 P 0
L 8.99199878 15.14199664 9.49999878 15.39599664 0 P 0
L 8.99199878 16.15799664 9.24599878 15.64999664 0 P 0
L 8.99199878 16.15799664 9.49999878 15.90399664 0 P 0
L 8.99199878 16.64199618 9.24599878 17.14999618 0 P 0
L 8.99199878 16.64199618 9.49999878 16.89599618 0 P 0
L 8.99199878 17.65799618 9.24599878 17.14999618 0 P 0
L 8.99199878 17.65799618 9.49999878 17.40399618 0 P 0
L 9.49999878 0.49600104 10.00799878 0.24200104 0 P 0
L 9.49999878 1.00400104 10.00799878 1.25800104 0 P 0
L 9.49999878 1.89600078 10.00799878 1.64200078 0 P 0
L 9.49999878 2.40400078 10.00799878 2.65800078 0 P 0
L 9.49999878 3.39600032 10.00799878 3.14200032 0 P 0
L 9.49999878 3.90400032 10.00799878 4.15800032 0 P 0
L 9.49999878 4.89599986 10.00799878 4.64199986 0 P 0
L 9.49999878 5.40399986 10.00799878 5.65799986 0 P 0
L 9.49999878 6.3959994 10.00799878 6.1419994 0 P 0
L 9.49999878 6.9039994 10.00799878 7.1579994 0 P 0
L 9.49999878 7.89599894 10.00799878 7.64199894 0 P 0
L 9.49999878 8.40399894 10.00799878 8.65799894 0 P 0
L 9.49999878 10.89599802 10.00799878 10.64199802 0 P 0
L 9.49999878 11.40399802 10.00799878 11.65799802 0 P 0
L 9.49999878 12.39599756 10.00799878 12.14199756 0 P 0
L 9.49999878 12.90399756 10.00799878 13.15799756 0 P 0
L 9.49999878 13.8959971 10.00799878 13.6419971 0 P 0
L 9.49999878 14.4039971 10.00799878 14.6579971 0 P 0
L 9.49999878 15.39599664 10.00799878 15.14199664 0 P 0
L 9.49999878 15.90399664 10.00799878 16.15799664 0 P 0
L 9.49999878 16.89599618 10.00799878 16.64199618 0 P 0
L 9.49999878 17.40399618 10.00799878 17.65799618 0 P 0
L 9.75399878 0.75000104 10.00799878 0.24200104 0 P 0
L 9.75399878 0.75000104 10.00799878 1.25800104 0 P 0
L 9.75399878 2.15000078 10.00799878 1.64200078 0 P 0
L 9.75399878 2.15000078 10.00799878 2.65800078 0 P 0
L 9.75399878 3.65000032 10.00799878 3.14200032 0 P 0
L 9.75399878 3.65000032 10.00799878 4.15800032 0 P 0
L 9.75399878 5.14999986 10.00799878 4.64199986 0 P 0
L 9.75399878 5.14999986 10.00799878 5.65799986 0 P 0
L 9.75399878 6.6499994 10.00799878 6.1419994 0 P 0
L 9.75399878 6.6499994 10.00799878 7.1579994 0 P 0
L 9.75399878 8.14999894 10.00799878 7.64199894 0 P 0
L 9.75399878 8.14999894 10.00799878 8.65799894 0 P 0
L 9.75399878 11.14999802 10.00799878 10.64199802 0 P 0
L 9.75399878 11.14999802 10.00799878 11.65799802 0 P 0
L 9.75399878 12.64999756 10.00799878 12.14199756 0 P 0
L 9.75399878 12.64999756 10.00799878 13.15799756 0 P 0
L 9.75399878 14.1499971 10.00799878 13.6419971 0 P 0
L 9.75399878 14.1499971 10.00799878 14.6579971 0 P 0
L 9.75399878 15.64999664 10.00799878 15.14199664 0 P 0
L 9.75399878 15.64999664 10.00799878 16.15799664 0 P 0
L 9.75399878 17.14999618 10.00799878 16.64199618 0 P 0
L 9.75399878 17.14999618 10.00799878 17.65799618 0 P 0
L 10.49199832 1.64200078 10.74599832 2.15000078 0 P 0
L 10.49199832 1.64200078 10.99999832 1.89600078 0 P 0
L 10.49199832 2.65800078 10.74599832 2.15000078 0 P 0
L 10.49199832 2.65800078 10.99999832 2.40400078 0 P 0
L 10.49199832 6.1419994 10.74599832 6.6499994 0 P 0
L 10.49199832 6.1419994 10.99999832 6.3959994 0 P 0
L 10.49199832 7.1579994 10.74599832 6.6499994 0 P 0
L 10.49199832 7.1579994 10.99999832 6.9039994 0 P 0
L 10.49199832 7.64199894 10.74599832 8.14999894 0 P 0
L 10.49199832 7.64199894 10.99999832 7.89599894 0 P 0
L 10.49199832 8.65799894 10.74599832 8.14999894 0 P 0
L 10.49199832 8.65799894 10.99999832 8.40399894 0 P 0
L 10.49199832 10.64199802 10.74599832 11.14999802 0 P 0
L 10.49199832 10.64199802 10.99999832 10.89599802 0 P 0
L 10.49199832 11.65799802 10.74599832 11.14999802 0 P 0
L 10.49199832 11.65799802 10.99999832 11.40399802 0 P 0
L 10.49199832 12.14199756 10.74599832 12.64999756 0 P 0
L 10.49199832 12.14199756 10.99999832 12.39599756 0 P 0
L 10.49199832 13.15799756 10.74599832 12.64999756 0 P 0
L 10.49199832 13.15799756 10.99999832 12.90399756 0 P 0
L 10.49199832 13.6419971 10.74599832 14.1499971 0 P 0
L 10.49199832 13.6419971 10.99999832 13.8959971 0 P 0
L 10.49199832 14.6579971 10.74599832 14.1499971 0 P 0
L 10.49199832 14.6579971 10.99999832 14.4039971 0 P 0
L 10.49199832 15.14199664 10.74599832 15.64999664 0 P 0
L 10.49199832 15.14199664 10.99999832 15.39599664 0 P 0
L 10.49199832 16.15799664 10.74599832 15.64999664 0 P 0
L 10.49199832 16.15799664 10.99999832 15.90399664 0 P 0
L 10.49199832 16.64199618 10.74599832 17.14999618 0 P 0
L 10.49199832 16.64199618 10.99999832 16.89599618 0 P 0
L 10.49199832 17.65799618 10.74599832 17.14999618 0 P 0
L 10.49199832 17.65799618 10.99999832 17.40399618 0 P 0
L 10.49200086 0.24200104 10.74600086 0.75000104 0 P 0
L 10.49200086 0.24200104 11.00000086 0.49600104 0 P 0
L 10.49200086 1.25800104 10.74600086 0.75000104 0 P 0
L 10.49200086 1.25800104 11.00000086 1.00400104 0 P 0
L 10.60200064 3.66199928 10.60200064 4.67799928 0 P 0
L 10.60200064 3.66199928 11.61800064 3.66199928 0 P 0
L 10.60200064 4.67799928 11.61800064 4.67799928 0 P 0
L 10.99999832 1.89600078 11.50799832 1.64200078 0 P 0
L 10.99999832 2.40400078 11.50799832 2.65800078 0 P 0
L 10.99999832 6.3959994 11.50799832 6.1419994 0 P 0
L 10.99999832 6.9039994 11.50799832 7.1579994 0 P 0
L 10.99999832 7.89599894 11.50799832 7.64199894 0 P 0
L 10.99999832 8.40399894 11.50799832 8.65799894 0 P 0
L 10.99999832 10.89599802 11.50799832 10.64199802 0 P 0
L 10.99999832 11.40399802 11.50799832 11.65799802 0 P 0
L 10.99999832 12.39599756 11.50799832 12.14199756 0 P 0
L 10.99999832 12.90399756 11.50799832 13.15799756 0 P 0
L 10.99999832 13.8959971 11.50799832 13.6419971 0 P 0
L 10.99999832 14.4039971 11.50799832 14.6579971 0 P 0
L 10.99999832 15.39599664 11.50799832 15.14199664 0 P 0
L 10.99999832 15.90399664 11.50799832 16.15799664 0 P 0
L 10.99999832 16.89599618 11.50799832 16.64199618 0 P 0
L 10.99999832 17.40399618 11.50799832 17.65799618 0 P 0
L 11.00000086 0.49600104 11.50800086 0.24200104 0 P 0
L 11.00000086 1.00400104 11.50800086 1.25800104 0 P 0
L 11.25399832 2.15000078 11.50799832 1.64200078 0 P 0
L 11.25399832 2.15000078 11.50799832 2.65800078 0 P 0
L 11.25399832 6.6499994 11.50799832 6.1419994 0 P 0
L 11.25399832 6.6499994 11.50799832 7.1579994 0 P 0
L 11.25399832 8.14999894 11.50799832 7.64199894 0 P 0
L 11.25399832 8.14999894 11.50799832 8.65799894 0 P 0
L 11.25399832 11.14999802 11.50799832 10.64199802 0 P 0
L 11.25399832 11.14999802 11.50799832 11.65799802 0 P 0
L 11.25399832 12.64999756 11.50799832 12.14199756 0 P 0
L 11.25399832 12.64999756 11.50799832 13.15799756 0 P 0
L 11.25399832 14.1499971 11.50799832 13.6419971 0 P 0
L 11.25399832 14.1499971 11.50799832 14.6579971 0 P 0
L 11.25399832 15.64999664 11.50799832 15.14199664 0 P 0
L 11.25399832 15.64999664 11.50799832 16.15799664 0 P 0
L 11.25399832 17.14999618 11.50799832 16.64199618 0 P 0
L 11.25399832 17.14999618 11.50799832 17.65799618 0 P 0
L 11.25400086 0.75000104 11.50800086 0.24200104 0 P 0
L 11.25400086 0.75000104 11.50800086 1.25800104 0 P 0
L 11.39199906 9.04200122 11.64599906 9.55000122 0 P 0
L 11.39199906 9.04200122 11.89999906 9.29600122 0 P 0
L 11.39199906 10.05800122 11.64599906 9.55000122 0 P 0
L 11.39199906 10.05800122 11.89999906 9.80400122 0 P 0
L 11.61800064 3.66199928 11.61800064 4.67799928 0 P 0
L 11.89999906 9.29600122 12.40799906 9.04200122 0 P 0
L 11.89999906 9.80400122 12.40799906 10.05800122 0 P 0
L 11.99199786 1.64200078 12.24599786 2.15000078 0 P 0
L 11.99199786 1.64200078 12.49999786 1.89600078 0 P 0
L 11.99199786 2.65800078 12.24599786 2.15000078 0 P 0
L 11.99199786 2.65800078 12.49999786 2.40400078 0 P 0
L 11.99199786 3.14200032 12.24599786 3.65000032 0 P 0
L 11.99199786 3.14200032 12.49999786 3.39600032 0 P 0
L 11.99199786 4.15800032 12.24599786 3.65000032 0 P 0
L 11.99199786 4.15800032 12.49999786 3.90400032 0 P 0
L 11.99199786 4.64199986 12.24599786 5.14999986 0 P 0
L 11.99199786 4.64199986 12.49999786 4.89599986 0 P 0
L 11.99199786 5.65799986 12.24599786 5.14999986 0 P 0
L 11.99199786 5.65799986 12.49999786 5.40399986 0 P 0
L 11.99199786 15.14199664 12.24599786 15.64999664 0 P 0
L 11.99199786 15.14199664 12.49999786 15.39599664 0 P 0
L 11.99199786 16.15799664 12.24599786 15.64999664 0 P 0
L 11.99199786 16.15799664 12.49999786 15.90399664 0 P 0
L 11.99199786 16.64199618 12.24599786 17.14999618 0 P 0
L 11.99199786 16.64199618 12.49999786 16.89599618 0 P 0
L 11.99199786 17.65799618 12.24599786 17.14999618 0 P 0
L 11.99199786 17.65799618 12.49999786 17.40399618 0 P 0
L 11.9920004 0.24200104 12.2460004 0.75000104 0 P 0
L 11.9920004 0.24200104 12.5000004 0.49600104 0 P 0
L 11.9920004 1.25800104 12.2460004 0.75000104 0 P 0
L 11.9920004 1.25800104 12.5000004 1.00400104 0 P 0
L 11.9920004 6.1419994 12.2460004 6.6499994 0 P 0
L 11.9920004 6.1419994 12.5000004 6.3959994 0 P 0
L 11.9920004 7.1579994 12.2460004 6.6499994 0 P 0
L 11.9920004 7.1579994 12.5000004 6.9039994 0 P 0
L 12.15399906 9.55000122 12.40799906 9.04200122 0 P 0
L 12.15399906 9.55000122 12.40799906 10.05800122 0 P 0
L 12.49999786 1.89600078 13.00799786 1.64200078 0 P 0
L 12.49999786 2.40400078 13.00799786 2.65800078 0 P 0
L 12.49999786 3.39600032 13.00799786 3.14200032 0 P 0
L 12.49999786 3.90400032 13.00799786 4.15800032 0 P 0
L 12.49999786 4.89599986 13.00799786 4.64199986 0 P 0
L 12.49999786 5.40399986 13.00799786 5.65799986 0 P 0
L 12.49999786 15.39599664 13.00799786 15.14199664 0 P 0
L 12.49999786 15.90399664 13.00799786 16.15799664 0 P 0
L 12.49999786 16.89599618 13.00799786 16.64199618 0 P 0
L 12.49999786 17.40399618 13.00799786 17.65799618 0 P 0
L 12.5000004 0.49600104 13.0080004 0.24200104 0 P 0
L 12.5000004 1.00400104 13.0080004 1.25800104 0 P 0
L 12.5000004 6.3959994 13.0080004 6.1419994 0 P 0
L 12.5000004 6.9039994 13.0080004 7.1579994 0 P 0
L 12.75399786 2.15000078 13.00799786 1.64200078 0 P 0
L 12.75399786 2.15000078 13.00799786 2.65800078 0 P 0
L 12.75399786 3.65000032 13.00799786 3.14200032 0 P 0
L 12.75399786 3.65000032 13.00799786 4.15800032 0 P 0
L 12.75399786 5.14999986 13.00799786 4.64199986 0 P 0
L 12.75399786 5.14999986 13.00799786 5.65799986 0 P 0
L 12.75399786 15.64999664 13.00799786 15.14199664 0 P 0
L 12.75399786 15.64999664 13.00799786 16.15799664 0 P 0
L 12.75399786 17.14999618 13.00799786 16.64199618 0 P 0
L 12.75399786 17.14999618 13.00799786 17.65799618 0 P 0
L 12.7540004 0.75000104 13.0080004 0.24200104 0 P 0
L 12.7540004 0.75000104 13.0080004 1.25800104 0 P 0
L 12.7540004 6.6499994 13.0080004 6.1419994 0 P 0
L 12.7540004 6.6499994 13.0080004 7.1579994 0 P 0
L 13.01699962 10.61699934 13.27099962 11.12499934 0 P 0
L 13.01699962 10.61699934 13.52499962 10.87099934 0 P 0
L 13.01699962 11.63299934 13.27099962 11.12499934 0 P 0
L 13.01699962 11.63299934 13.52499962 11.37899934 0 P 0
L 13.14200064 3.66199928 13.14200064 4.67799928 0 P 0
L 13.14200064 3.66199928 14.15800064 3.66199928 0 P 0
L 13.14200064 4.67799928 14.15800064 4.67799928 0 P 0
L 13.4919974 1.64200078 13.7459974 2.15000078 0 P 0
L 13.4919974 1.64200078 13.9999974 1.89600078 0 P 0
L 13.4919974 2.65800078 13.7459974 2.15000078 0 P 0
L 13.4919974 2.65800078 13.9999974 2.40400078 0 P 0
L 13.4919974 15.14199664 13.7459974 15.64999664 0 P 0
L 13.4919974 15.14199664 13.9999974 15.39599664 0 P 0
L 13.4919974 16.15799664 13.7459974 15.64999664 0 P 0
L 13.4919974 16.15799664 13.9999974 15.90399664 0 P 0
L 13.4919974 16.64199618 13.7459974 17.14999618 0 P 0
L 13.4919974 16.64199618 13.9999974 16.89599618 0 P 0
L 13.4919974 17.65799618 13.7459974 17.14999618 0 P 0
L 13.4919974 17.65799618 13.9999974 17.40399618 0 P 0
L 13.49199994 0.24200104 13.74599994 0.75000104 0 P 0
L 13.49199994 0.24200104 13.99999994 0.49600104 0 P 0
L 13.49199994 1.25800104 13.74599994 0.75000104 0 P 0
L 13.49199994 1.25800104 13.99999994 1.00400104 0 P 0
L 13.49199994 6.1419994 13.74599994 6.6499994 0 P 0
L 13.49199994 6.1419994 13.99999994 6.3959994 0 P 0
L 13.49199994 7.1579994 13.74599994 6.6499994 0 P 0
L 13.49199994 7.1579994 13.99999994 6.9039994 0 P 0
L 13.52499962 10.87099934 14.03299962 10.61699934 0 P 0
L 13.52499962 11.37899934 14.03299962 11.63299934 0 P 0
L 13.77899962 11.12499934 14.03299962 10.61699934 0 P 0
L 13.77899962 11.12499934 14.03299962 11.63299934 0 P 0
L 13.9999974 1.89600078 14.5079974 1.64200078 0 P 0
L 13.9999974 2.40400078 14.5079974 2.65800078 0 P 0
L 13.9999974 15.39599664 14.5079974 15.14199664 0 P 0
L 13.9999974 15.90399664 14.5079974 16.15799664 0 P 0
L 13.9999974 16.89599618 14.5079974 16.64199618 0 P 0
L 13.9999974 17.40399618 14.5079974 17.65799618 0 P 0
L 13.99999994 0.49600104 14.50799994 0.24200104 0 P 0
L 13.99999994 1.00400104 14.50799994 1.25800104 0 P 0
L 13.99999994 6.3959994 14.50799994 6.1419994 0 P 0
L 13.99999994 6.9039994 14.50799994 7.1579994 0 P 0
L 14.15800064 3.66199928 14.15800064 4.67799928 0 P 0
L 14.2539974 2.15000078 14.5079974 1.64200078 0 P 0
L 14.2539974 2.15000078 14.5079974 2.65800078 0 P 0
L 14.2539974 15.64999664 14.5079974 15.14199664 0 P 0
L 14.2539974 15.64999664 14.5079974 16.15799664 0 P 0
L 14.2539974 17.14999618 14.5079974 16.64199618 0 P 0
L 14.2539974 17.14999618 14.5079974 17.65799618 0 P 0
L 14.25399994 0.75000104 14.50799994 0.24200104 0 P 0
L 14.25399994 0.75000104 14.50799994 1.25800104 0 P 0
L 14.25399994 6.6499994 14.50799994 6.1419994 0 P 0
L 14.25399994 6.6499994 14.50799994 7.1579994 0 P 0
L 14.34200078 14.54200038 14.59600078 15.05000038 0 P 0
L 14.34200078 14.54200038 14.85000078 14.79600038 0 P 0
L 14.34200078 15.55800038 14.59600078 15.05000038 0 P 0
L 14.34200078 15.55800038 14.85000078 15.30400038 0 P 0
L 14.34200078 15.64200072 14.59600078 16.15000072 0 P 0
L 14.34200078 15.64200072 14.85000078 15.89600072 0 P 0
L 14.34200078 16.65800072 14.59600078 16.15000072 0 P 0
L 14.34200078 16.65800072 14.85000078 16.40400072 0 P 0
L 14.36592758 16.63770358 14.61992758 17.14570358 0 P 0
L 14.36592758 16.63770358 14.87392758 16.89170358 0 P 0
L 14.36592758 17.65370358 14.61992758 17.14570358 0 P 0
L 14.36592758 17.65370358 14.87392758 17.39970358 0 P 0
L 14.39200068 7.94200088 14.64600068 8.45000088 0 P 0
L 14.39200068 7.94200088 14.90000068 8.19600088 0 P 0
L 14.39200068 8.95800088 14.64600068 8.45000088 0 P 0
L 14.39200068 8.95800088 14.90000068 8.70400088 0 P 0
L 14.85000078 14.79600038 15.35800078 14.54200038 0 P 0
L 14.85000078 15.30400038 15.35800078 15.55800038 0 P 0
L 14.85000078 15.89600072 15.35800078 15.64200072 0 P 0
L 14.85000078 16.40400072 15.35800078 16.65800072 0 P 0
L 14.87392758 16.89170358 15.38192758 16.63770358 0 P 0
L 14.87392758 17.39970358 15.38192758 17.65370358 0 P 0
L 14.90000068 8.19600088 15.40800068 7.94200088 0 P 0
L 14.90000068 8.70400088 15.40800068 8.95800088 0 P 0
L 14.99199694 1.64200078 15.24599694 2.15000078 0 P 0
L 14.99199694 1.64200078 15.49999694 1.89600078 0 P 0
L 14.99199694 2.65800078 15.24599694 2.15000078 0 P 0
L 14.99199694 2.65800078 15.49999694 2.40400078 0 P 0
L 14.99199948 0.24200104 15.24599948 0.75000104 0 P 0
L 14.99199948 0.24200104 15.49999948 0.49600104 0 P 0
L 14.99199948 1.25800104 15.24599948 0.75000104 0 P 0
L 14.99199948 1.25800104 15.49999948 1.00400104 0 P 0
L 15.10400078 15.05000038 15.35800078 14.54200038 0 P 0
L 15.10400078 15.05000038 15.35800078 15.55800038 0 P 0
L 15.10400078 16.15000072 15.35800078 15.64200072 0 P 0
L 15.10400078 16.15000072 15.35800078 16.65800072 0 P 0
L 15.12792758 17.14570358 15.38192758 16.63770358 0 P 0
L 15.12792758 17.14570358 15.38192758 17.65370358 0 P 0
L 15.15400068 8.45000088 15.40800068 7.94200088 0 P 0
L 15.15400068 8.45000088 15.40800068 8.95800088 0 P 0
L 15.49999694 1.89600078 16.00799694 1.64200078 0 P 0
L 15.49999694 2.40400078 16.00799694 2.65800078 0 P 0
L 15.49999948 0.49600104 16.00799948 0.24200104 0 P 0
L 15.49999948 1.00400104 16.00799948 1.25800104 0 P 0
L 15.68200064 3.66199928 15.68200064 4.67799928 0 P 0
L 15.68200064 3.66199928 16.69800064 3.66199928 0 P 0
L 15.68200064 4.67799928 16.69800064 4.67799928 0 P 0
L 15.75399694 2.15000078 16.00799694 1.64200078 0 P 0
L 15.75399694 2.15000078 16.00799694 2.65800078 0 P 0
L 15.75399948 0.75000104 16.00799948 0.24200104 0 P 0
L 15.75399948 0.75000104 16.00799948 1.25800104 0 P 0
L 15.9169989 8.7670005 16.1709989 9.2750005 0 P 0
L 15.9169989 8.7670005 16.4249989 9.0210005 0 P 0
L 15.9169989 9.7830005 16.1709989 9.2750005 0 P 0
L 15.9169989 9.7830005 16.4249989 9.5290005 0 P 0
L 16.4249989 9.0210005 16.9329989 8.7670005 0 P 0
L 16.4249989 9.5290005 16.9329989 9.7830005 0 P 0
L 16.49199648 1.64200078 16.74599648 2.15000078 0 P 0
L 16.49199648 1.64200078 16.99999648 1.89600078 0 P 0
L 16.49199648 2.65800078 16.74599648 2.15000078 0 P 0
L 16.49199648 2.65800078 16.99999648 2.40400078 0 P 0
L 16.49199902 0.24200104 16.74599902 0.75000104 0 P 0
L 16.49199902 0.24200104 16.99999902 0.49600104 0 P 0
L 16.49199902 1.25800104 16.74599902 0.75000104 0 P 0
L 16.49199902 1.25800104 16.99999902 1.00400104 0 P 0
L 16.54199892 5.5920005 16.79599892 6.1000005 0 P 0
L 16.54199892 5.5920005 17.04999892 5.8460005 0 P 0
L 16.54199892 6.6080005 16.79599892 6.1000005 0 P 0
L 16.54199892 6.6080005 17.04999892 6.3540005 0 P 0
L 16.6789989 9.2750005 16.9329989 8.7670005 0 P 0
L 16.6789989 9.2750005 16.9329989 9.7830005 0 P 0
L 16.69800064 3.66199928 16.69800064 4.67799928 0 P 0
L 16.74200106 9.54200022 16.99600106 10.05000022 0 P 0
L 16.74200106 9.54200022 17.25000106 9.79600022 0 P 0
L 16.74200106 10.55800022 16.99600106 10.05000022 0 P 0
L 16.74200106 10.55800022 17.25000106 10.30400022 0 P 0
L 16.99999648 1.89600078 17.50799648 1.64200078 0 P 0
L 16.99999648 2.40400078 17.50799648 2.65800078 0 P 0
L 16.99999902 0.49600104 17.50799902 0.24200104 0 P 0
L 16.99999902 1.00400104 17.50799902 1.25800104 0 P 0
L 17.04999892 5.8460005 17.55799892 5.5920005 0 P 0
L 17.04999892 6.3540005 17.55799892 6.6080005 0 P 0
L 17.16699894 16.64200126 17.42099894 17.15000126 0 P 0
L 17.16699894 16.64200126 17.67499894 16.89600126 0 P 0
L 17.16699894 17.65800126 17.42099894 17.15000126 0 P 0
L 17.16699894 17.65800126 17.67499894 17.40400126 0 P 0
L 17.25000106 9.79600022 17.75800106 9.54200022 0 P 0
L 17.25000106 10.30400022 17.75800106 10.55800022 0 P 0
L 17.25399648 2.15000078 17.50799648 1.64200078 0 P 0
L 17.25399648 2.15000078 17.50799648 2.65800078 0 P 0
L 17.25399902 0.75000104 17.50799902 0.24200104 0 P 0
L 17.25399902 0.75000104 17.50799902 1.25800104 0 P 0
L 17.30399892 6.1000005 17.55799892 5.5920005 0 P 0
L 17.30399892 6.1000005 17.55799892 6.6080005 0 P 0
L 17.50400106 10.05000022 17.75800106 9.54200022 0 P 0
L 17.50400106 10.05000022 17.75800106 10.55800022 0 P 0
L 17.67499894 16.89600126 18.18299894 16.64200126 0 P 0
L 17.67499894 17.40400126 18.18299894 17.65800126 0 P 0
L 17.73899932 5.0076481 17.99299932 5.5156481 0 P 0
L 17.73899932 5.0076481 18.24699932 5.2616481 0 P 0
L 17.73899932 6.0236481 17.99299932 5.5156481 0 P 0
L 17.73899932 6.0236481 18.24699932 5.7696481 0 P 0
L 17.84199886 10.49200086 18.09599886 11.00000086 0 P 0
L 17.84199886 10.49200086 18.34999886 10.74600086 0 P 0
L 17.84199886 11.50800086 18.09599886 11.00000086 0 P 0
L 17.84199886 11.50800086 18.34999886 11.25400086 0 P 0
L 17.92899894 17.15000126 18.18299894 16.64200126 0 P 0
L 17.92899894 17.15000126 18.18299894 17.65800126 0 P 0
L 17.99199602 1.64200078 18.24599602 2.15000078 0 P 0
L 17.99199602 1.64200078 18.49999602 1.89600078 0 P 0
L 17.99199602 2.65800078 18.24599602 2.15000078 0 P 0
L 17.99199602 2.65800078 18.49999602 2.40400078 0 P 0
L 17.99199602 12.14199756 18.24599602 12.64999756 0 P 0
L 17.99199602 12.14199756 18.49999602 12.39599756 0 P 0
L 17.99199602 13.15799756 18.24599602 12.64999756 0 P 0
L 17.99199602 13.15799756 18.49999602 12.90399756 0 P 0
L 17.99199602 13.6419971 18.24599602 14.1499971 0 P 0
L 17.99199602 13.6419971 18.49999602 13.8959971 0 P 0
L 17.99199602 14.6579971 18.24599602 14.1499971 0 P 0
L 17.99199602 14.6579971 18.49999602 14.4039971 0 P 0
L 17.99199602 15.14199664 18.24599602 15.64999664 0 P 0
L 17.99199602 15.14199664 18.49999602 15.39599664 0 P 0
L 17.99199602 16.15799664 18.24599602 15.64999664 0 P 0
L 17.99199602 16.15799664 18.49999602 15.90399664 0 P 0
L 18.22200064 3.66199928 18.22200064 4.67799928 0 P 0
L 18.22200064 3.66199928 19.23800064 3.66199928 0 P 0
L 18.22200064 4.67799928 19.23800064 4.67799928 0 P 0
L 18.24699932 5.2616481 18.75499932 5.0076481 0 P 0
L 18.24699932 5.7696481 18.75499932 6.0236481 0 P 0
L 18.34999886 10.74600086 18.85799886 10.49200086 0 P 0
L 18.34999886 11.25400086 18.85799886 11.50800086 0 P 0
L 18.49999602 1.89600078 19.00799602 1.64200078 0 P 0
L 18.49999602 2.40400078 19.00799602 2.65800078 0 P 0
L 18.49999602 12.39599756 19.00799602 12.14199756 0 P 0
L 18.49999602 12.90399756 19.00799602 13.15799756 0 P 0
L 18.49999602 13.8959971 19.00799602 13.6419971 0 P 0
L 18.49999602 14.4039971 19.00799602 14.6579971 0 P 0
L 18.49999602 15.39599664 19.00799602 15.14199664 0 P 0
L 18.49999602 15.90399664 19.00799602 16.15799664 0 P 0
L 18.50099932 5.5156481 18.75499932 5.0076481 0 P 0
L 18.50099932 5.5156481 18.75499932 6.0236481 0 P 0
L 18.5159269 16.63770358 18.7699269 17.14570358 0 P 0
L 18.5159269 16.63770358 19.0239269 16.89170358 0 P 0
L 18.5159269 17.65370358 18.7699269 17.14570358 0 P 0
L 18.5159269 17.65370358 19.0239269 17.39970358 0 P 0
L 18.60399886 11.00000086 18.85799886 10.49200086 0 P 0
L 18.60399886 11.00000086 18.85799886 11.50800086 0 P 0
L 18.75399602 2.15000078 19.00799602 1.64200078 0 P 0
L 18.75399602 2.15000078 19.00799602 2.65800078 0 P 0
L 18.75399602 12.64999756 19.00799602 12.14199756 0 P 0
L 18.75399602 12.64999756 19.00799602 13.15799756 0 P 0
L 18.75399602 14.1499971 19.00799602 13.6419971 0 P 0
L 18.75399602 14.1499971 19.00799602 14.6579971 0 P 0
L 18.75399602 15.64999664 19.00799602 15.14199664 0 P 0
L 18.75399602 15.64999664 19.00799602 16.15799664 0 P 0
L 18.9419992 10.49200086 19.1959992 11.00000086 0 P 0
L 18.9419992 10.49200086 19.4499992 10.74600086 0 P 0
L 18.9419992 11.50800086 19.1959992 11.00000086 0 P 0
L 18.9419992 11.50800086 19.4499992 11.25400086 0 P 0
L 19.0239269 16.89170358 19.5319269 16.63770358 0 P 0
L 19.0239269 17.39970358 19.5319269 17.65370358 0 P 0
L 19.11700012 5.5920005 19.37100012 6.1000005 0 P 0
L 19.11700012 5.5920005 19.62500012 5.8460005 0 P 0
L 19.11700012 6.6080005 19.37100012 6.1000005 0 P 0
L 19.11700012 6.6080005 19.62500012 6.3540005 0 P 0
L 19.23800064 3.66199928 19.23800064 4.67799928 0 P 0
L 19.2779269 17.14570358 19.5319269 16.63770358 0 P 0
L 19.2779269 17.14570358 19.5319269 17.65370358 0 P 0
L 19.4499992 10.74600086 19.9579992 10.49200086 0 P 0
L 19.4499992 11.25400086 19.9579992 11.50800086 0 P 0
L 19.49199556 1.64200078 19.74599556 2.15000078 0 P 0
L 19.49199556 1.64200078 19.99999556 1.89600078 0 P 0
L 19.49199556 2.65800078 19.74599556 2.15000078 0 P 0
L 19.49199556 2.65800078 19.99999556 2.40400078 0 P 0
L 19.49199556 3.14200032 19.74599556 3.65000032 0 P 0
L 19.49199556 3.14200032 19.99999556 3.39600032 0 P 0
L 19.49199556 4.15800032 19.74599556 3.65000032 0 P 0
L 19.49199556 4.15800032 19.99999556 3.90400032 0 P 0
L 19.49199556 12.14199756 19.74599556 12.64999756 0 P 0
L 19.49199556 12.14199756 19.99999556 12.39599756 0 P 0
L 19.49199556 13.15799756 19.74599556 12.64999756 0 P 0
L 19.49199556 13.15799756 19.99999556 12.90399756 0 P 0
L 19.49199556 13.6419971 19.74599556 14.1499971 0 P 0
L 19.49199556 13.6419971 19.99999556 13.8959971 0 P 0
L 19.49199556 14.6579971 19.74599556 14.1499971 0 P 0
L 19.49199556 14.6579971 19.99999556 14.4039971 0 P 0
L 19.49199556 15.14199664 19.74599556 15.64999664 0 P 0
L 19.49199556 15.14199664 19.99999556 15.39599664 0 P 0
L 19.49199556 16.15799664 19.74599556 15.64999664 0 P 0
L 19.49199556 16.15799664 19.99999556 15.90399664 0 P 0
L 19.49199556 16.64199618 19.74599556 17.14999618 0 P 0
L 19.49199556 16.64199618 19.99999556 16.89599618 0 P 0
L 19.49199556 17.65799618 19.74599556 17.14999618 0 P 0
L 19.49199556 17.65799618 19.99999556 17.40399618 0 P 0
L 19.62500012 5.8460005 20.13300012 5.5920005 0 P 0
L 19.62500012 6.3540005 20.13300012 6.6080005 0 P 0
L 19.7039992 11.00000086 19.9579992 10.49200086 0 P 0
L 19.7039992 11.00000086 19.9579992 11.50800086 0 P 0
L 19.87900012 6.1000005 20.13300012 5.5920005 0 P 0
L 19.87900012 6.1000005 20.13300012 6.6080005 0 P 0
L 19.99999556 1.89600078 20.50799556 1.64200078 0 P 0
L 19.99999556 2.40400078 20.50799556 2.65800078 0 P 0
L 19.99999556 3.39600032 20.50799556 3.14200032 0 P 0
L 19.99999556 3.90400032 20.50799556 4.15800032 0 P 0
L 19.99999556 12.39599756 20.50799556 12.14199756 0 P 0
L 19.99999556 12.90399756 20.50799556 13.15799756 0 P 0
L 19.99999556 13.8959971 20.50799556 13.6419971 0 P 0
L 19.99999556 14.4039971 20.50799556 14.6579971 0 P 0
L 19.99999556 15.39599664 20.50799556 15.14199664 0 P 0
L 19.99999556 15.90399664 20.50799556 16.15799664 0 P 0
L 19.99999556 16.89599618 20.50799556 16.64199618 0 P 0
L 19.99999556 17.40399618 20.50799556 17.65799618 0 P 0
L 20.04199954 10.59200066 20.29599954 11.10000066 0 P 0
L 20.04199954 10.59200066 20.54999954 10.84600066 0 P 0
L 20.04199954 11.60800066 20.29599954 11.10000066 0 P 0
L 20.04199954 11.60800066 20.54999954 11.35400066 0 P 0
L 20.25399556 2.15000078 20.50799556 1.64200078 0 P 0
L 20.25399556 2.15000078 20.50799556 2.65800078 0 P 0
L 20.25399556 3.65000032 20.50799556 3.14200032 0 P 0
L 20.25399556 3.65000032 20.50799556 4.15800032 0 P 0
L 20.25399556 12.64999756 20.50799556 12.14199756 0 P 0
L 20.25399556 12.64999756 20.50799556 13.15799756 0 P 0
L 20.25399556 14.1499971 20.50799556 13.6419971 0 P 0
L 20.25399556 14.1499971 20.50799556 14.6579971 0 P 0
L 20.25399556 15.64999664 20.50799556 15.14199664 0 P 0
L 20.25399556 15.64999664 20.50799556 16.15799664 0 P 0
L 20.25399556 17.14999618 20.50799556 16.64199618 0 P 0
L 20.25399556 17.14999618 20.50799556 17.65799618 0 P 0
L 20.46699996 16.64200126 20.72099996 17.15000126 0 P 0
L 20.46699996 16.64200126 20.97499996 16.89600126 0 P 0
L 20.46699996 17.65800126 20.72099996 17.15000126 0 P 0
L 20.46699996 17.65800126 20.97499996 17.40400126 0 P 0
L 20.54999954 10.84600066 21.05799954 10.59200066 0 P 0
L 20.54999954 11.35400066 21.05799954 11.60800066 0 P 0
L 20.76200064 3.66199928 20.76200064 4.67799928 0 P 0
L 20.76200064 3.66199928 21.77800064 3.66199928 0 P 0
L 20.76200064 4.67799928 21.77800064 4.67799928 0 P 0
L 20.80399954 11.10000066 21.05799954 10.59200066 0 P 0
L 20.80399954 11.10000066 21.05799954 11.60800066 0 P 0
L 20.97499996 16.89600126 21.48299996 16.64200126 0 P 0
L 20.97499996 17.40400126 21.48299996 17.65800126 0 P 0
L 20.9919951 1.64200078 21.2459951 2.15000078 0 P 0
L 20.9919951 1.64200078 21.4999951 1.89600078 0 P 0
L 20.9919951 2.65800078 21.2459951 2.15000078 0 P 0
L 20.9919951 2.65800078 21.4999951 2.40400078 0 P 0
L 20.9919951 12.14199756 21.2459951 12.64999756 0 P 0
L 20.9919951 12.14199756 21.4999951 12.39599756 0 P 0
L 20.9919951 13.15799756 21.2459951 12.64999756 0 P 0
L 20.9919951 13.15799756 21.4999951 12.90399756 0 P 0
L 20.9919951 13.6419971 21.2459951 14.1499971 0 P 0
L 20.9919951 13.6419971 21.4999951 13.8959971 0 P 0
L 20.9919951 14.6579971 21.2459951 14.1499971 0 P 0
L 20.9919951 14.6579971 21.4999951 14.4039971 0 P 0
L 20.9919951 15.14199664 21.2459951 15.64999664 0 P 0
L 20.9919951 15.14199664 21.4999951 15.39599664 0 P 0
L 20.9919951 16.15799664 21.2459951 15.64999664 0 P 0
L 20.9919951 16.15799664 21.4999951 15.90399664 0 P 0
L 21.22899996 17.15000126 21.48299996 16.64200126 0 P 0
L 21.22899996 17.15000126 21.48299996 17.65800126 0 P 0
L 21.29199958 11.14199956 21.54599958 11.64999956 0 P 0
L 21.29199958 11.14199956 21.79999958 11.39599956 0 P 0
L 21.29199958 12.15799956 21.54599958 11.64999956 0 P 0
L 21.29199958 12.15799956 21.79999958 11.90399956 0 P 0
L 21.4999951 1.89600078 22.0079951 1.64200078 0 P 0
L 21.4999951 2.40400078 22.0079951 2.65800078 0 P 0
L 21.4999951 12.39599756 22.0079951 12.14199756 0 P 0
L 21.4999951 12.90399756 22.0079951 13.15799756 0 P 0
L 21.4999951 13.8959971 22.0079951 13.6419971 0 P 0
L 21.4999951 14.4039971 22.0079951 14.6579971 0 P 0
L 21.4999951 15.39599664 22.0079951 15.14199664 0 P 0
L 21.4999951 15.90399664 22.0079951 16.15799664 0 P 0
L 21.7539951 2.15000078 22.0079951 1.64200078 0 P 0
L 21.7539951 2.15000078 22.0079951 2.65800078 0 P 0
L 21.7539951 12.64999756 22.0079951 12.14199756 0 P 0
L 21.7539951 12.64999756 22.0079951 13.15799756 0 P 0
L 21.7539951 14.1499971 22.0079951 13.6419971 0 P 0
L 21.7539951 14.1499971 22.0079951 14.6579971 0 P 0
L 21.7539951 15.64999664 22.0079951 15.14199664 0 P 0
L 21.7539951 15.64999664 22.0079951 16.15799664 0 P 0
L 21.77800064 3.66199928 21.77800064 4.67799928 0 P 0
L 21.79999958 11.39599956 22.30799958 11.14199956 0 P 0
L 21.79999958 11.90399956 22.30799958 12.15799956 0 P 0
L 21.8169998 16.64200126 22.0709998 17.15000126 0 P 0
L 21.8169998 16.64200126 22.3249998 16.89600126 0 P 0
L 21.8169998 17.65800126 22.0709998 17.15000126 0 P 0
L 21.8169998 17.65800126 22.3249998 17.40400126 0 P 0
L 22.05399958 11.64999956 22.30799958 11.14199956 0 P 0
L 22.05399958 11.64999956 22.30799958 12.15799956 0 P 0
L 22.3249998 16.89600126 22.8329998 16.64200126 0 P 0
L 22.3249998 17.40400126 22.8329998 17.65800126 0 P 0
L 22.49199464 1.64200078 22.74599464 2.15000078 0 P 0
L 22.49199464 1.64200078 22.99999464 1.89600078 0 P 0
L 22.49199464 2.65800078 22.74599464 2.15000078 0 P 0
L 22.49199464 2.65800078 22.99999464 2.40400078 0 P 0
L 22.49199464 4.64199986 22.74599464 5.14999986 0 P 0
L 22.49199464 4.64199986 22.99999464 4.89599986 0 P 0
L 22.49199464 5.65799986 22.74599464 5.14999986 0 P 0
L 22.49199464 5.65799986 22.99999464 5.40399986 0 P 0
L 22.49199972 0.24200104 22.74599972 0.75000104 0 P 0
L 22.49199972 0.24200104 22.99999972 0.49600104 0 P 0
L 22.49199972 1.25800104 22.74599972 0.75000104 0 P 0
L 22.49199972 1.25800104 22.99999972 1.00400104 0 P 0
L 22.5789998 17.15000126 22.8329998 16.64200126 0 P 0
L 22.5789998 17.15000126 22.8329998 17.65800126 0 P 0
L 22.99999464 1.89600078 23.50799464 1.64200078 0 P 0
L 22.99999464 2.40400078 23.50799464 2.65800078 0 P 0
L 22.99999464 4.89599986 23.50799464 4.64199986 0 P 0
L 22.99999464 5.40399986 23.50799464 5.65799986 0 P 0
L 22.99999972 0.49600104 23.50799972 0.24200104 0 P 0
L 22.99999972 1.00400104 23.50799972 1.25800104 0 P 0
L 23.06699984 8.7670005 23.32099984 9.2750005 0 P 0
L 23.06699984 8.7670005 23.57499984 9.0210005 0 P 0
L 23.06699984 9.7830005 23.32099984 9.2750005 0 P 0
L 23.06699984 9.7830005 23.57499984 9.5290005 0 P 0
L 23.25399464 2.15000078 23.50799464 1.64200078 0 P 0
L 23.25399464 2.15000078 23.50799464 2.65800078 0 P 0
L 23.25399464 5.14999986 23.50799464 4.64199986 0 P 0
L 23.25399464 5.14999986 23.50799464 5.65799986 0 P 0
L 23.25399972 0.75000104 23.50799972 0.24200104 0 P 0
L 23.25399972 0.75000104 23.50799972 1.25800104 0 P 0
L 23.30200064 3.66199928 23.30200064 4.67799928 0 P 0
L 23.30200064 3.66199928 24.31800064 3.66199928 0 P 0
L 23.30200064 4.67799928 24.31800064 4.67799928 0 P 0
L 23.57499984 9.0210005 24.08299984 8.7670005 0 P 0
L 23.57499984 9.5290005 24.08299984 9.7830005 0 P 0
L 23.82899984 9.2750005 24.08299984 8.7670005 0 P 0
L 23.82899984 9.2750005 24.08299984 9.7830005 0 P 0
L 23.99199418 1.64200078 24.24599418 2.15000078 0 P 0
L 23.99199418 1.64200078 24.49999418 1.89600078 0 P 0
L 23.99199418 2.65800078 24.24599418 2.15000078 0 P 0
L 23.99199418 2.65800078 24.49999418 2.40400078 0 P 0
L 23.99199926 0.24200104 24.24599926 0.75000104 0 P 0
L 23.99199926 0.24200104 24.49999926 0.49600104 0 P 0
L 23.99199926 1.25800104 24.24599926 0.75000104 0 P 0
L 23.99199926 1.25800104 24.49999926 1.00400104 0 P 0
L 24.19199886 7.16700116 24.44599886 7.67500116 0 P 0
L 24.19199886 7.16700116 24.69999886 7.42100116 0 P 0
L 24.19199886 8.18300116 24.44599886 7.67500116 0 P 0
L 24.19199886 8.18300116 24.69999886 7.92900116 0 P 0
L 24.31800064 3.66199928 24.31800064 4.67799928 0 P 0
L 24.49999418 1.89600078 25.00799418 1.64200078 0 P 0
L 24.49999418 2.40400078 25.00799418 2.65800078 0 P 0
L 24.49999926 0.49600104 25.00799926 0.24200104 0 P 0
L 24.49999926 1.00400104 25.00799926 1.25800104 0 P 0
L 24.5920006 16.64200126 24.8460006 17.15000126 0 P 0
L 24.5920006 16.64200126 25.1000006 16.89600126 0 P 0
L 24.5920006 17.65800126 24.8460006 17.15000126 0 P 0
L 24.5920006 17.65800126 25.1000006 17.40400126 0 P 0
L 24.61699928 7.94200088 24.87099928 8.45000088 0 P 0
L 24.61699928 7.94200088 25.12499928 8.19600088 0 P 0
L 24.61699928 8.95800088 24.87099928 8.45000088 0 P 0
L 24.61699928 8.95800088 25.12499928 8.70400088 0 P 0
L 24.69999886 7.42100116 25.20799886 7.16700116 0 P 0
L 24.69999886 7.92900116 25.20799886 8.18300116 0 P 0
L 24.75399418 2.15000078 25.00799418 1.64200078 0 P 0
L 24.75399418 2.15000078 25.00799418 2.65800078 0 P 0
L 24.75399926 0.75000104 25.00799926 0.24200104 0 P 0
L 24.75399926 0.75000104 25.00799926 1.25800104 0 P 0
L 24.892 12.3419997 25.146 12.8499997 0 P 0
L 24.892 12.3419997 25.4 12.5959997 0 P 0
L 24.892 13.3579997 25.146 12.8499997 0 P 0
L 24.892 13.3579997 25.4 13.1039997 0 P 0
L 24.95399886 7.67500116 25.20799886 7.16700116 0 P 0
L 24.95399886 7.67500116 25.20799886 8.18300116 0 P 0
L 25.1000006 16.89600126 25.6080006 16.64200126 0 P 0
L 25.1000006 17.40400126 25.6080006 17.65800126 0 P 0
L 25.12499928 8.19600088 25.63299928 7.94200088 0 P 0
L 25.12499928 8.70400088 25.63299928 8.95800088 0 P 0
L 25.1419995 13.91700036 25.3959995 14.42500036 0 P 0
L 25.1419995 13.91700036 25.6499995 14.17100036 0 P 0
L 25.1419995 14.93300036 25.3959995 14.42500036 0 P 0
L 25.1419995 14.93300036 25.6499995 14.67900036 0 P 0
L 25.3540006 17.15000126 25.6080006 16.64200126 0 P 0
L 25.3540006 17.15000126 25.6080006 17.65800126 0 P 0
L 25.37899928 8.45000088 25.63299928 7.94200088 0 P 0
L 25.37899928 8.45000088 25.63299928 8.95800088 0 P 0
L 25.4 12.5959997 25.908 12.3419997 0 P 0
L 25.4 13.1039997 25.908 13.3579997 0 P 0
L 25.49199372 1.64200078 25.74599372 2.15000078 0 P 0
L 25.49199372 1.64200078 25.99999372 1.89600078 0 P 0
L 25.49199372 2.65800078 25.74599372 2.15000078 0 P 0
L 25.49199372 2.65800078 25.99999372 2.40400078 0 P 0
L 25.49199372 6.1419994 25.74599372 6.6499994 0 P 0
L 25.49199372 6.1419994 25.99999372 6.3959994 0 P 0
L 25.49199372 7.1579994 25.74599372 6.6499994 0 P 0
L 25.49199372 7.1579994 25.99999372 6.9039994 0 P 0
L 25.49199372 7.64199894 25.74599372 8.14999894 0 P 0
L 25.49199372 7.64199894 25.99999372 7.89599894 0 P 0
L 25.49199372 8.65799894 25.74599372 8.14999894 0 P 0
L 25.49199372 8.65799894 25.99999372 8.40399894 0 P 0
L 25.49199372 10.64199802 25.74599372 11.14999802 0 P 0
L 25.49199372 10.64199802 25.99999372 10.89599802 0 P 0
L 25.49199372 11.65799802 25.74599372 11.14999802 0 P 0
L 25.49199372 11.65799802 25.99999372 11.40399802 0 P 0
L 25.49199372 16.64199618 25.74599372 17.14999618 0 P 0
L 25.49199372 16.64199618 25.99999372 16.89599618 0 P 0
L 25.49199372 17.65799618 25.74599372 17.14999618 0 P 0
L 25.49199372 17.65799618 25.99999372 17.40399618 0 P 0
L 25.4919988 0.24200104 25.7459988 0.75000104 0 P 0
L 25.4919988 0.24200104 25.9999988 0.49600104 0 P 0
L 25.4919988 1.25800104 25.7459988 0.75000104 0 P 0
L 25.4919988 1.25800104 25.9999988 1.00400104 0 P 0
L 25.6499995 14.17100036 26.1579995 13.91700036 0 P 0
L 25.6499995 14.67900036 26.1579995 14.93300036 0 P 0
L 25.654 12.8499997 25.908 12.3419997 0 P 0
L 25.654 12.8499997 25.908 13.3579997 0 P 0
L 25.84200064 3.66199928 25.84200064 4.67799928 0 P 0
L 25.84200064 3.66199928 26.85800064 3.66199928 0 P 0
L 25.84200064 4.67799928 26.85800064 4.67799928 0 P 0
L 25.9039995 14.42500036 26.1579995 13.91700036 0 P 0
L 25.9039995 14.42500036 26.1579995 14.93300036 0 P 0
L 25.99999372 1.89600078 26.50799372 1.64200078 0 P 0
L 25.99999372 2.40400078 26.50799372 2.65800078 0 P 0
L 25.99999372 6.3959994 26.50799372 6.1419994 0 P 0
L 25.99999372 6.9039994 26.50799372 7.1579994 0 P 0
L 25.99999372 7.89599894 26.50799372 7.64199894 0 P 0
L 25.99999372 8.40399894 26.50799372 8.65799894 0 P 0
L 25.99999372 10.89599802 26.50799372 10.64199802 0 P 0
L 25.99999372 11.40399802 26.50799372 11.65799802 0 P 0
L 25.99999372 16.89599618 26.50799372 16.64199618 0 P 0
L 25.99999372 17.40399618 26.50799372 17.65799618 0 P 0
L 25.9999988 0.49600104 26.5079988 0.24200104 0 P 0
L 25.9999988 1.00400104 26.5079988 1.25800104 0 P 0
L 26.25399372 2.15000078 26.50799372 1.64200078 0 P 0
L 26.25399372 2.15000078 26.50799372 2.65800078 0 P 0
L 26.25399372 6.6499994 26.50799372 6.1419994 0 P 0
L 26.25399372 6.6499994 26.50799372 7.1579994 0 P 0
L 26.25399372 8.14999894 26.50799372 7.64199894 0 P 0
L 26.25399372 8.14999894 26.50799372 8.65799894 0 P 0
L 26.25399372 11.14999802 26.50799372 10.64199802 0 P 0
L 26.25399372 11.14999802 26.50799372 11.65799802 0 P 0
L 26.25399372 17.14999618 26.50799372 16.64199618 0 P 0
L 26.25399372 17.14999618 26.50799372 17.65799618 0 P 0
L 26.2539988 0.75000104 26.5079988 0.24200104 0 P 0
L 26.2539988 0.75000104 26.5079988 1.25800104 0 P 0
L 26.85800064 3.66199928 26.85800064 4.67799928 0 P 0
L 26.99199326 1.64200078 27.24599326 2.15000078 0 P 0
L 26.99199326 1.64200078 27.49999326 1.89600078 0 P 0
L 26.99199326 2.65800078 27.24599326 2.15000078 0 P 0
L 26.99199326 2.65800078 27.49999326 2.40400078 0 P 0
L 26.99199326 3.14200032 27.24599326 3.65000032 0 P 0
L 26.99199326 3.14200032 27.49999326 3.39600032 0 P 0
L 26.99199326 4.15800032 27.24599326 3.65000032 0 P 0
L 26.99199326 4.15800032 27.49999326 3.90400032 0 P 0
L 26.99199326 4.64199986 27.24599326 5.14999986 0 P 0
L 26.99199326 4.64199986 27.49999326 4.89599986 0 P 0
L 26.99199326 5.65799986 27.24599326 5.14999986 0 P 0
L 26.99199326 5.65799986 27.49999326 5.40399986 0 P 0
L 26.99199326 6.1419994 27.24599326 6.6499994 0 P 0
L 26.99199326 6.1419994 27.49999326 6.3959994 0 P 0
L 26.99199326 7.1579994 27.24599326 6.6499994 0 P 0
L 26.99199326 7.1579994 27.49999326 6.9039994 0 P 0
L 26.99199326 7.64199894 27.24599326 8.14999894 0 P 0
L 26.99199326 7.64199894 27.49999326 7.89599894 0 P 0
L 26.99199326 8.65799894 27.24599326 8.14999894 0 P 0
L 26.99199326 8.65799894 27.49999326 8.40399894 0 P 0
L 26.99199326 10.64199802 27.24599326 11.14999802 0 P 0
L 26.99199326 10.64199802 27.49999326 10.89599802 0 P 0
L 26.99199326 11.65799802 27.24599326 11.14999802 0 P 0
L 26.99199326 11.65799802 27.49999326 11.40399802 0 P 0
L 26.99199326 12.14199756 27.24599326 12.64999756 0 P 0
L 26.99199326 12.14199756 27.49999326 12.39599756 0 P 0
L 26.99199326 13.15799756 27.24599326 12.64999756 0 P 0
L 26.99199326 13.15799756 27.49999326 12.90399756 0 P 0
L 26.99200088 0.24200104 27.24600088 0.75000104 0 P 0
L 26.99200088 0.24200104 27.50000088 0.49600104 0 P 0
L 26.99200088 1.25800104 27.24600088 0.75000104 0 P 0
L 26.99200088 1.25800104 27.50000088 1.00400104 0 P 0
L 26.99200088 16.64200126 27.24600088 17.15000126 0 P 0
L 26.99200088 16.64200126 27.50000088 16.89600126 0 P 0
L 26.99200088 17.65800126 27.24600088 17.15000126 0 P 0
L 26.99200088 17.65800126 27.50000088 17.40400126 0 P 0
L 27.49999326 1.89600078 28.00799326 1.64200078 0 P 0
L 27.49999326 2.40400078 28.00799326 2.65800078 0 P 0
L 27.49999326 3.39600032 28.00799326 3.14200032 0 P 0
L 27.49999326 3.90400032 28.00799326 4.15800032 0 P 0
L 27.49999326 4.89599986 28.00799326 4.64199986 0 P 0
L 27.49999326 5.40399986 28.00799326 5.65799986 0 P 0
L 27.49999326 6.3959994 28.00799326 6.1419994 0 P 0
L 27.49999326 6.9039994 28.00799326 7.1579994 0 P 0
L 27.49999326 7.89599894 28.00799326 7.64199894 0 P 0
L 27.49999326 8.40399894 28.00799326 8.65799894 0 P 0
L 27.49999326 10.89599802 28.00799326 10.64199802 0 P 0
L 27.49999326 11.40399802 28.00799326 11.65799802 0 P 0
L 27.49999326 12.39599756 28.00799326 12.14199756 0 P 0
L 27.49999326 12.90399756 28.00799326 13.15799756 0 P 0
L 27.50000088 0.49600104 28.00800088 0.24200104 0 P 0
L 27.50000088 1.00400104 28.00800088 1.25800104 0 P 0
L 27.50000088 16.89600126 28.00800088 16.64200126 0 P 0
L 27.50000088 17.40400126 28.00800088 17.65800126 0 P 0
L 27.75399326 2.15000078 28.00799326 1.64200078 0 P 0
L 27.75399326 2.15000078 28.00799326 2.65800078 0 P 0
L 27.75399326 3.65000032 28.00799326 3.14200032 0 P 0
L 27.75399326 3.65000032 28.00799326 4.15800032 0 P 0
L 27.75399326 5.14999986 28.00799326 4.64199986 0 P 0
L 27.75399326 5.14999986 28.00799326 5.65799986 0 P 0
L 27.75399326 6.6499994 28.00799326 6.1419994 0 P 0
L 27.75399326 6.6499994 28.00799326 7.1579994 0 P 0
L 27.75399326 8.14999894 28.00799326 7.64199894 0 P 0
L 27.75399326 8.14999894 28.00799326 8.65799894 0 P 0
L 27.75399326 11.14999802 28.00799326 10.64199802 0 P 0
L 27.75399326 11.14999802 28.00799326 11.65799802 0 P 0
L 27.75399326 12.64999756 28.00799326 12.14199756 0 P 0
L 27.75399326 12.64999756 28.00799326 13.15799756 0 P 0
L 27.75400088 0.75000104 28.00800088 0.24200104 0 P 0
L 27.75400088 0.75000104 28.00800088 1.25800104 0 P 0
L 27.75400088 17.15000126 28.00800088 16.64200126 0 P 0
L 27.75400088 17.15000126 28.00800088 17.65800126 0 P 0
L 28.38200064 3.66199928 28.38200064 4.67799928 0 P 0
L 28.38200064 3.66199928 29.39800064 3.66199928 0 P 0
L 28.38200064 4.67799928 29.39800064 4.67799928 0 P 0
L 28.4919928 1.64200078 28.7459928 2.15000078 0 P 0
L 28.4919928 1.64200078 28.9999928 1.89600078 0 P 0
L 28.4919928 2.65800078 28.7459928 2.15000078 0 P 0
L 28.4919928 2.65800078 28.9999928 2.40400078 0 P 0
L 28.4919928 6.1419994 28.7459928 6.6499994 0 P 0
L 28.4919928 6.1419994 28.9999928 6.3959994 0 P 0
L 28.4919928 7.1579994 28.7459928 6.6499994 0 P 0
L 28.4919928 7.1579994 28.9999928 6.9039994 0 P 0
L 28.4919928 7.64199894 28.7459928 8.14999894 0 P 0
L 28.4919928 7.64199894 28.9999928 7.89599894 0 P 0
L 28.4919928 8.65799894 28.7459928 8.14999894 0 P 0
L 28.4919928 8.65799894 28.9999928 8.40399894 0 P 0
L 28.4919928 10.64199802 28.7459928 11.14999802 0 P 0
L 28.4919928 10.64199802 28.9999928 10.89599802 0 P 0
L 28.4919928 11.65799802 28.7459928 11.14999802 0 P 0
L 28.4919928 11.65799802 28.9999928 11.40399802 0 P 0
L 28.4919928 12.14199756 28.7459928 12.64999756 0 P 0
L 28.4919928 12.14199756 28.9999928 12.39599756 0 P 0
L 28.4919928 13.15799756 28.7459928 12.64999756 0 P 0
L 28.4919928 13.15799756 28.9999928 12.90399756 0 P 0
L 28.49200042 0.24200104 28.74600042 0.75000104 0 P 0
L 28.49200042 0.24200104 29.00000042 0.49600104 0 P 0
L 28.49200042 1.25800104 28.74600042 0.75000104 0 P 0
L 28.49200042 1.25800104 29.00000042 1.00400104 0 P 0
L 28.49200042 16.64200126 28.74600042 17.15000126 0 P 0
L 28.49200042 16.64200126 29.00000042 16.89600126 0 P 0
L 28.49200042 17.65800126 28.74600042 17.15000126 0 P 0
L 28.49200042 17.65800126 29.00000042 17.40400126 0 P 0
L 28.9999928 1.89600078 29.5079928 1.64200078 0 P 0
L 28.9999928 2.40400078 29.5079928 2.65800078 0 P 0
L 28.9999928 6.3959994 29.5079928 6.1419994 0 P 0
L 28.9999928 6.9039994 29.5079928 7.1579994 0 P 0
L 28.9999928 7.89599894 29.5079928 7.64199894 0 P 0
L 28.9999928 8.40399894 29.5079928 8.65799894 0 P 0
L 28.9999928 10.89599802 29.5079928 10.64199802 0 P 0
L 28.9999928 11.40399802 29.5079928 11.65799802 0 P 0
L 28.9999928 12.39599756 29.5079928 12.14199756 0 P 0
L 28.9999928 12.90399756 29.5079928 13.15799756 0 P 0
L 29.00000042 0.49600104 29.50800042 0.24200104 0 P 0
L 29.00000042 1.00400104 29.50800042 1.25800104 0 P 0
L 29.00000042 16.89600126 29.50800042 16.64200126 0 P 0
L 29.00000042 17.40400126 29.50800042 17.65800126 0 P 0
L 29.2539928 2.15000078 29.5079928 1.64200078 0 P 0
L 29.2539928 2.15000078 29.5079928 2.65800078 0 P 0
L 29.2539928 6.6499994 29.5079928 6.1419994 0 P 0
L 29.2539928 6.6499994 29.5079928 7.1579994 0 P 0
L 29.2539928 8.14999894 29.5079928 7.64199894 0 P 0
L 29.2539928 8.14999894 29.5079928 8.65799894 0 P 0
L 29.2539928 11.14999802 29.5079928 10.64199802 0 P 0
L 29.2539928 11.14999802 29.5079928 11.65799802 0 P 0
L 29.2539928 12.64999756 29.5079928 12.14199756 0 P 0
L 29.2539928 12.64999756 29.5079928 13.15799756 0 P 0
L 29.25400042 0.75000104 29.50800042 0.24200104 0 P 0
L 29.25400042 0.75000104 29.50800042 1.25800104 0 P 0
L 29.25400042 17.15000126 29.50800042 16.64200126 0 P 0
L 29.25400042 17.15000126 29.50800042 17.65800126 0 P 0
L 29.39800064 3.66199928 29.39800064 4.67799928 0 P 0
L 29.99199234 1.64200078 30.24599234 2.15000078 0 P 0
L 29.99199234 1.64200078 30.49999234 1.89600078 0 P 0
L 29.99199234 2.65800078 30.24599234 2.15000078 0 P 0
L 29.99199234 2.65800078 30.49999234 2.40400078 0 P 0
L 29.99199234 3.14200032 30.24599234 3.65000032 0 P 0
L 29.99199234 3.14200032 30.49999234 3.39600032 0 P 0
L 29.99199234 4.15800032 30.24599234 3.65000032 0 P 0
L 29.99199234 4.15800032 30.49999234 3.90400032 0 P 0
L 29.99199234 4.64199986 30.24599234 5.14999986 0 P 0
L 29.99199234 4.64199986 30.49999234 4.89599986 0 P 0
L 29.99199234 5.65799986 30.24599234 5.14999986 0 P 0
L 29.99199234 5.65799986 30.49999234 5.40399986 0 P 0
L 29.99199234 6.1419994 30.24599234 6.6499994 0 P 0
L 29.99199234 6.1419994 30.49999234 6.3959994 0 P 0
L 29.99199234 7.1579994 30.24599234 6.6499994 0 P 0
L 29.99199234 7.1579994 30.49999234 6.9039994 0 P 0
L 29.99199234 7.64199894 30.24599234 8.14999894 0 P 0
L 29.99199234 7.64199894 30.49999234 7.89599894 0 P 0
L 29.99199234 8.65799894 30.24599234 8.14999894 0 P 0
L 29.99199234 8.65799894 30.49999234 8.40399894 0 P 0
L 29.99199234 10.64199802 30.24599234 11.14999802 0 P 0
L 29.99199234 10.64199802 30.49999234 10.89599802 0 P 0
L 29.99199234 11.65799802 30.24599234 11.14999802 0 P 0
L 29.99199234 11.65799802 30.49999234 11.40399802 0 P 0
L 29.99199234 12.14199756 30.24599234 12.64999756 0 P 0
L 29.99199234 12.14199756 30.49999234 12.39599756 0 P 0
L 29.99199234 13.15799756 30.24599234 12.64999756 0 P 0
L 29.99199234 13.15799756 30.49999234 12.90399756 0 P 0
L 29.99199996 0.24200104 30.24599996 0.75000104 0 P 0
L 29.99199996 0.24200104 30.49999996 0.49600104 0 P 0
L 29.99199996 1.25800104 30.24599996 0.75000104 0 P 0
L 29.99199996 1.25800104 30.49999996 1.00400104 0 P 0
L 29.99199996 16.64200126 30.24599996 17.15000126 0 P 0
L 29.99199996 16.64200126 30.49999996 16.89600126 0 P 0
L 29.99199996 17.65800126 30.24599996 17.15000126 0 P 0
L 29.99199996 17.65800126 30.49999996 17.40400126 0 P 0
L 30.49999234 1.89600078 31.00799234 1.64200078 0 P 0
L 30.49999234 2.40400078 31.00799234 2.65800078 0 P 0
L 30.49999234 3.39600032 31.00799234 3.14200032 0 P 0
L 30.49999234 3.90400032 31.00799234 4.15800032 0 P 0
L 30.49999234 4.89599986 31.00799234 4.64199986 0 P 0
L 30.49999234 5.40399986 31.00799234 5.65799986 0 P 0
L 30.49999234 6.3959994 31.00799234 6.1419994 0 P 0
L 30.49999234 6.9039994 31.00799234 7.1579994 0 P 0
L 30.49999234 7.89599894 31.00799234 7.64199894 0 P 0
L 30.49999234 8.40399894 31.00799234 8.65799894 0 P 0
L 30.49999234 10.89599802 31.00799234 10.64199802 0 P 0
L 30.49999234 11.40399802 31.00799234 11.65799802 0 P 0
L 30.49999234 12.39599756 31.00799234 12.14199756 0 P 0
L 30.49999234 12.90399756 31.00799234 13.15799756 0 P 0
L 30.49999996 0.49600104 31.00799996 0.24200104 0 P 0
L 30.49999996 1.00400104 31.00799996 1.25800104 0 P 0
L 30.49999996 16.89600126 31.00799996 16.64200126 0 P 0
L 30.49999996 17.40400126 31.00799996 17.65800126 0 P 0
L 30.75399234 2.15000078 31.00799234 1.64200078 0 P 0
L 30.75399234 2.15000078 31.00799234 2.65800078 0 P 0
L 30.75399234 3.65000032 31.00799234 3.14200032 0 P 0
L 30.75399234 3.65000032 31.00799234 4.15800032 0 P 0
L 30.75399234 5.14999986 31.00799234 4.64199986 0 P 0
L 30.75399234 5.14999986 31.00799234 5.65799986 0 P 0
L 30.75399234 6.6499994 31.00799234 6.1419994 0 P 0
L 30.75399234 6.6499994 31.00799234 7.1579994 0 P 0
L 30.75399234 8.14999894 31.00799234 7.64199894 0 P 0
L 30.75399234 8.14999894 31.00799234 8.65799894 0 P 0
L 30.75399234 11.14999802 31.00799234 10.64199802 0 P 0
L 30.75399234 11.14999802 31.00799234 11.65799802 0 P 0
L 30.75399234 12.64999756 31.00799234 12.14199756 0 P 0
L 30.75399234 12.64999756 31.00799234 13.15799756 0 P 0
L 30.75399996 0.75000104 31.00799996 0.24200104 0 P 0
L 30.75399996 0.75000104 31.00799996 1.25800104 0 P 0
L 30.75399996 17.15000126 31.00799996 16.64200126 0 P 0
L 30.75399996 17.15000126 31.00799996 17.65800126 0 P 0
L 31.1420002 13.19200054 31.3960002 13.70000054 0 P 0
L 31.1420002 13.19200054 31.6500002 13.44600054 0 P 0
L 31.1420002 14.20800054 31.3960002 13.70000054 0 P 0
L 31.1420002 14.20800054 31.6500002 13.95400054 0 P 0
L 31.49199188 1.64200078 31.74599188 2.15000078 0 P 0
L 31.49199188 1.64200078 31.99999188 1.89600078 0 P 0
L 31.49199188 2.65800078 31.74599188 2.15000078 0 P 0
L 31.49199188 2.65800078 31.99999188 2.40400078 0 P 0
L 31.49199188 3.14200032 31.74599188 3.65000032 0 P 0
L 31.49199188 3.14200032 31.99999188 3.39600032 0 P 0
L 31.49199188 4.15800032 31.74599188 3.65000032 0 P 0
L 31.49199188 4.15800032 31.99999188 3.90400032 0 P 0
L 31.49199188 4.64199986 31.74599188 5.14999986 0 P 0
L 31.49199188 4.64199986 31.99999188 4.89599986 0 P 0
L 31.49199188 5.65799986 31.74599188 5.14999986 0 P 0
L 31.49199188 5.65799986 31.99999188 5.40399986 0 P 0
L 31.49199188 6.1419994 31.74599188 6.6499994 0 P 0
L 31.49199188 6.1419994 31.99999188 6.3959994 0 P 0
L 31.49199188 7.1579994 31.74599188 6.6499994 0 P 0
L 31.49199188 7.1579994 31.99999188 6.9039994 0 P 0
L 31.49199188 7.64199894 31.74599188 8.14999894 0 P 0
L 31.49199188 7.64199894 31.99999188 7.89599894 0 P 0
L 31.49199188 8.65799894 31.74599188 8.14999894 0 P 0
L 31.49199188 8.65799894 31.99999188 8.40399894 0 P 0
L 31.49199188 9.14199848 31.74599188 9.64999848 0 P 0
L 31.49199188 9.14199848 31.99999188 9.39599848 0 P 0
L 31.49199188 10.15799848 31.74599188 9.64999848 0 P 0
L 31.49199188 10.15799848 31.99999188 9.90399848 0 P 0
L 31.49199188 10.64199802 31.74599188 11.14999802 0 P 0
L 31.49199188 10.64199802 31.99999188 10.89599802 0 P 0
L 31.49199188 11.65799802 31.74599188 11.14999802 0 P 0
L 31.49199188 11.65799802 31.99999188 11.40399802 0 P 0
L 31.4919995 0.24200104 31.7459995 0.75000104 0 P 0
L 31.4919995 0.24200104 31.9999995 0.49600104 0 P 0
L 31.4919995 1.25800104 31.7459995 0.75000104 0 P 0
L 31.4919995 1.25800104 31.9999995 1.00400104 0 P 0
L 31.4919995 16.64200126 31.7459995 17.15000126 0 P 0
L 31.4919995 16.64200126 31.9999995 16.89600126 0 P 0
L 31.4919995 17.65800126 31.7459995 17.15000126 0 P 0
L 31.4919995 17.65800126 31.9999995 17.40400126 0 P 0
L 31.6500002 13.44600054 32.1580002 13.19200054 0 P 0
L 31.6500002 13.95400054 32.1580002 14.20800054 0 P 0
L 31.9040002 13.70000054 32.1580002 13.19200054 0 P 0
L 31.9040002 13.70000054 32.1580002 14.20800054 0 P 0
L 31.99999188 1.89600078 32.50799188 1.64200078 0 P 0
L 31.99999188 2.40400078 32.50799188 2.65800078 0 P 0
L 31.99999188 3.39600032 32.50799188 3.14200032 0 P 0
L 31.99999188 3.90400032 32.50799188 4.15800032 0 P 0
L 31.99999188 4.89599986 32.50799188 4.64199986 0 P 0
L 31.99999188 5.40399986 32.50799188 5.65799986 0 P 0
L 31.99999188 6.3959994 32.50799188 6.1419994 0 P 0
L 31.99999188 6.9039994 32.50799188 7.1579994 0 P 0
L 31.99999188 7.89599894 32.50799188 7.64199894 0 P 0
L 31.99999188 8.40399894 32.50799188 8.65799894 0 P 0
L 31.99999188 9.39599848 32.50799188 9.14199848 0 P 0
L 31.99999188 9.90399848 32.50799188 10.15799848 0 P 0
L 31.99999188 10.89599802 32.50799188 10.64199802 0 P 0
L 31.99999188 11.40399802 32.50799188 11.65799802 0 P 0
L 31.9999995 0.49600104 32.5079995 0.24200104 0 P 0
L 31.9999995 1.00400104 32.5079995 1.25800104 0 P 0
L 31.9999995 16.89600126 32.5079995 16.64200126 0 P 0
L 31.9999995 17.40400126 32.5079995 17.65800126 0 P 0
L 32.25399188 2.15000078 32.50799188 1.64200078 0 P 0
L 32.25399188 2.15000078 32.50799188 2.65800078 0 P 0
L 32.25399188 3.65000032 32.50799188 3.14200032 0 P 0
L 32.25399188 3.65000032 32.50799188 4.15800032 0 P 0
L 32.25399188 5.14999986 32.50799188 4.64199986 0 P 0
L 32.25399188 5.14999986 32.50799188 5.65799986 0 P 0
L 32.25399188 6.6499994 32.50799188 6.1419994 0 P 0
L 32.25399188 6.6499994 32.50799188 7.1579994 0 P 0
L 32.25399188 8.14999894 32.50799188 7.64199894 0 P 0
L 32.25399188 8.14999894 32.50799188 8.65799894 0 P 0
L 32.25399188 9.64999848 32.50799188 9.14199848 0 P 0
L 32.25399188 9.64999848 32.50799188 10.15799848 0 P 0
L 32.25399188 11.14999802 32.50799188 10.64199802 0 P 0
L 32.25399188 11.14999802 32.50799188 11.65799802 0 P 0
L 32.2539995 0.75000104 32.5079995 0.24200104 0 P 0
L 32.2539995 0.75000104 32.5079995 1.25800104 0 P 0
L 32.2539995 17.15000126 32.5079995 16.64200126 0 P 0
L 32.2539995 17.15000126 32.5079995 17.65800126 0 P 0
L 32.61700106 14.29200088 32.87100106 14.80000088 0 P 0
L 32.61700106 14.29200088 33.12500106 14.54600088 0 P 0
L 32.61700106 15.30800088 32.87100106 14.80000088 0 P 0
L 32.61700106 15.30800088 33.12500106 15.05400088 0 P 0
L 32.99199142 1.64200078 33.24599142 2.15000078 0 P 0
L 32.99199142 1.64200078 33.49999142 1.89600078 0 P 0
L 32.99199142 2.65800078 33.24599142 2.15000078 0 P 0
L 32.99199142 2.65800078 33.49999142 2.40400078 0 P 0
L 32.99199142 3.14200032 33.24599142 3.65000032 0 P 0
L 32.99199142 3.14200032 33.49999142 3.39600032 0 P 0
L 32.99199142 4.15800032 33.24599142 3.65000032 0 P 0
L 32.99199142 4.15800032 33.49999142 3.90400032 0 P 0
L 32.99199142 4.64199986 33.24599142 5.14999986 0 P 0
L 32.99199142 4.64199986 33.49999142 4.89599986 0 P 0
L 32.99199142 5.65799986 33.24599142 5.14999986 0 P 0
L 32.99199142 5.65799986 33.49999142 5.40399986 0 P 0
L 32.99199142 6.1419994 33.24599142 6.6499994 0 P 0
L 32.99199142 6.1419994 33.49999142 6.3959994 0 P 0
L 32.99199142 7.1579994 33.24599142 6.6499994 0 P 0
L 32.99199142 7.1579994 33.49999142 6.9039994 0 P 0
L 32.99199142 7.64199894 33.24599142 8.14999894 0 P 0
L 32.99199142 7.64199894 33.49999142 7.89599894 0 P 0
L 32.99199142 8.65799894 33.24599142 8.14999894 0 P 0
L 32.99199142 8.65799894 33.49999142 8.40399894 0 P 0
L 32.99199142 10.64199802 33.24599142 11.14999802 0 P 0
L 32.99199142 10.64199802 33.49999142 10.89599802 0 P 0
L 32.99199142 11.65799802 33.24599142 11.14999802 0 P 0
L 32.99199142 11.65799802 33.49999142 11.40399802 0 P 0
L 32.99199142 12.14199756 33.24599142 12.64999756 0 P 0
L 32.99199142 12.14199756 33.49999142 12.39599756 0 P 0
L 32.99199142 13.15799756 33.24599142 12.64999756 0 P 0
L 32.99199142 13.15799756 33.49999142 12.90399756 0 P 0
L 32.99199904 0.24200104 33.24599904 0.75000104 0 P 0
L 32.99199904 0.24200104 33.49999904 0.49600104 0 P 0
L 32.99199904 1.25800104 33.24599904 0.75000104 0 P 0
L 32.99199904 1.25800104 33.49999904 1.00400104 0 P 0
L 32.99199904 16.64200126 33.24599904 17.15000126 0 P 0
L 32.99199904 16.64200126 33.49999904 16.89600126 0 P 0
L 32.99199904 17.65800126 33.24599904 17.15000126 0 P 0
L 32.99199904 17.65800126 33.49999904 17.40400126 0 P 0
L 33.12500106 14.54600088 33.63300106 14.29200088 0 P 0
L 33.12500106 15.05400088 33.63300106 15.30800088 0 P 0
L 33.37900106 14.80000088 33.63300106 14.29200088 0 P 0
L 33.37900106 14.80000088 33.63300106 15.30800088 0 P 0
L 33.49999142 1.89600078 34.00799142 1.64200078 0 P 0
L 33.49999142 2.40400078 34.00799142 2.65800078 0 P 0
L 33.49999142 3.39600032 34.00799142 3.14200032 0 P 0
L 33.49999142 3.90400032 34.00799142 4.15800032 0 P 0
L 33.49999142 4.89599986 34.00799142 4.64199986 0 P 0
L 33.49999142 5.40399986 34.00799142 5.65799986 0 P 0
L 33.49999142 6.3959994 34.00799142 6.1419994 0 P 0
L 33.49999142 6.9039994 34.00799142 7.1579994 0 P 0
L 33.49999142 7.89599894 34.00799142 7.64199894 0 P 0
L 33.49999142 8.40399894 34.00799142 8.65799894 0 P 0
L 33.49999142 10.89599802 34.00799142 10.64199802 0 P 0
L 33.49999142 11.40399802 34.00799142 11.65799802 0 P 0
L 33.49999142 12.39599756 34.00799142 12.14199756 0 P 0
L 33.49999142 12.90399756 34.00799142 13.15799756 0 P 0
L 33.49999904 0.49600104 34.00799904 0.24200104 0 P 0
L 33.49999904 1.00400104 34.00799904 1.25800104 0 P 0
L 33.49999904 16.89600126 34.00799904 16.64200126 0 P 0
L 33.49999904 17.40400126 34.00799904 17.65800126 0 P 0
L 33.75399142 2.15000078 34.00799142 1.64200078 0 P 0
L 33.75399142 2.15000078 34.00799142 2.65800078 0 P 0
L 33.75399142 3.65000032 34.00799142 3.14200032 0 P 0
L 33.75399142 3.65000032 34.00799142 4.15800032 0 P 0
L 33.75399142 5.14999986 34.00799142 4.64199986 0 P 0
L 33.75399142 5.14999986 34.00799142 5.65799986 0 P 0
L 33.75399142 6.6499994 34.00799142 6.1419994 0 P 0
L 33.75399142 6.6499994 34.00799142 7.1579994 0 P 0
L 33.75399142 8.14999894 34.00799142 7.64199894 0 P 0
L 33.75399142 8.14999894 34.00799142 8.65799894 0 P 0
L 33.75399142 11.14999802 34.00799142 10.64199802 0 P 0
L 33.75399142 11.14999802 34.00799142 11.65799802 0 P 0
L 33.75399142 12.64999756 34.00799142 12.14199756 0 P 0
L 33.75399142 12.64999756 34.00799142 13.15799756 0 P 0
L 33.75399904 0.75000104 34.00799904 0.24200104 0 P 0
L 33.75399904 0.75000104 34.00799904 1.25800104 0 P 0
L 33.75399904 17.15000126 34.00799904 16.64200126 0 P 0
L 33.75399904 17.15000126 34.00799904 17.65800126 0 P 0
L 34.49199096 3.14200032 34.74599096 3.65000032 0 P 0
L 34.49199096 3.14200032 34.99999096 3.39600032 0 P 0
L 34.49199096 4.15800032 34.74599096 3.65000032 0 P 0
L 34.49199096 4.15800032 34.99999096 3.90400032 0 P 0
L 34.49199096 4.64199986 34.74599096 5.14999986 0 P 0
L 34.49199096 4.64199986 34.99999096 4.89599986 0 P 0
L 34.49199096 5.65799986 34.74599096 5.14999986 0 P 0
L 34.49199096 5.65799986 34.99999096 5.40399986 0 P 0
L 34.49199096 6.1419994 34.74599096 6.6499994 0 P 0
L 34.49199096 6.1419994 34.99999096 6.3959994 0 P 0
L 34.49199096 7.1579994 34.74599096 6.6499994 0 P 0
L 34.49199096 7.1579994 34.99999096 6.9039994 0 P 0
L 34.49199096 7.64199894 34.74599096 8.14999894 0 P 0
L 34.49199096 7.64199894 34.99999096 7.89599894 0 P 0
L 34.49199096 8.65799894 34.74599096 8.14999894 0 P 0
L 34.49199096 8.65799894 34.99999096 8.40399894 0 P 0
L 34.49199096 9.14199848 34.74599096 9.64999848 0 P 0
L 34.49199096 9.14199848 34.99999096 9.39599848 0 P 0
L 34.49199096 10.15799848 34.74599096 9.64999848 0 P 0
L 34.49199096 10.15799848 34.99999096 9.90399848 0 P 0
L 34.49199096 10.64199802 34.74599096 11.14999802 0 P 0
L 34.49199096 10.64199802 34.99999096 10.89599802 0 P 0
L 34.49199096 11.65799802 34.74599096 11.14999802 0 P 0
L 34.49199096 11.65799802 34.99999096 11.40399802 0 P 0
L 34.49199096 12.14199756 34.74599096 12.64999756 0 P 0
L 34.49199096 12.14199756 34.99999096 12.39599756 0 P 0
L 34.49199096 13.15799756 34.74599096 12.64999756 0 P 0
L 34.49199096 13.15799756 34.99999096 12.90399756 0 P 0
L 34.49200112 0.24200104 34.74600112 0.75000104 0 P 0
L 34.49200112 0.24200104 35.00000112 0.49600104 0 P 0
L 34.49200112 1.25800104 34.74600112 0.75000104 0 P 0
L 34.49200112 1.25800104 35.00000112 1.00400104 0 P 0
L 34.49200112 1.64200078 34.74600112 2.15000078 0 P 0
L 34.49200112 1.64200078 35.00000112 1.89600078 0 P 0
L 34.49200112 2.65800078 34.74600112 2.15000078 0 P 0
L 34.49200112 2.65800078 35.00000112 2.40400078 0 P 0
L 34.49200112 14.99199948 34.74600112 15.49999948 0 P 0
L 34.49200112 14.99199948 35.00000112 15.24599948 0 P 0
L 34.49200112 16.00799948 34.74600112 15.49999948 0 P 0
L 34.49200112 16.00799948 35.00000112 15.75399948 0 P 0
L 34.49200112 16.64200126 34.74600112 17.15000126 0 P 0
L 34.49200112 16.64200126 35.00000112 16.89600126 0 P 0
L 34.49200112 17.65800126 34.74600112 17.15000126 0 P 0
L 34.49200112 17.65800126 35.00000112 17.40400126 0 P 0
L 34.99200012 13.64199964 35.24600012 14.14999964 0 P 0
L 34.99200012 13.64199964 35.50000012 13.89599964 0 P 0
L 34.99200012 14.65799964 35.24600012 14.14999964 0 P 0
L 34.99200012 14.65799964 35.50000012 14.40399964 0 P 0
L 34.99999096 3.39600032 35.50799096 3.14200032 0 P 0
L 34.99999096 3.90400032 35.50799096 4.15800032 0 P 0
L 34.99999096 4.89599986 35.50799096 4.64199986 0 P 0
L 34.99999096 5.40399986 35.50799096 5.65799986 0 P 0
L 34.99999096 6.3959994 35.50799096 6.1419994 0 P 0
L 34.99999096 6.9039994 35.50799096 7.1579994 0 P 0
L 34.99999096 7.89599894 35.50799096 7.64199894 0 P 0
L 34.99999096 8.40399894 35.50799096 8.65799894 0 P 0
L 34.99999096 9.39599848 35.50799096 9.14199848 0 P 0
L 34.99999096 9.90399848 35.50799096 10.15799848 0 P 0
L 34.99999096 10.89599802 35.50799096 10.64199802 0 P 0
L 34.99999096 11.40399802 35.50799096 11.65799802 0 P 0
L 34.99999096 12.39599756 35.50799096 12.14199756 0 P 0
L 34.99999096 12.90399756 35.50799096 13.15799756 0 P 0
L 35.00000112 0.49600104 35.50800112 0.24200104 0 P 0
L 35.00000112 1.00400104 35.50800112 1.25800104 0 P 0
L 35.00000112 1.89600078 35.50800112 1.64200078 0 P 0
L 35.00000112 2.40400078 35.50800112 2.65800078 0 P 0
L 35.00000112 15.24599948 35.50800112 14.99199948 0 P 0
L 35.00000112 15.75399948 35.50800112 16.00799948 0 P 0
L 35.00000112 16.89600126 35.50800112 16.64200126 0 P 0
L 35.00000112 17.40400126 35.50800112 17.65800126 0 P 0
L 35.25399096 3.65000032 35.50799096 3.14200032 0 P 0
L 35.25399096 3.65000032 35.50799096 4.15800032 0 P 0
L 35.25399096 5.14999986 35.50799096 4.64199986 0 P 0
L 35.25399096 5.14999986 35.50799096 5.65799986 0 P 0
L 35.25399096 6.6499994 35.50799096 6.1419994 0 P 0
L 35.25399096 6.6499994 35.50799096 7.1579994 0 P 0
L 35.25399096 8.14999894 35.50799096 7.64199894 0 P 0
L 35.25399096 8.14999894 35.50799096 8.65799894 0 P 0
L 35.25399096 9.64999848 35.50799096 9.14199848 0 P 0
L 35.25399096 9.64999848 35.50799096 10.15799848 0 P 0
L 35.25399096 11.14999802 35.50799096 10.64199802 0 P 0
L 35.25399096 11.14999802 35.50799096 11.65799802 0 P 0
L 35.25399096 12.64999756 35.50799096 12.14199756 0 P 0
L 35.25399096 12.64999756 35.50799096 13.15799756 0 P 0
L 35.25400112 0.75000104 35.50800112 0.24200104 0 P 0
L 35.25400112 0.75000104 35.50800112 1.25800104 0 P 0
L 35.25400112 2.15000078 35.50800112 1.64200078 0 P 0
L 35.25400112 2.15000078 35.50800112 2.65800078 0 P 0
L 35.25400112 15.49999948 35.50800112 14.99199948 0 P 0
L 35.25400112 15.49999948 35.50800112 16.00799948 0 P 0
L 35.25400112 17.15000126 35.50800112 16.64200126 0 P 0
L 35.25400112 17.15000126 35.50800112 17.65800126 0 P 0
L 35.33496362 14.40061636 35.58896362 14.90861636 0 P 0
L 35.33496362 14.40061636 35.84296362 14.65461636 0 P 0
L 35.33496362 15.41661636 35.58896362 14.90861636 0 P 0
L 35.33496362 15.41661636 35.84296362 15.16261636 0 P 0
L 35.50000012 13.89599964 36.00800012 13.64199964 0 P 0
L 35.50000012 14.40399964 36.00800012 14.65799964 0 P 0
L 35.54376178 9.7687638 35.79776178 10.2767638 0 P 0
L 35.54376178 9.7687638 36.05176178 10.0227638 0 P 0
L 35.54376178 10.7847638 35.79776178 10.2767638 0 P 0
L 35.54376178 10.7847638 36.05176178 10.5307638 0 P 0
L 35.75400012 14.14999964 36.00800012 13.64199964 0 P 0
L 35.75400012 14.14999964 36.00800012 14.65799964 0 P 0
L 35.84296362 14.65461636 36.35096362 14.40061636 0 P 0
L 35.84296362 15.16261636 36.35096362 15.41661636 0 P 0
L 35.9919905 4.64199986 36.2459905 5.14999986 0 P 0
L 35.9919905 4.64199986 36.4999905 4.89599986 0 P 0
L 35.9919905 5.65799986 36.2459905 5.14999986 0 P 0
L 35.9919905 5.65799986 36.4999905 5.40399986 0 P 0
L 35.9919905 10.64199802 36.2459905 11.14999802 0 P 0
L 35.9919905 10.64199802 36.4999905 10.89599802 0 P 0
L 35.9919905 11.65799802 36.2459905 11.14999802 0 P 0
L 35.9919905 11.65799802 36.4999905 11.40399802 0 P 0
L 35.9919905 12.14199756 36.2459905 12.64999756 0 P 0
L 35.9919905 12.14199756 36.4999905 12.39599756 0 P 0
L 35.9919905 13.15799756 36.2459905 12.64999756 0 P 0
L 35.9919905 13.15799756 36.4999905 12.90399756 0 P 0
L 35.99200066 14.99199948 36.24600066 15.49999948 0 P 0
L 35.99200066 14.99199948 36.50000066 15.24599948 0 P 0
L 35.99200066 16.00799948 36.24600066 15.49999948 0 P 0
L 35.99200066 16.00799948 36.50000066 15.75399948 0 P 0
L 35.99200066 16.64200126 36.24600066 17.15000126 0 P 0
L 35.99200066 16.64200126 36.50000066 16.89600126 0 P 0
L 35.99200066 17.65800126 36.24600066 17.15000126 0 P 0
L 35.99200066 17.65800126 36.50000066 17.40400126 0 P 0
L 36.05176178 10.0227638 36.55976178 9.7687638 0 P 0
L 36.05176178 10.5307638 36.55976178 10.7847638 0 P 0
L 36.09696362 14.90861636 36.35096362 14.40061636 0 P 0
L 36.09696362 14.90861636 36.35096362 15.41661636 0 P 0
L 36.30576178 10.2767638 36.55976178 9.7687638 0 P 0
L 36.30576178 10.2767638 36.55976178 10.7847638 0 P 0
L 36.4999905 4.89599986 37.0079905 4.64199986 0 P 0
L 36.4999905 5.40399986 37.0079905 5.65799986 0 P 0
L 36.4999905 10.89599802 37.0079905 10.64199802 0 P 0
L 36.4999905 11.40399802 37.0079905 11.65799802 0 P 0
L 36.4999905 12.39599756 37.0079905 12.14199756 0 P 0
L 36.4999905 12.90399756 37.0079905 13.15799756 0 P 0
L 36.50000066 15.24599948 37.00800066 14.99199948 0 P 0
L 36.50000066 15.75399948 37.00800066 16.00799948 0 P 0
L 36.50000066 16.89600126 37.00800066 16.64200126 0 P 0
L 36.50000066 17.40400126 37.00800066 17.65800126 0 P 0
L 36.7539905 5.14999986 37.0079905 4.64199986 0 P 0
L 36.7539905 5.14999986 37.0079905 5.65799986 0 P 0
L 36.7539905 11.14999802 37.0079905 10.64199802 0 P 0
L 36.7539905 11.14999802 37.0079905 11.65799802 0 P 0
L 36.7539905 12.64999756 37.0079905 12.14199756 0 P 0
L 36.7539905 12.64999756 37.0079905 13.15799756 0 P 0
L 36.75400066 15.49999948 37.00800066 14.99199948 0 P 0
L 36.75400066 15.49999948 37.00800066 16.00799948 0 P 0
L 36.75400066 17.15000126 37.00800066 16.64200126 0 P 0
L 36.75400066 17.15000126 37.00800066 17.65800126 0 P 0
L 36.9920012 2.24600008 37.2460012 2.24600008 0 P 0
L 36.9920012 2.24600008 37.2460012 2.50000008 0 P 0
L 36.9920012 2.75400008 37.2460012 2.50000008 0 P 0
L 36.9920012 2.75400008 37.2460012 2.75400008 0 P 0
L 37.2460012 2.24600008 37.5000012 1.99200008 0 P 0
L 37.2460012 2.75400008 37.5000012 3.00800008 0 P 0
L 37.49199004 4.64199986 37.74599004 5.14999986 0 P 0
L 37.49199004 4.64199986 37.99999004 4.89599986 0 P 0
L 37.49199004 5.65799986 37.74599004 5.14999986 0 P 0
L 37.49199004 5.65799986 37.99999004 5.40399986 0 P 0
L 37.49199004 13.6419971 37.74599004 14.1499971 0 P 0
L 37.49199004 13.6419971 37.99999004 13.8959971 0 P 0
L 37.49199004 14.6579971 37.74599004 14.1499971 0 P 0
L 37.49199004 14.6579971 37.99999004 14.4039971 0 P 0
L 37.49199004 16.64199618 37.74599004 17.14999618 0 P 0
L 37.49199004 16.64199618 37.99999004 16.89599618 0 P 0
L 37.49199004 17.65799618 37.74599004 17.14999618 0 P 0
L 37.49199004 17.65799618 37.99999004 17.40399618 0 P 0
L 37.5000012 1.99200008 37.7540012 2.24600008 0 P 0
L 37.5000012 3.00800008 37.7540012 2.75400008 0 P 0
L 37.7540012 2.24600008 38.0080012 2.24600008 0 P 0
L 37.7540012 2.50000008 38.0080012 2.24600008 0 P 0
L 37.7540012 2.50000008 38.0080012 2.75400008 0 P 0
L 37.7540012 2.75400008 38.0080012 2.75400008 0 P 0
L 37.99999004 4.89599986 38.50799004 4.64199986 0 P 0
L 37.99999004 5.40399986 38.50799004 5.65799986 0 P 0
L 37.99999004 13.8959971 38.50799004 13.6419971 0 P 0
L 37.99999004 14.4039971 38.50799004 14.6579971 0 P 0
L 37.99999004 16.89599618 38.50799004 16.64199618 0 P 0
L 37.99999004 17.40399618 38.50799004 17.65799618 0 P 0
L 38.25399004 5.14999986 38.50799004 4.64199986 0 P 0
L 38.25399004 5.14999986 38.50799004 5.65799986 0 P 0
L 38.25399004 14.1499971 38.50799004 13.6419971 0 P 0
L 38.25399004 14.1499971 38.50799004 14.6579971 0 P 0
L 38.25399004 17.14999618 38.50799004 16.64199618 0 P 0
L 38.25399004 17.14999618 38.50799004 17.65799618 0 P 0
L 38.31699982 8.49199978 38.57099982 8.99999978 0 P 0
L 38.31699982 8.49199978 38.82499982 8.74599978 0 P 0
L 38.31699982 9.50799978 38.57099982 8.99999978 0 P 0
L 38.31699982 9.50799978 38.82499982 9.25399978 0 P 0
L 38.74200024 4.64199986 38.99600024 5.14999986 0 P 0
L 38.74200024 4.64199986 39.25000024 4.89599986 0 P 0
L 38.74200024 5.65799986 38.99600024 5.14999986 0 P 0
L 38.74200024 5.65799986 39.25000024 5.40399986 0 P 0
L 38.74200024 7.64199894 38.99600024 8.14999894 0 P 0
L 38.74200024 7.64199894 39.25000024 7.89599894 0 P 0
L 38.74200024 8.65799894 38.99600024 8.14999894 0 P 0
L 38.74200024 8.65799894 39.25000024 8.40399894 0 P 0
L 38.74200024 9.14200102 38.99600024 9.65000102 0 P 0
L 38.74200024 9.14200102 39.25000024 9.39600102 0 P 0
L 38.74200024 10.15800102 38.99600024 9.65000102 0 P 0
L 38.74200024 10.15800102 39.25000024 9.90400102 0 P 0
L 38.74200024 10.64200056 38.99600024 11.15000056 0 P 0
L 38.74200024 10.64200056 39.25000024 10.89600056 0 P 0
L 38.74200024 11.65800056 38.99600024 11.15000056 0 P 0
L 38.74200024 11.65800056 39.25000024 11.40400056 0 P 0
L 38.74200024 12.1420001 38.99600024 12.6500001 0 P 0
L 38.74200024 12.1420001 39.25000024 12.3960001 0 P 0
L 38.74200024 13.1580001 38.99600024 12.6500001 0 P 0
L 38.74200024 13.1580001 39.25000024 12.9040001 0 P 0
L 38.74200024 13.64199964 38.99600024 14.14999964 0 P 0
L 38.74200024 13.64199964 39.25000024 13.89599964 0 P 0
L 38.74200024 14.65799964 38.99600024 14.14999964 0 P 0
L 38.74200024 14.65799964 39.25000024 14.40399964 0 P 0
L 38.74200024 15.14199918 38.99600024 15.64999918 0 P 0
L 38.74200024 15.14199918 39.25000024 15.39599918 0 P 0
L 38.74200024 16.15799918 38.99600024 15.64999918 0 P 0
L 38.74200024 16.15799918 39.25000024 15.90399918 0 P 0
L 38.74200024 16.64200126 38.99600024 17.15000126 0 P 0
L 38.74200024 16.64200126 39.25000024 16.89600126 0 P 0
L 38.74200024 17.65800126 38.99600024 17.15000126 0 P 0
L 38.74200024 17.65800126 39.25000024 17.40400126 0 P 0
L 38.82499982 8.74599978 39.33299982 8.49199978 0 P 0
L 38.82499982 9.25399978 39.33299982 9.50799978 0 P 0
L 39.07899982 8.99999978 39.33299982 8.49199978 0 P 0
L 39.07899982 8.99999978 39.33299982 9.50799978 0 P 0
L 39.25000024 4.89599986 39.75800024 4.64199986 0 P 0
L 39.25000024 5.40399986 39.75800024 5.65799986 0 P 0
L 39.25000024 7.89599894 39.75800024 7.64199894 0 P 0
L 39.25000024 8.40399894 39.75800024 8.65799894 0 P 0
L 39.25000024 9.39600102 39.75800024 9.14200102 0 P 0
L 39.25000024 9.90400102 39.75800024 10.15800102 0 P 0
L 39.25000024 10.89600056 39.75800024 10.64200056 0 P 0
L 39.25000024 11.40400056 39.75800024 11.65800056 0 P 0
L 39.25000024 12.3960001 39.75800024 12.1420001 0 P 0
L 39.25000024 12.9040001 39.75800024 13.1580001 0 P 0
L 39.25000024 13.89599964 39.75800024 13.64199964 0 P 0
L 39.25000024 14.40399964 39.75800024 14.65799964 0 P 0
L 39.25000024 15.39599918 39.75800024 15.14199918 0 P 0
L 39.25000024 15.90399918 39.75800024 16.15799918 0 P 0
L 39.25000024 16.89600126 39.75800024 16.64200126 0 P 0
L 39.25000024 17.40400126 39.75800024 17.65800126 0 P 0
L 39.50400024 5.14999986 39.75800024 4.64199986 0 P 0
L 39.50400024 5.14999986 39.75800024 5.65799986 0 P 0
L 39.50400024 8.14999894 39.75800024 7.64199894 0 P 0
L 39.50400024 8.14999894 39.75800024 8.65799894 0 P 0
L 39.50400024 9.65000102 39.75800024 9.14200102 0 P 0
L 39.50400024 9.65000102 39.75800024 10.15800102 0 P 0
L 39.50400024 11.15000056 39.75800024 10.64200056 0 P 0
L 39.50400024 11.15000056 39.75800024 11.65800056 0 P 0
L 39.50400024 12.6500001 39.75800024 12.1420001 0 P 0
L 39.50400024 12.6500001 39.75800024 13.1580001 0 P 0
L 39.50400024 14.14999964 39.75800024 13.64199964 0 P 0
L 39.50400024 14.14999964 39.75800024 14.65799964 0 P 0
L 39.50400024 15.64999918 39.75800024 15.14199918 0 P 0
L 39.50400024 15.64999918 39.75800024 16.15799918 0 P 0
L 39.50400024 17.15000126 39.75800024 16.64200126 0 P 0
L 39.50400024 17.15000126 39.75800024 17.65800126 0 P 0
