UNITS=MM
#Layer_Color=9474304
#
#Feature symbol names
#
$0 r127

#
#Feature attribute names
#

#
#Layer features
#
L 0.60000134 4.75000066 0.90000074 4.75000066 0 P 0
L 0.60000134 6.2500002 0.90000074 6.2500002 0 P 0
L 0.60000134 7.74999974 0.90000074 7.74999974 0 P 0
L 0.60000134 9.25000182 0.90000074 9.25000182 0 P 0
L 0.60000134 15.25000252 0.90000074 15.25000252 0 P 0
L 0.60000134 16.75000206 0.90000074 16.75000206 0 P 0
L 0.60000134 18.2500016 0.90000074 18.2500016 0 P 0
L 0.60000134 19.75000114 0.90000074 19.75000114 0 P 0
L 0.60000134 21.25000068 0.90000074 21.25000068 0 P 0
L 0.60700412 10.75000136 0.90700352 10.75000136 0 P 0
L 0.60700412 12.2500009 0.90700352 12.2500009 0 P 0
L 0.60700412 13.75000044 0.90700352 13.75000044 0 P 0
L 0.75000104 4.60000096 0.75000104 4.90000036 0 P 0
L 0.75000104 6.1000005 0.75000104 6.3999999 0 P 0
L 0.75000104 7.60000004 0.75000104 7.89999944 0 P 0
L 0.75000104 9.10000212 0.75000104 9.40000152 0 P 0
L 0.75000104 15.10000282 0.75000104 15.40000222 0 P 0
L 0.75000104 16.60000236 0.75000104 16.90000176 0 P 0
L 0.75000104 18.1000019 0.75000104 18.4000013 0 P 0
L 0.75000104 19.60000144 0.75000104 19.90000084 0 P 0
L 0.75000104 21.10000098 0.75000104 21.40000038 0 P 0
L 0.75700382 10.60000166 0.75700382 10.90000106 0 P 0
L 0.75700382 12.1000012 0.75700382 12.4000006 0 P 0
L 0.75700382 13.60000074 0.75700382 13.90000014 0 P 0
L 1.60000188 2.50000008 3.39999828 2.50000008 0 P 0
L 1.85000646 4.7500032 2.15000586 4.7500032 0 P 0
L 1.85000646 6.25000274 2.15000586 6.25000274 0 P 0
L 1.85000646 7.75000228 2.15000586 7.75000228 0 P 0
L 1.85000646 9.25000182 2.15000586 9.25000182 0 P 0
L 1.85000646 10.75000136 2.15000586 10.75000136 0 P 0
L 1.85000646 12.2500009 2.15000586 12.2500009 0 P 0
L 1.85000646 13.75000044 2.15000586 13.75000044 0 P 0
L 1.85000646 15.24999998 2.15000586 15.24999998 0 P 0
L 1.85000646 16.74999952 2.15000586 16.74999952 0 P 0
L 1.85000646 18.24999906 2.15000586 18.24999906 0 P 0
L 1.85000646 19.7499986 2.15000586 19.7499986 0 P 0
L 1.85000646 21.24999814 2.15000586 21.24999814 0 P 0
L 2.00000616 4.6000035 2.00000616 4.9000029 0 P 0
L 2.00000616 6.10000304 2.00000616 6.40000244 0 P 0
L 2.00000616 7.60000258 2.00000616 7.90000198 0 P 0
L 2.00000616 9.10000212 2.00000616 9.40000152 0 P 0
L 2.00000616 10.60000166 2.00000616 10.90000106 0 P 0
L 2.00000616 12.1000012 2.00000616 12.4000006 0 P 0
L 2.00000616 13.60000074 2.00000616 13.90000014 0 P 0
L 2.00000616 15.10000028 2.00000616 15.39999968 0 P 0
L 2.00000616 16.59999982 2.00000616 16.89999922 0 P 0
L 2.00000616 18.09999936 2.00000616 18.39999876 0 P 0
L 2.00000616 19.5999989 2.00000616 19.8999983 0 P 0
L 2.00000616 21.09999844 2.00000616 21.39999784 0 P 0
L 2.50000008 1.60000188 2.50000008 3.39999828 0 P 0
L 3.350006 4.7500032 3.6500054 4.7500032 0 P 0
L 3.350006 6.25000274 3.6500054 6.25000274 0 P 0
L 3.350006 7.75000228 3.6500054 7.75000228 0 P 0
L 3.350006 9.25000182 3.6500054 9.25000182 0 P 0
L 3.350006 10.75000136 3.6500054 10.75000136 0 P 0
L 3.350006 12.2500009 3.6500054 12.2500009 0 P 0
L 3.350006 13.75000044 3.6500054 13.75000044 0 P 0
L 3.350006 15.24999998 3.6500054 15.24999998 0 P 0
L 3.350006 16.74999952 3.6500054 16.74999952 0 P 0
L 3.350006 18.24999906 3.6500054 18.24999906 0 P 0
L 3.350006 19.7499986 3.6500054 19.7499986 0 P 0
L 3.350006 21.24999814 3.6500054 21.24999814 0 P 0
L 3.5000057 4.6000035 3.5000057 4.9000029 0 P 0
L 3.5000057 6.10000304 3.5000057 6.40000244 0 P 0
L 3.5000057 7.60000258 3.5000057 7.90000198 0 P 0
L 3.5000057 9.10000212 3.5000057 9.40000152 0 P 0
L 3.5000057 10.60000166 3.5000057 10.90000106 0 P 0
L 3.5000057 12.1000012 3.5000057 12.4000006 0 P 0
L 3.5000057 13.60000074 3.5000057 13.90000014 0 P 0
L 3.5000057 15.10000028 3.5000057 15.39999968 0 P 0
L 3.5000057 16.59999982 3.5000057 16.89999922 0 P 0
L 3.5000057 18.09999936 3.5000057 18.39999876 0 P 0
L 3.5000057 19.5999989 3.5000057 19.8999983 0 P 0
L 3.5000057 21.09999844 3.5000057 21.39999784 0 P 0
L 4.85000046 0.75000104 5.14999986 0.75000104 0 P 0
L 4.85000046 1.74999904 5.14999986 1.74999904 0 P 0
L 4.85000554 3.25000366 5.15000494 3.25000366 0 P 0
L 4.85000554 4.7500032 5.15000494 4.7500032 0 P 0
L 4.85000554 6.25000274 5.15000494 6.25000274 0 P 0
L 4.85000554 7.75000228 5.15000494 7.75000228 0 P 0
L 4.85000554 9.25000182 5.15000494 9.25000182 0 P 0
L 4.85000554 10.75000136 5.15000494 10.75000136 0 P 0
L 4.85000554 12.2500009 5.15000494 12.2500009 0 P 0
L 4.85000554 13.75000044 5.15000494 13.75000044 0 P 0
L 4.85000554 15.24999998 5.15000494 15.24999998 0 P 0
L 4.85000554 16.74999952 5.15000494 16.74999952 0 P 0
L 4.85000554 18.24999906 5.15000494 18.24999906 0 P 0
L 4.85000554 19.7499986 5.15000494 19.7499986 0 P 0
L 4.85000554 21.24999814 5.15000494 21.24999814 0 P 0
L 5.00000016 0.60000134 5.00000016 0.90000074 0 P 0
L 5.00000016 1.59999934 5.00000016 1.89999874 0 P 0
L 5.00000524 3.10000396 5.00000524 3.40000336 0 P 0
L 5.00000524 4.6000035 5.00000524 4.9000029 0 P 0
L 5.00000524 6.10000304 5.00000524 6.40000244 0 P 0
L 5.00000524 7.60000258 5.00000524 7.90000198 0 P 0
L 5.00000524 9.10000212 5.00000524 9.40000152 0 P 0
L 5.00000524 10.60000166 5.00000524 10.90000106 0 P 0
L 5.00000524 12.1000012 5.00000524 12.4000006 0 P 0
L 5.00000524 13.60000074 5.00000524 13.90000014 0 P 0
L 5.00000524 15.10000028 5.00000524 15.39999968 0 P 0
L 5.00000524 16.59999982 5.00000524 16.89999922 0 P 0
L 5.00000524 18.09999936 5.00000524 18.39999876 0 P 0
L 5.00000524 19.5999989 5.00000524 19.8999983 0 P 0
L 5.00000524 21.09999844 5.00000524 21.39999784 0 P 0
L 6.35 0.75000104 6.6499994 0.75000104 0 P 0
L 6.35 1.74999904 6.6499994 1.74999904 0 P 0
L 6.35000508 3.25000366 6.65000448 3.25000366 0 P 0
L 6.35000508 4.7500032 6.65000448 4.7500032 0 P 0
L 6.35000508 6.25000274 6.65000448 6.25000274 0 P 0
L 6.35000508 7.75000228 6.65000448 7.75000228 0 P 0
L 6.35000508 12.2500009 6.65000448 12.2500009 0 P 0
L 6.35000508 13.75000044 6.65000448 13.75000044 0 P 0
L 6.35000508 15.24999998 6.65000448 15.24999998 0 P 0
L 6.35000508 16.74999952 6.65000448 16.74999952 0 P 0
L 6.35000508 18.24999906 6.65000448 18.24999906 0 P 0
L 6.35000508 19.7499986 6.65000448 19.7499986 0 P 0
L 6.35000508 21.24999814 6.65000448 21.24999814 0 P 0
L 6.4999997 0.60000134 6.4999997 0.90000074 0 P 0
L 6.4999997 1.59999934 6.4999997 1.89999874 0 P 0
L 6.50000478 3.10000396 6.50000478 3.40000336 0 P 0
L 6.50000478 4.6000035 6.50000478 4.9000029 0 P 0
L 6.50000478 6.10000304 6.50000478 6.40000244 0 P 0
L 6.50000478 7.60000258 6.50000478 7.90000198 0 P 0
L 6.50000478 12.1000012 6.50000478 12.4000006 0 P 0
L 6.50000478 13.60000074 6.50000478 13.90000014 0 P 0
L 6.50000478 15.10000028 6.50000478 15.39999968 0 P 0
L 6.50000478 16.59999982 6.50000478 16.89999922 0 P 0
L 6.50000478 18.09999936 6.50000478 18.39999876 0 P 0
L 6.50000478 19.5999989 6.50000478 19.8999983 0 P 0
L 6.50000478 21.09999844 6.50000478 21.39999784 0 P 0
L 7.84999954 0.75000104 8.14999894 0.75000104 0 P 0
L 7.84999954 1.74999904 8.14999894 1.74999904 0 P 0
L 7.85000462 3.25000366 8.15000402 3.25000366 0 P 0
L 7.85000462 4.7500032 8.15000402 4.7500032 0 P 0
L 7.85000462 6.25000274 8.15000402 6.25000274 0 P 0
L 7.85000462 7.75000228 8.15000402 7.75000228 0 P 0
L 7.85000462 9.25000182 8.15000402 9.25000182 0 P 0
L 7.85000462 10.75000136 8.15000402 10.75000136 0 P 0
L 7.85000462 12.2500009 8.15000402 12.2500009 0 P 0
L 7.85000462 13.75000044 8.15000402 13.75000044 0 P 0
L 7.85000462 15.24999998 8.15000402 15.24999998 0 P 0
L 7.85000462 16.74999952 8.15000402 16.74999952 0 P 0
L 7.85000462 18.24999906 8.15000402 18.24999906 0 P 0
L 7.85000462 19.7499986 8.15000402 19.7499986 0 P 0
L 7.85000462 21.24999814 8.15000402 21.24999814 0 P 0
L 7.99999924 0.60000134 7.99999924 0.90000074 0 P 0
L 7.99999924 1.59999934 7.99999924 1.89999874 0 P 0
L 8.00000432 3.10000396 8.00000432 3.40000336 0 P 0
L 8.00000432 4.6000035 8.00000432 4.9000029 0 P 0
L 8.00000432 6.10000304 8.00000432 6.40000244 0 P 0
L 8.00000432 7.60000258 8.00000432 7.90000198 0 P 0
L 8.00000432 9.10000212 8.00000432 9.40000152 0 P 0
L 8.00000432 10.60000166 8.00000432 10.90000106 0 P 0
L 8.00000432 12.1000012 8.00000432 12.4000006 0 P 0
L 8.00000432 13.60000074 8.00000432 13.90000014 0 P 0
L 8.00000432 15.10000028 8.00000432 15.39999968 0 P 0
L 8.00000432 16.59999982 8.00000432 16.89999922 0 P 0
L 8.00000432 18.09999936 8.00000432 18.39999876 0 P 0
L 8.00000432 19.5999989 8.00000432 19.8999983 0 P 0
L 8.00000432 21.09999844 8.00000432 21.39999784 0 P 0
L 9.34999908 0.75000104 9.64999848 0.75000104 0 P 0
L 9.34999908 1.74999904 9.64999848 1.74999904 0 P 0
L 9.35000416 3.25000366 9.65000356 3.25000366 0 P 0
L 9.35000416 4.7500032 9.65000356 4.7500032 0 P 0
L 9.35000416 6.25000274 9.65000356 6.25000274 0 P 0
L 9.35000416 7.75000228 9.65000356 7.75000228 0 P 0
L 9.35000416 12.2500009 9.65000356 12.2500009 0 P 0
L 9.35000416 13.75000044 9.65000356 13.75000044 0 P 0
L 9.35000416 15.24999998 9.65000356 15.24999998 0 P 0
L 9.35000416 16.74999952 9.65000356 16.74999952 0 P 0
L 9.35000416 18.24999906 9.65000356 18.24999906 0 P 0
L 9.35000416 19.7499986 9.65000356 19.7499986 0 P 0
L 9.35000416 21.24999814 9.65000356 21.24999814 0 P 0
L 9.49999878 0.60000134 9.49999878 0.90000074 0 P 0
L 9.49999878 1.59999934 9.49999878 1.89999874 0 P 0
L 9.50000386 3.10000396 9.50000386 3.40000336 0 P 0
L 9.50000386 4.6000035 9.50000386 4.9000029 0 P 0
L 9.50000386 6.10000304 9.50000386 6.40000244 0 P 0
L 9.50000386 7.60000258 9.50000386 7.90000198 0 P 0
L 9.50000386 12.1000012 9.50000386 12.4000006 0 P 0
L 9.50000386 13.60000074 9.50000386 13.90000014 0 P 0
L 9.50000386 15.10000028 9.50000386 15.39999968 0 P 0
L 9.50000386 16.59999982 9.50000386 16.89999922 0 P 0
L 9.50000386 18.09999936 9.50000386 18.39999876 0 P 0
L 9.50000386 19.5999989 9.50000386 19.8999983 0 P 0
L 9.50000386 21.09999844 9.50000386 21.39999784 0 P 0
L 10.56000174 4.16999928 11.65999954 4.16999928 0 P 0
L 10.85000116 0.75000104 11.15000056 0.75000104 0 P 0
L 10.85000116 1.74999904 11.15000056 1.74999904 0 P 0
L 10.8500037 6.25000274 11.1500031 6.25000274 0 P 0
L 10.8500037 7.75000228 11.1500031 7.75000228 0 P 0
L 10.8500037 12.2500009 11.1500031 12.2500009 0 P 0
L 10.8500037 13.75000044 11.1500031 13.75000044 0 P 0
L 10.8500037 15.24999998 11.1500031 15.24999998 0 P 0
L 10.8500037 16.74999952 11.1500031 16.74999952 0 P 0
L 10.8500037 18.24999906 11.1500031 18.24999906 0 P 0
L 10.8500037 19.7499986 11.1500031 19.7499986 0 P 0
L 10.8500037 21.24999814 11.1500031 21.24999814 0 P 0
L 11.00000086 0.60000134 11.00000086 0.90000074 0 P 0
L 11.00000086 1.59999934 11.00000086 1.89999874 0 P 0
L 11.0000034 6.10000304 11.0000034 6.40000244 0 P 0
L 11.0000034 7.60000258 11.0000034 7.90000198 0 P 0
L 11.0000034 12.1000012 11.0000034 12.4000006 0 P 0
L 11.0000034 13.60000074 11.0000034 13.90000014 0 P 0
L 11.0000034 15.10000028 11.0000034 15.39999968 0 P 0
L 11.0000034 16.59999982 11.0000034 16.89999922 0 P 0
L 11.0000034 18.09999936 11.0000034 18.39999876 0 P 0
L 11.0000034 19.5999989 11.0000034 19.8999983 0 P 0
L 11.0000034 21.09999844 11.0000034 21.39999784 0 P 0
L 11.11000064 3.62000038 11.11000064 4.71999818 0 P 0
L 12.3500007 0.75000104 12.6500001 0.75000104 0 P 0
L 12.3500007 1.74999904 12.6500001 1.74999904 0 P 0
L 12.35000324 3.25000366 12.65000264 3.25000366 0 P 0
L 12.35000324 4.7500032 12.65000264 4.7500032 0 P 0
L 12.35000324 6.25000274 12.65000264 6.25000274 0 P 0
L 12.35000324 7.75000228 12.65000264 7.75000228 0 P 0
L 12.35000324 10.75000136 12.65000264 10.75000136 0 P 0
L 12.35000324 12.2500009 12.65000264 12.2500009 0 P 0
L 12.35000324 13.75000044 12.65000264 13.75000044 0 P 0
L 12.35000324 15.24999998 12.65000264 15.24999998 0 P 0
L 12.35000324 16.74999952 12.65000264 16.74999952 0 P 0
L 12.35000324 18.24999906 12.65000264 18.24999906 0 P 0
L 12.35000324 19.7499986 12.65000264 19.7499986 0 P 0
L 12.35000324 21.24999814 12.65000264 21.24999814 0 P 0
L 12.5000004 0.60000134 12.5000004 0.90000074 0 P 0
L 12.5000004 1.59999934 12.5000004 1.89999874 0 P 0
L 12.50000294 3.10000396 12.50000294 3.40000336 0 P 0
L 12.50000294 4.6000035 12.50000294 4.9000029 0 P 0
L 12.50000294 6.10000304 12.50000294 6.40000244 0 P 0
L 12.50000294 7.60000258 12.50000294 7.90000198 0 P 0
L 12.50000294 10.60000166 12.50000294 10.90000106 0 P 0
L 12.50000294 12.1000012 12.50000294 12.4000006 0 P 0
L 12.50000294 13.60000074 12.50000294 13.90000014 0 P 0
L 12.50000294 15.10000028 12.50000294 15.39999968 0 P 0
L 12.50000294 16.59999982 12.50000294 16.89999922 0 P 0
L 12.50000294 18.09999936 12.50000294 18.39999876 0 P 0
L 12.50000294 19.5999989 12.50000294 19.8999983 0 P 0
L 12.50000294 21.09999844 12.50000294 21.39999784 0 P 0
L 13.10000174 4.16999928 14.19999954 4.16999928 0 P 0
L 13.65000064 3.62000038 13.65000064 4.71999818 0 P 0
L 13.85000024 0.75000104 14.14999964 0.75000104 0 P 0
L 13.85000024 1.74999904 14.14999964 1.74999904 0 P 0
L 13.85000278 6.25000274 14.15000218 6.25000274 0 P 0
L 13.85000278 7.75000228 14.15000218 7.75000228 0 P 0
L 13.85000278 10.75000136 14.15000218 10.75000136 0 P 0
L 13.85000278 12.2500009 14.15000218 12.2500009 0 P 0
L 13.85000278 13.75000044 14.15000218 13.75000044 0 P 0
L 13.85000278 15.24999998 14.15000218 15.24999998 0 P 0
L 13.85000278 16.74999952 14.15000218 16.74999952 0 P 0
L 13.85000278 18.24999906 14.15000218 18.24999906 0 P 0
L 13.85000278 19.7499986 14.15000218 19.7499986 0 P 0
L 13.85000278 21.24999814 14.15000218 21.24999814 0 P 0
L 13.99999994 0.60000134 13.99999994 0.90000074 0 P 0
L 13.99999994 1.59999934 13.99999994 1.89999874 0 P 0
L 14.00000248 6.10000304 14.00000248 6.40000244 0 P 0
L 14.00000248 7.60000258 14.00000248 7.90000198 0 P 0
L 14.00000248 10.60000166 14.00000248 10.90000106 0 P 0
L 14.00000248 12.1000012 14.00000248 12.4000006 0 P 0
L 14.00000248 13.60000074 14.00000248 13.90000014 0 P 0
L 14.00000248 15.10000028 14.00000248 15.39999968 0 P 0
L 14.00000248 16.59999982 14.00000248 16.89999922 0 P 0
L 14.00000248 18.09999936 14.00000248 18.39999876 0 P 0
L 14.00000248 19.5999989 14.00000248 19.8999983 0 P 0
L 14.00000248 21.09999844 14.00000248 21.39999784 0 P 0
L 15.34999978 0.75000104 15.64999918 0.75000104 0 P 0
L 15.34999978 1.74999904 15.64999918 1.74999904 0 P 0
L 15.34999978 18.7500006 15.64999918 18.7500006 0 P 0
L 15.35000232 7.75000228 15.65000172 7.75000228 0 P 0
L 15.35000232 9.25000182 15.65000172 9.25000182 0 P 0
L 15.35000232 12.2500009 15.65000172 12.2500009 0 P 0
L 15.35000232 13.75000044 15.65000172 13.75000044 0 P 0
L 15.35000232 19.7499986 15.65000172 19.7499986 0 P 0
L 15.35000232 21.24999814 15.65000172 21.24999814 0 P 0
L 15.49999948 0.60000134 15.49999948 0.90000074 0 P 0
L 15.49999948 1.59999934 15.49999948 1.89999874 0 P 0
L 15.49999948 18.6000009 15.49999948 18.9000003 0 P 0
L 15.50000202 7.60000258 15.50000202 7.90000198 0 P 0
L 15.50000202 9.10000212 15.50000202 9.40000152 0 P 0
L 15.50000202 12.1000012 15.50000202 12.4000006 0 P 0
L 15.50000202 13.60000074 15.50000202 13.90000014 0 P 0
L 15.50000202 19.5999989 15.50000202 19.8999983 0 P 0
L 15.50000202 21.09999844 15.50000202 21.39999784 0 P 0
L 15.64000174 4.16999928 16.73999954 4.16999928 0 P 0
L 15.7250003 18.09999936 16.0249997 18.09999936 0 P 0
L 15.85000132 15.12499896 16.15000072 15.12499896 0 P 0
L 15.85000132 17.25000106 16.15000072 17.25000106 0 P 0
L 15.875 17.94999966 15.875 18.24999906 0 P 0
L 16.00000102 14.97499926 16.00000102 15.27499866 0 P 0
L 16.00000102 17.10000136 16.00000102 17.40000076 0 P 0
L 16.19000064 3.62000038 16.19000064 4.71999818 0 P 0
L 16.42500144 13.62499688 16.72500084 13.62499688 0 P 0
L 16.45000012 19.05 16.74999952 19.05 0 P 0
L 16.45000012 20.15000034 16.74999952 20.15000034 0 P 0
L 16.45000012 21.25000068 16.74999952 21.25000068 0 P 0
L 16.57500114 13.47499718 16.57500114 13.77499658 0 P 0
L 16.59999982 18.9000003 16.59999982 19.1999997 0 P 0
L 16.59999982 20.00000064 16.59999982 20.30000004 0 P 0
L 16.59999982 21.10000098 16.59999982 21.40000038 0 P 0
L 16.84999932 0.75000104 17.14999872 0.75000104 0 P 0
L 16.84999932 1.74999904 17.14999872 1.74999904 0 P 0
L 16.85000186 6.25000274 17.15000126 6.25000274 0 P 0
L 16.85000186 9.25000182 17.15000126 9.25000182 0 P 0
L 16.85000186 10.75000136 17.15000126 10.75000136 0 P 0
L 16.99999902 0.60000134 16.99999902 0.90000074 0 P 0
L 16.99999902 1.59999934 16.99999902 1.89999874 0 P 0
L 17.00000156 6.10000304 17.00000156 6.40000244 0 P 0
L 17.00000156 9.10000212 17.00000156 9.40000152 0 P 0
L 17.00000156 10.60000166 17.00000156 10.90000106 0 P 0
L 17.01759868 12.97499818 17.31759808 12.97499818 0 P 0
L 17.02500024 19.57500022 17.32499964 19.57500022 0 P 0
L 17.02500024 20.77500036 17.32499964 20.77500036 0 P 0
L 17.16759838 12.82499848 17.16759838 13.12499788 0 P 0
L 17.17499994 19.42500052 17.17499994 19.72499992 0 P 0
L 17.17499994 20.62500066 17.17499994 20.92500006 0 P 0
L 18.18000174 4.16999928 19.27999954 4.16999928 0 P 0
L 18.3500014 6.25000274 18.6500008 6.25000274 0 P 0
L 18.3500014 7.75000228 18.6500008 7.75000228 0 P 0
L 18.3500014 9.25000182 18.6500008 9.25000182 0 P 0
L 18.3500014 10.75000136 18.6500008 10.75000136 0 P 0
L 18.39574172 15.75199542 18.69574112 15.75199542 0 P 0
L 18.5000011 6.10000304 18.5000011 6.40000244 0 P 0
L 18.5000011 7.60000258 18.5000011 7.90000198 0 P 0
L 18.5000011 9.10000212 18.5000011 9.40000152 0 P 0
L 18.5000011 10.60000166 18.5000011 10.90000106 0 P 0
L 18.54574142 15.60199572 18.54574142 15.90199512 0 P 0
L 18.57499968 17.97500088 18.87499908 17.97500088 0 P 0
L 18.72499938 17.82500118 18.72499938 18.12500058 0 P 0
L 18.73000064 3.62000038 18.73000064 4.71999818 0 P 0
L 18.77499928 11.89999906 19.07499868 11.89999906 0 P 0
L 18.92499898 11.74999936 18.92499898 12.04999876 0 P 0
L 19.220688 17.61500414 19.5206874 17.61500414 0 P 0
L 19.24317716 15.08182404 19.54317656 15.08182404 0 P 0
L 19.3499994 12.5500003 19.6499988 12.5500003 0 P 0
L 19.3706877 17.46500444 19.3706877 17.76500384 0 P 0
L 19.39317686 14.93182434 19.39317686 15.23182374 0 P 0
L 19.4999991 12.4000006 19.4999991 12.7 0 P 0
L 19.84913226 17.98561554 20.14913166 17.98561554 0 P 0
L 19.85000094 3.25000366 20.15000034 3.25000366 0 P 0
L 19.85000094 4.7500032 20.15000034 4.7500032 0 P 0
L 19.95000074 15.7750002 20.25000014 15.7750002 0 P 0
L 19.99913196 17.83561584 19.99913196 18.13561524 0 P 0
L 20.00000064 3.10000396 20.00000064 3.40000336 0 P 0
L 20.00000064 4.6000035 20.00000064 4.9000029 0 P 0
L 20.10000044 15.6250005 20.10000044 15.9249999 0 P 0
L 20.48417544 15.11582956 20.78417484 15.11582956 0 P 0
L 20.63417514 14.96582986 20.63417514 15.26582926 0 P 0
L 20.72000174 4.16999928 21.81999954 4.16999928 0 P 0
L 21.12499966 15.74999898 21.42499906 15.74999898 0 P 0
L 21.12499966 17.98600416 21.42499906 17.98600416 0 P 0
L 21.27000064 3.62000038 21.27000064 4.71999818 0 P 0
L 21.27499936 15.59999928 21.27499936 15.89999868 0 P 0
L 21.27499936 17.83600446 21.27499936 18.13600386 0 P 0
L 21.35000048 6.25000274 21.64999988 6.25000274 0 P 0
L 21.35000048 7.75000228 21.64999988 7.75000228 0 P 0
L 21.50000018 6.10000304 21.50000018 6.40000244 0 P 0
L 21.50000018 7.60000258 21.50000018 7.90000198 0 P 0
L 22.35000102 11.25000036 22.65000042 11.25000036 0 P 0
L 22.50000072 11.10000066 22.50000072 11.40000006 0 P 0
L 22.6249992 19.57500022 22.9249986 19.57500022 0 P 0
L 22.6249992 20.77500036 22.9249986 20.77500036 0 P 0
L 22.7749989 19.42500052 22.7749989 19.72499992 0 P 0
L 22.7749989 20.62500066 22.7749989 20.92500006 0 P 0
L 22.85000002 0.75000104 23.14999942 0.75000104 0 P 0
L 22.85000002 1.74999904 23.14999942 1.74999904 0 P 0
L 22.85000002 6.25000274 23.14999942 6.25000274 0 P 0
L 22.85000002 9.25000182 23.14999942 9.25000182 0 P 0
L 22.99999972 0.60000134 22.99999972 0.90000074 0 P 0
L 22.99999972 1.59999934 22.99999972 1.89999874 0 P 0
L 22.99999972 6.10000304 22.99999972 6.40000244 0 P 0
L 22.99999972 9.10000212 22.99999972 9.40000152 0 P 0
L 23.26000174 4.16999928 24.35999954 4.16999928 0 P 0
L 23.35000156 18.9500002 23.65000096 18.9500002 0 P 0
L 23.35000156 20.17500156 23.65000096 20.17500156 0 P 0
L 23.35000156 21.25000068 23.65000096 21.25000068 0 P 0
L 23.37500024 13.2499989 23.67499964 13.2499989 0 P 0
L 23.50000126 18.8000005 23.50000126 19.0999999 0 P 0
L 23.50000126 20.02500186 23.50000126 20.32500126 0 P 0
L 23.50000126 21.10000098 23.50000126 21.40000038 0 P 0
L 23.52499994 13.0999992 23.52499994 13.3999986 0 P 0
L 23.67499964 14.95000058 23.97499904 14.95000058 0 P 0
L 23.81000064 3.62000038 23.81000064 4.71999818 0 P 0
L 23.82499934 14.80000088 23.82499934 15.10000028 0 P 0
L 24.27500098 13.2499989 24.57500038 13.2499989 0 P 0
L 24.34999956 0.75000104 24.64999896 0.75000104 0 P 0
L 24.34999956 1.74999904 24.64999896 1.74999904 0 P 0
L 24.34999956 7.75000228 24.64999896 7.75000228 0 P 0
L 24.34999956 9.25000182 24.64999896 9.25000182 0 P 0
L 24.34999956 16.2749992 24.64999896 16.2749992 0 P 0
L 24.34999956 18.24999906 24.64999896 18.24999906 0 P 0
L 24.34999956 19.7499986 24.64999896 19.7499986 0 P 0
L 24.34999956 21.24999814 24.64999896 21.24999814 0 P 0
L 24.42500068 13.0999992 24.42500068 13.3999986 0 P 0
L 24.49999926 0.60000134 24.49999926 0.90000074 0 P 0
L 24.49999926 1.59999934 24.49999926 1.89999874 0 P 0
L 24.49999926 7.60000258 24.49999926 7.90000198 0 P 0
L 24.49999926 9.10000212 24.49999926 9.40000152 0 P 0
L 24.49999926 16.1249995 24.49999926 16.4249989 0 P 0
L 24.49999926 18.09999936 24.49999926 18.39999876 0 P 0
L 24.49999926 19.5999989 24.49999926 19.8999983 0 P 0
L 24.49999926 21.09999844 24.49999926 21.39999784 0 P 0
L 25.1000006 15.49999948 25.4 15.49999948 0 P 0
L 25.2500003 15.34999978 25.2500003 15.64999918 0 P 0
L 25.80000174 4.16999928 26.89999954 4.16999928 0 P 0
L 25.8499991 0.75000104 26.1499985 0.75000104 0 P 0
L 25.8499991 1.74999904 26.1499985 1.74999904 0 P 0
L 25.8499991 6.25000274 26.1499985 6.25000274 0 P 0
L 25.8499991 7.75000228 26.1499985 7.75000228 0 P 0
L 25.8499991 9.25000182 26.1499985 9.25000182 0 P 0
L 25.8499991 10.75000136 26.1499985 10.75000136 0 P 0
L 25.8499991 12.2500009 26.1499985 12.2500009 0 P 0
L 25.8499991 18.24999906 26.1499985 18.24999906 0 P 0
L 25.8499991 19.7499986 26.1499985 19.7499986 0 P 0
L 25.8499991 21.24999814 26.1499985 21.24999814 0 P 0
L 25.9999988 0.60000134 25.9999988 0.90000074 0 P 0
L 25.9999988 1.59999934 25.9999988 1.89999874 0 P 0
L 25.9999988 6.10000304 25.9999988 6.40000244 0 P 0
L 25.9999988 7.60000258 25.9999988 7.90000198 0 P 0
L 25.9999988 9.10000212 25.9999988 9.40000152 0 P 0
L 25.9999988 10.60000166 25.9999988 10.90000106 0 P 0
L 25.9999988 12.1000012 25.9999988 12.4000006 0 P 0
L 25.9999988 18.09999936 25.9999988 18.39999876 0 P 0
L 25.9999988 19.5999989 25.9999988 19.8999983 0 P 0
L 25.9999988 21.09999844 25.9999988 21.39999784 0 P 0
L 26.10000114 15.375001 26.40000054 15.375001 0 P 0
L 26.25000084 15.2250013 26.25000084 15.5250007 0 P 0
L 26.35000064 3.62000038 26.35000064 4.71999818 0 P 0
L 27.34999864 3.25000366 27.64999804 3.25000366 0 P 0
L 27.34999864 4.7500032 27.64999804 4.7500032 0 P 0
L 27.34999864 6.25000274 27.64999804 6.25000274 0 P 0
L 27.34999864 7.75000228 27.64999804 7.75000228 0 P 0
L 27.34999864 9.25000182 27.64999804 9.25000182 0 P 0
L 27.34999864 10.75000136 27.64999804 10.75000136 0 P 0
L 27.34999864 18.24999906 27.64999804 18.24999906 0 P 0
L 27.34999864 19.7499986 27.64999804 19.7499986 0 P 0
L 27.34999864 21.24999814 27.64999804 21.24999814 0 P 0
L 27.35000118 0.75000104 27.65000058 0.75000104 0 P 0
L 27.35000118 1.74999904 27.65000058 1.74999904 0 P 0
L 27.49999834 3.10000396 27.49999834 3.40000336 0 P 0
L 27.49999834 4.6000035 27.49999834 4.9000029 0 P 0
L 27.49999834 6.10000304 27.49999834 6.40000244 0 P 0
L 27.49999834 7.60000258 27.49999834 7.90000198 0 P 0
L 27.49999834 9.10000212 27.49999834 9.40000152 0 P 0
L 27.49999834 10.60000166 27.49999834 10.90000106 0 P 0
L 27.49999834 18.09999936 27.49999834 18.39999876 0 P 0
L 27.49999834 19.5999989 27.49999834 19.8999983 0 P 0
L 27.49999834 21.09999844 27.49999834 21.39999784 0 P 0
L 27.50000088 0.60000134 27.50000088 0.90000074 0 P 0
L 27.50000088 1.59999934 27.50000088 1.89999874 0 P 0
L 28.34000174 4.16999928 29.43999954 4.16999928 0 P 0
L 28.575 8.87499876 28.8749994 8.87499876 0 P 0
L 28.7249997 8.72499906 28.7249997 9.02499846 0 P 0
L 28.84999818 6.25000274 29.14999758 6.25000274 0 P 0
L 28.84999818 7.75000228 29.14999758 7.75000228 0 P 0
L 28.84999818 12.2500009 29.14999758 12.2500009 0 P 0
L 28.84999818 18.24999906 29.14999758 18.24999906 0 P 0
L 28.84999818 19.7499986 29.14999758 19.7499986 0 P 0
L 28.84999818 21.24999814 29.14999758 21.24999814 0 P 0
L 28.85000072 0.75000104 29.15000012 0.75000104 0 P 0
L 28.85000072 1.74999904 29.15000012 1.74999904 0 P 0
L 28.89000064 3.62000038 28.89000064 4.71999818 0 P 0
L 28.99999788 6.10000304 28.99999788 6.40000244 0 P 0
L 28.99999788 7.60000258 28.99999788 7.90000198 0 P 0
L 28.99999788 12.1000012 28.99999788 12.4000006 0 P 0
L 28.99999788 18.09999936 28.99999788 18.39999876 0 P 0
L 28.99999788 19.5999989 28.99999788 19.8999983 0 P 0
L 28.99999788 21.09999844 28.99999788 21.39999784 0 P 0
L 29.00000042 0.60000134 29.00000042 0.90000074 0 P 0
L 29.00000042 1.59999934 29.00000042 1.89999874 0 P 0
L 30.34999772 3.25000366 30.64999712 3.25000366 0 P 0
L 30.34999772 4.7500032 30.64999712 4.7500032 0 P 0
L 30.34999772 6.25000274 30.64999712 6.25000274 0 P 0
L 30.34999772 7.75000228 30.64999712 7.75000228 0 P 0
L 30.34999772 12.2500009 30.64999712 12.2500009 0 P 0
L 30.34999772 18.24999906 30.64999712 18.24999906 0 P 0
L 30.34999772 19.7499986 30.64999712 19.7499986 0 P 0
L 30.34999772 21.24999814 30.64999712 21.24999814 0 P 0
L 30.35000026 0.75000104 30.64999966 0.75000104 0 P 0
L 30.37500148 1.74999904 30.67500088 1.74999904 0 P 0
L 30.49999742 3.10000396 30.49999742 3.40000336 0 P 0
L 30.49999742 4.6000035 30.49999742 4.9000029 0 P 0
L 30.49999742 6.10000304 30.49999742 6.40000244 0 P 0
L 30.49999742 7.60000258 30.49999742 7.90000198 0 P 0
L 30.49999742 12.1000012 30.49999742 12.4000006 0 P 0
L 30.49999742 18.09999936 30.49999742 18.39999876 0 P 0
L 30.49999742 19.5999989 30.49999742 19.8999983 0 P 0
L 30.49999742 21.09999844 30.49999742 21.39999784 0 P 0
L 30.49999996 0.60000134 30.49999996 0.90000074 0 P 0
L 30.52500118 1.59999934 30.52500118 1.89999874 0 P 0
L 31.4000007 13.70000054 31.7000001 13.70000054 0 P 0
L 31.5500004 13.55000084 31.5500004 13.85000024 0 P 0
L 31.84999726 3.25000366 32.14999666 3.25000366 0 P 0
L 31.84999726 4.7500032 32.14999666 4.7500032 0 P 0
L 31.84999726 6.25000274 32.14999666 6.25000274 0 P 0
L 31.84999726 7.75000228 32.14999666 7.75000228 0 P 0
L 31.84999726 9.25000182 32.14999666 9.25000182 0 P 0
L 31.84999726 10.75000136 32.14999666 10.75000136 0 P 0
L 31.84999726 12.2500009 32.14999666 12.2500009 0 P 0
L 31.84999726 18.24999906 32.14999666 18.24999906 0 P 0
L 31.84999726 19.7499986 32.14999666 19.7499986 0 P 0
L 31.84999726 21.24999814 32.14999666 21.24999814 0 P 0
L 31.8499998 0.75000104 32.1499992 0.75000104 0 P 0
L 31.8499998 1.74999904 32.1499992 1.74999904 0 P 0
L 31.99999696 3.10000396 31.99999696 3.40000336 0 P 0
L 31.99999696 4.6000035 31.99999696 4.9000029 0 P 0
L 31.99999696 6.10000304 31.99999696 6.40000244 0 P 0
L 31.99999696 7.60000258 31.99999696 7.90000198 0 P 0
L 31.99999696 9.10000212 31.99999696 9.40000152 0 P 0
L 31.99999696 10.60000166 31.99999696 10.90000106 0 P 0
L 31.99999696 12.1000012 31.99999696 12.4000006 0 P 0
L 31.99999696 18.09999936 31.99999696 18.39999876 0 P 0
L 31.99999696 19.5999989 31.99999696 19.8999983 0 P 0
L 31.99999696 21.09999844 31.99999696 21.39999784 0 P 0
L 31.9999995 0.60000134 31.9999995 0.90000074 0 P 0
L 31.9999995 1.59999934 31.9999995 1.89999874 0 P 0
L 33.3499968 3.25000366 33.6499962 3.25000366 0 P 0
L 33.3499968 4.7500032 33.6499962 4.7500032 0 P 0
L 33.3499968 6.25000274 33.6499962 6.25000274 0 P 0
L 33.3499968 7.75000228 33.6499962 7.75000228 0 P 0
L 33.3499968 12.2500009 33.6499962 12.2500009 0 P 0
L 33.3499968 13.75000044 33.6499962 13.75000044 0 P 0
L 33.3499968 15.24999998 33.6499962 15.24999998 0 P 0
L 33.3499968 18.24999906 33.6499962 18.24999906 0 P 0
L 33.3499968 19.7499986 33.6499962 19.7499986 0 P 0
L 33.3499968 21.24999814 33.6499962 21.24999814 0 P 0
L 33.34999934 0.75000104 33.64999874 0.75000104 0 P 0
L 33.34999934 1.74999904 33.64999874 1.74999904 0 P 0
L 33.4999965 3.10000396 33.4999965 3.40000336 0 P 0
L 33.4999965 4.6000035 33.4999965 4.9000029 0 P 0
L 33.4999965 6.10000304 33.4999965 6.40000244 0 P 0
L 33.4999965 7.60000258 33.4999965 7.90000198 0 P 0
L 33.4999965 12.1000012 33.4999965 12.4000006 0 P 0
L 33.4999965 13.60000074 33.4999965 13.90000014 0 P 0
L 33.4999965 15.10000028 33.4999965 15.39999968 0 P 0
L 33.4999965 18.09999936 33.4999965 18.39999876 0 P 0
L 33.4999965 19.5999989 33.4999965 19.8999983 0 P 0
L 33.4999965 21.09999844 33.4999965 21.39999784 0 P 0
L 33.49999904 0.60000134 33.49999904 0.90000074 0 P 0
L 33.49999904 1.59999934 33.49999904 1.89999874 0 P 0
L 34.84999634 3.25000366 35.14999574 3.25000366 0 P 0
L 34.84999634 4.7500032 35.14999574 4.7500032 0 P 0
L 34.84999634 6.25000274 35.14999574 6.25000274 0 P 0
L 34.84999634 7.75000228 35.14999574 7.75000228 0 P 0
L 34.84999634 9.25000182 35.14999574 9.25000182 0 P 0
L 34.84999634 18.24999906 35.14999574 18.24999906 0 P 0
L 34.84999634 19.7499986 35.14999574 19.7499986 0 P 0
L 34.84999634 21.24999814 35.14999574 21.24999814 0 P 0
L 34.85000142 0.75000104 35.15000082 0.75000104 0 P 0
L 34.85000142 1.74999904 35.15000082 1.74999904 0 P 0
L 34.9749999 14.75000098 35.2749993 14.75000098 0 P 0
L 34.99999604 3.10000396 34.99999604 3.40000336 0 P 0
L 34.99999604 4.6000035 34.99999604 4.9000029 0 P 0
L 34.99999604 6.10000304 34.99999604 6.40000244 0 P 0
L 34.99999604 7.60000258 34.99999604 7.90000198 0 P 0
L 34.99999604 9.10000212 34.99999604 9.40000152 0 P 0
L 34.99999604 18.09999936 34.99999604 18.39999876 0 P 0
L 34.99999604 19.5999989 34.99999604 19.8999983 0 P 0
L 34.99999604 21.09999844 34.99999604 21.39999784 0 P 0
L 35.00000112 0.60000134 35.00000112 0.90000074 0 P 0
L 35.00000112 1.59999934 35.00000112 1.89999874 0 P 0
L 35.1249996 14.60000128 35.1249996 14.90000068 0 P 0
L 35.87500064 11.07499944 36.17500004 11.07499944 0 P 0
L 35.97650158 6.45500106 36.97150086 6.45500106 0 P 0
L 36.02500034 10.92499974 36.02500034 11.22499914 0 P 0
L 36.34999588 4.7500032 36.64999528 4.7500032 0 P 0
L 36.34999588 12.2500009 36.64999528 12.2500009 0 P 0
L 36.34999588 13.75000044 36.64999528 13.75000044 0 P 0
L 36.34999588 15.24999998 36.64999528 15.24999998 0 P 0
L 36.34999588 18.24999906 36.64999528 18.24999906 0 P 0
L 36.34999588 19.7499986 36.64999528 19.7499986 0 P 0
L 36.34999588 21.24999814 36.64999528 21.24999814 0 P 0
L 36.47400122 5.95750142 36.47400122 6.9525007 0 P 0
L 36.49999558 4.6000035 36.49999558 4.9000029 0 P 0
L 36.49999558 12.1000012 36.49999558 12.4000006 0 P 0
L 36.49999558 13.60000074 36.49999558 13.90000014 0 P 0
L 36.49999558 15.10000028 36.49999558 15.39999968 0 P 0
L 36.49999558 18.09999936 36.49999558 18.39999876 0 P 0
L 36.49999558 19.5999989 36.49999558 19.8999983 0 P 0
L 36.49999558 21.09999844 36.49999558 21.39999784 0 P 0
L 36.600003 2.50000008 38.3999994 2.50000008 0 P 0
L 36.99250158 11.53500106 37.98750086 11.53500106 0 P 0
L 37.3500015 5.82499978 37.6500009 5.82499978 0 P 0
L 37.49000122 11.03750142 37.49000122 12.0325007 0 P 0
L 37.5000012 1.60000188 37.5000012 3.39999828 0 P 0
L 37.5000012 5.67500008 37.5000012 5.97499948 0 P 0
L 37.72499948 14.75000098 38.02499888 14.75000098 0 P 0
L 37.84999542 4.7500032 38.14999482 4.7500032 0 P 0
L 37.84999542 16.74999952 38.14999482 16.74999952 0 P 0
L 37.84999542 18.24999906 38.14999482 18.24999906 0 P 0
L 37.84999542 19.7499986 38.14999482 19.7499986 0 P 0
L 37.84999542 21.24999814 38.14999482 21.24999814 0 P 0
L 37.87499918 14.60000128 37.87499918 14.90000068 0 P 0
L 37.99999512 4.6000035 37.99999512 4.9000029 0 P 0
L 37.99999512 16.59999982 37.99999512 16.89999922 0 P 0
L 37.99999512 18.09999936 37.99999512 18.39999876 0 P 0
L 37.99999512 19.5999989 37.99999512 19.8999983 0 P 0
L 37.99999512 21.09999844 37.99999512 21.39999784 0 P 0
L 38.00850158 6.45500106 39.00350086 6.45500106 0 P 0
L 38.25187422 15.55075884 38.55187362 15.55075884 0 P 0
L 38.40187392 15.40075914 38.40187392 15.70075854 0 P 0
L 38.50600122 5.95750142 38.50600122 6.9525007 0 P 0
L 39.10000054 4.75000066 39.39999994 4.75000066 0 P 0
L 39.10000054 7.74999974 39.39999994 7.74999974 0 P 0
L 39.10000054 9.25000182 39.39999994 9.25000182 0 P 0
L 39.10000054 15.25000252 39.39999994 15.25000252 0 P 0
L 39.10000054 16.75000206 39.39999994 16.75000206 0 P 0
L 39.10000054 18.2500016 39.39999994 18.2500016 0 P 0
L 39.10000054 19.75000114 39.39999994 19.75000114 0 P 0
L 39.10000054 21.25000068 39.39999994 21.25000068 0 P 0
L 39.10700332 10.75000136 39.40700272 10.75000136 0 P 0
L 39.10700332 12.2500009 39.40700272 12.2500009 0 P 0
L 39.10700332 13.75000044 39.40700272 13.75000044 0 P 0
L 39.25000024 4.60000096 39.25000024 4.90000036 0 P 0
L 39.25000024 7.60000004 39.25000024 7.89999944 0 P 0
L 39.25000024 9.10000212 39.25000024 9.40000152 0 P 0
L 39.25000024 15.10000282 39.25000024 15.40000222 0 P 0
L 39.25000024 16.60000236 39.25000024 16.90000176 0 P 0
L 39.25000024 18.1000019 39.25000024 18.4000013 0 P 0
L 39.25000024 19.60000144 39.25000024 19.90000084 0 P 0
L 39.25000024 21.10000098 39.25000024 21.40000038 0 P 0
L 39.25700302 10.60000166 39.25700302 10.90000106 0 P 0
L 39.25700302 12.1000012 39.25700302 12.4000006 0 P 0
L 39.25700302 13.60000074 39.25700302 13.90000014 0 P 0
