UNITS=MM
#Layer_Color=32768
#
#Feature symbol names
#
$0 r49.9999
$1 r99.9998

#
#Feature attribute names
#
@0 .nomenclature
@1 .string
@2 .string_angle

#
#Feature attribute text strings
#
&0 U1

#
#Layer features
#
L 0.3499993 17.69999762 0.3499993 19.8999983 0 P 0
L 0.3499993 17.69999762 1.64999924 17.69999762 0 P 0
L 0.3499993 19.8999983 1.64999924 19.8999983 0 P 0
L 0.49000156 -6.02000066 0.49000156 5.2449984 0 P 0
L 0.49000156 -6.02000066 21.51000016 -6.02000066 0 P 0
L 0.49000156 5.2449984 21.51000016 5.2449984 0 P 0
L 0.499999 18.79999796 1.49999954 18.79999796 1 P 0
L 0.8900033 29.20200154 0.8900033 36.20200024 0 P 0
L 0.8900033 29.20200154 7.890002 29.20200154 0 P 0
L 0.8900033 36.20200024 7.890002 36.20200024 0 P 0
L 1.00000054 18.29999896 1.00000054 19.29999696 1 P 0
L 1.20000014 13.62499942 1.20000014 16.40000022 0 P 0
L 1.20000014 13.62499942 5.8000011 13.62499942 0 P 0
L 1.20000014 16.40000022 5.8000011 16.40000022 0 P 0
L 1.43999966 25.02499694 1.43999966 27.22499508 0 P 0
L 1.43999966 25.02499694 2.6399998 25.02499694 0 P 0
L 1.43999966 27.22499508 2.6399998 27.22499508 0 P 0
L 1.44999964 16.59999982 1.44999964 17.39999822 0 P 0
L 1.44999964 16.59999982 2.90000182 16.59999982 0 P 0
L 1.44999964 17.39999822 2.90000182 17.39999822 0 P 0
L 1.64999924 17.69999762 1.64999924 19.8999983 0 P 0
L 1.76500028 26.12499728 2.31499918 26.12499728 1 P 0
L 1.90000128 16.99999902 2.5250013 16.99999902 0 P 0
L 1.99999854 18.29999896 1.99999854 19.90000084 0 P 0
L 1.99999854 18.29999896 2.79999948 18.29999896 0 P 0
L 1.99999854 19.90000084 2.79999948 19.90000084 0 P 0
L 2.040001 25.84999656 2.040001 26.39999546 1 P 0
L 2.10000088 19.0999999 2.69999968 19.0999999 0 P 0
L 2.20000068 16.67504158 2.20000068 17.27504038 0 P 0
L 2.40000028 18.8000005 2.40000028 19.3999993 0 P 0
L 2.6399998 25.02499694 2.6399998 27.22499508 0 P 0
L 2.73999706 25.6499995 2.73999706 27.52499956 0 P 0
L 2.73999706 25.6499995 6.73999922 25.6499995 0 P 0
L 2.73999706 27.52499956 6.73999922 27.52499956 0 P 0
L 2.79999948 18.29999896 2.79999948 19.90000084 0 P 0
L 2.90000182 16.59999982 2.90000182 17.39999822 0 P 0
L 2.99999908 18.29999896 2.99999908 19.90000084 0 P 0
L 2.99999908 18.29999896 3.80000002 18.29999896 0 P 0
L 2.99999908 19.90000084 3.80000002 19.90000084 0 P 0
L 3.00000162 15.00000048 3.99999962 15.00000048 0 P 0
L 3.10000142 19.0999999 3.70000022 19.0999999 0 P 0
L 3.40000082 18.8000005 3.40000082 19.3999993 0 P 0
L 3.50000062 14.50000148 3.50000062 15.49999948 0 P 0
L 3.80000002 18.29999896 3.80000002 19.90000084 0 P 0
L 3.89000492 32.70199962 4.89000292 32.70199962 0 P 0
L 3.99999962 18.29999896 3.99999962 19.90000084 0 P 0
L 3.99999962 18.29999896 4.80000056 18.29999896 0 P 0
L 3.99999962 19.90000084 4.80000056 19.90000084 0 P 0
L 4.09999942 19.0999999 4.69999822 19.0999999 0 P 0
L 4.23999914 26.57499892 5.23999968 26.57499892 0 P 0
L 4.39000392 32.20200062 4.39000392 33.20199862 0 P 0
L 4.39999882 18.8000005 4.39999882 19.3999993 0 P 0
L 4.49000372 32.96861326 4.65661756 32.80199942 1 P 0 ;0,1=0,2=0.000000
L 4.49000372 33.80167738 4.49000372 32.96861326 1 P 0 ;0,1=0,2=0.000000
L 4.65661756 32.80199942 4.9898427 32.80199942 1 P 0 ;0,1=0,2=0.000000
L 4.73999814 26.07499738 4.73999814 27.07499792 0 P 0
L 4.80000056 18.29999896 4.80000056 19.90000084 0 P 0
L 4.9898427 32.80199942 5.156454 32.96861326 1 P 0 ;0,1=0,2=0.000000
L 5.156454 32.96861326 5.156454 33.80167738 1 P 0 ;0,1=0,2=0.000000
L 5.48968168 32.80199942 5.82290682 32.80199942 1 P 0 ;0,1=0,2=0.000000
L 5.65629552 32.80199942 5.65629552 33.80167738 1 P 0 ;0,1=0,2=0.000000
L 5.65629552 33.80167738 5.48968168 33.63506354 1 P 0 ;0,1=0,2=0.000000
L 5.8000011 13.62499942 5.8000011 16.40000022 0 P 0
L 5.82290682 32.80199942 5.65629552 32.80199942 1 P 0 ;0,1=0,2=0.000000
L 6.0500006 17.7000027 6.0500006 19.90000338 0 P 0
L 6.0500006 17.7000027 7.35000054 17.7000027 0 P 0
L 6.0500006 19.90000338 7.35000054 19.90000338 0 P 0
L 6.2000003 18.80000304 7.20000084 18.80000304 1 P 0
L 6.6999993 18.30000404 6.6999993 19.30000204 1 P 0
L 6.73999922 25.6499995 6.73999922 27.52499956 0 P 0
L 6.83999902 25.02499694 6.83999902 27.22499508 0 P 0
L 6.83999902 25.02499694 8.03999916 25.02499694 0 P 0
L 6.83999902 27.22499508 8.03999916 27.22499508 0 P 0
L 7.16499964 26.12499728 7.71499854 26.12499728 1 P 0
L 7.35000054 17.7000027 7.35000054 19.90000338 0 P 0
L 7.44000036 25.84999656 7.44000036 26.39999546 1 P 0
L 7.890002 29.20200154 7.890002 36.20200024 0 P 0
L 8.03999916 25.02499694 8.03999916 27.22499508 0 P 0
L 8.69999784 18.29999896 8.69999784 19.90000084 0 P 0
L 8.69999784 18.29999896 9.49999878 18.29999896 0 P 0
L 8.69999784 19.90000084 9.49999878 19.90000084 0 P 0
L 8.80000018 19.0999999 9.39999898 19.0999999 0 P 0
L 9.09999958 18.8000005 9.09999958 19.3999993 0 P 0
L 9.29500046 13.91299986 9.29500046 16.31300014 0 P 0
L 9.29500046 13.91299986 12.29499954 13.91299986 0 P 0
L 9.29500046 16.31300014 12.29499954 16.31300014 0 P 0
L 9.49999878 18.29999896 9.49999878 19.90000084 0 P 0
L 9.69999838 18.29999896 9.69999838 19.90000084 0 P 0
L 9.69999838 18.29999896 10.49999932 18.29999896 0 P 0
L 9.69999838 19.90000084 10.49999932 19.90000084 0 P 0
L 9.80000072 19.0999999 10.39999952 19.0999999 0 P 0
L 10.10000012 18.8000005 10.10000012 19.3999993 0 P 0
L 10.295001 15.113 11.294999 15.113 0 P 0
L 10.49999932 18.29999896 10.49999932 19.90000084 0 P 0
L 10.50000186 1.44999964 11.49999986 1.44999964 0 P 0
L 10.69999892 18.29999896 10.69999892 19.90000084 0 P 0
L 10.69999892 18.29999896 11.49999986 18.29999896 0 P 0
L 10.69999892 19.90000084 11.49999986 19.90000084 0 P 0
L 10.795 14.613001 10.795 15.612999 0 P 0
L 10.80000126 19.0999999 11.40000006 19.0999999 0 P 0
L 11.00000086 0.95000064 11.00000086 1.94999864 0 P 0
L 11.10000066 18.8000005 11.10000066 19.3999993 0 P 0
L 11.49999986 18.29999896 11.49999986 19.90000084 0 P 0
L 11.69999946 18.29999896 11.69999946 19.90000084 0 P 0
L 11.69999946 18.29999896 12.5000004 18.29999896 0 P 0
L 11.69999946 19.90000084 12.5000004 19.90000084 0 P 0
L 11.8000018 19.0999999 12.4000006 19.0999999 0 P 0
L 12.1000012 18.8000005 12.1000012 19.3999993 0 P 0
L 12.29499954 13.91299986 12.29499954 16.31300014 0 P 0
L 12.5000004 18.29999896 12.5000004 19.90000084 0 P 0
L 12.69999746 18.29999896 12.69999746 19.90000084 0 P 0
L 12.69999746 18.29999896 13.4999984 18.29999896 0 P 0
L 12.69999746 19.90000084 13.4999984 19.90000084 0 P 0
L 12.7999998 19.0999999 13.3999986 19.0999999 0 P 0
L 13.0999992 18.8000005 13.0999992 19.3999993 0 P 0
L 13.4999984 18.29999896 13.4999984 19.90000084 0 P 0
L 13.699998 18.29999896 13.699998 19.90000084 0 P 0
L 13.699998 18.29999896 14.49999894 18.29999896 0 P 0
L 13.699998 19.90000084 14.49999894 19.90000084 0 P 0
L 13.80000034 19.0999999 14.39999914 19.0999999 0 P 0
L 14.09999974 18.8000005 14.09999974 19.3999993 0 P 0
L 14.49999894 18.29999896 14.49999894 19.90000084 0 P 0
L 14.79999834 18.29999896 14.79999834 19.90000084 0 P 0
L 14.79999834 18.29999896 15.59999928 18.29999896 0 P 0
L 14.79999834 19.90000084 15.59999928 19.90000084 0 P 0
L 14.90000068 19.0999999 15.49999948 19.0999999 0 P 0
L 15.20000008 18.8000005 15.20000008 19.3999993 0 P 0
L 15.59999928 18.29999896 15.59999928 19.90000084 0 P 0
L 15.79999888 18.29999896 15.79999888 19.90000084 0 P 0
L 15.79999888 18.29999896 16.59999982 18.29999896 0 P 0
L 15.79999888 19.90000084 16.59999982 19.90000084 0 P 0
L 15.90000122 19.0999999 16.50000002 19.0999999 0 P 0
L 16.20000062 13.62499942 16.20000062 16.40000022 0 P 0
L 16.20000062 13.62499942 20.80000158 13.62499942 0 P 0
L 16.20000062 16.40000022 20.80000158 16.40000022 0 P 0
L 16.20000062 18.8000005 16.20000062 19.3999993 0 P 0
L 16.45000012 16.59999982 16.45000012 17.39999822 0 P 0
L 16.45000012 16.59999982 17.9000023 16.59999982 0 P 0
L 16.45000012 17.39999822 17.9000023 17.39999822 0 P 0
L 16.59999982 18.29999896 16.59999982 19.90000084 0 P 0
L 16.79999942 18.29999896 16.79999942 19.90000084 0 P 0
L 16.79999942 18.29999896 17.60000036 18.29999896 0 P 0
L 16.79999942 19.90000084 17.60000036 19.90000084 0 P 0
L 16.90000176 16.99999902 17.52500178 16.99999902 0 P 0
L 16.90000176 19.0999999 17.50000056 19.0999999 0 P 0
L 17.20000116 16.67504158 17.20000116 17.27504038 0 P 0
L 17.20000116 18.8000005 17.20000116 19.3999993 0 P 0
L 17.60000036 18.29999896 17.60000036 19.90000084 0 P 0
L 17.9000023 16.59999982 17.9000023 17.39999822 0 P 0
L 18.0000021 15.00000048 19.0000001 15.00000048 0 P 0
L 18.5000011 14.50000148 18.5000011 15.49999948 0 P 0
L 18.59999836 18.29999896 18.59999836 19.90000084 0 P 0
L 18.59999836 18.29999896 19.3999993 18.29999896 0 P 0
L 18.59999836 19.90000084 19.3999993 19.90000084 0 P 0
L 18.69999816 19.0999999 19.29999696 19.0999999 0 P 0
L 18.99999756 18.8000005 18.99999756 19.3999993 0 P 0
L 19.3999993 18.29999896 19.3999993 19.90000084 0 P 0
L 19.5999989 18.29999896 19.5999989 19.90000084 0 P 0
L 19.5999989 18.29999896 20.39999984 18.29999896 0 P 0
L 19.5999989 19.90000084 20.39999984 19.90000084 0 P 0
L 19.6999987 19.0999999 20.2999975 19.0999999 0 P 0
L 19.9999981 18.8000005 19.9999981 19.3999993 0 P 0
L 20.39999984 18.29999896 20.39999984 19.90000084 0 P 0
L 20.80000158 13.62499942 20.80000158 16.40000022 0 P 0
L 21.51000016 -6.02000066 21.51000016 5.2449984 0 P 0
