UNITS=MM
#Layer_Color=32768
#
#Feature symbol names
#
$0 r49.9999
$1 r99.9998

#
#Feature attribute names
#
@0 .nomenclature
@1 .string
@2 .string_angle

#
#Feature attribute text strings
#
&0 U1

#
#Layer features
#
L 5.69999876 8.15000148 5.69999876 10.92500228 0 P 0
L 5.69999876 8.15000148 10.29999972 8.15000148 0 P 0
L 5.69999876 10.92500228 10.29999972 10.92500228 0 P 0
L 7.50000024 9.55000122 8.49999824 9.55000122 0 P 0
L 7.99999924 9.05000222 7.99999924 10.05000022 0 P 0
L 9.49000134 -6.07000056 9.49000134 5.1949985 0 P 0
L 9.49000134 -6.07000056 30.50999994 -6.07000056 0 P 0
L 9.49000134 5.1949985 30.50999994 5.1949985 0 P 0
L 10.29999972 8.15000148 10.29999972 10.92500228 0 P 0
L 10.65000156 9.22499806 10.65000156 10.67500024 0 P 0
L 10.65000156 9.22499806 11.44999996 9.22499806 0 P 0
L 10.65000156 10.67500024 11.44999996 10.67500024 0 P 0
L 10.7749594 9.9749991 11.3749582 9.9749991 0 P 0
L 11.05000076 9.6749997 11.05000076 10.29999972 0 P 0
L 11.44999996 9.22499806 11.44999996 10.67500024 0 P 0
L 12.09999866 7.97500056 12.09999866 8.97499856 0 P 0
L 12.09999866 7.97500056 13.9999974 7.97500056 0 P 0
L 12.09999866 8.97499856 13.9999974 8.97499856 0 P 0
L 12.09999866 13.199999 12.09999866 14.199997 0 P 0
L 12.09999866 13.199999 13.9999974 13.199999 0 P 0
L 12.09999866 14.199997 13.9999974 14.199997 0 P 0
L 12.57499898 9.09999704 12.57499898 13.0999992 0 P 0
L 12.57499898 9.09999704 14.44999904 9.09999704 0 P 0
L 12.57499898 13.0999992 14.44999904 13.0999992 0 P 0
L 12.74999736 8.47499956 13.3499987 8.47499956 0 P 0
L 12.74999736 13.699998 13.3499987 13.699998 0 P 0
L 12.99999686 11.09999812 13.9999974 11.09999812 0 P 0
L 13.0499993 8.17500016 13.0499993 8.77499896 0 P 0
L 13.0499993 13.3999986 13.0499993 13.9999974 0 P 0
L 13.4999984 10.59999658 13.4999984 11.59999712 0 P 0
L 13.9999974 7.97500056 13.9999974 8.97499856 0 P 0
L 13.9999974 13.199999 13.9999974 14.199997 0 P 0
L 14.44999904 9.09999704 14.44999904 13.0999992 0 P 0
L 14.60000128 6.5999995 14.60000128 22.19999878 0 P 0
L 14.60000128 6.5999995 25.4 6.5999995 0 P 0
L 14.60000128 22.19999878 25.4 22.19999878 0 P 0
L 14.77499966 5.6000015 14.77499966 6.5999995 0 P 0
L 14.77499966 5.6000015 16.6749984 5.6000015 0 P 0
L 14.77499966 6.5999995 16.6749984 6.5999995 0 P 0
L 15.42499836 6.1000005 16.0249997 6.1000005 0 P 0
L 15.7250003 5.8000011 15.7250003 6.3999999 0 P 0
L 16.6749984 5.6000015 16.6749984 6.5999995 0 P 0
L 19.50000164 1.39999974 20.49999964 1.39999974 0 P 0
L 19.50000164 14.39999914 20.49999964 14.39999914 0 P 0
L 20.00000064 0.90000074 20.00000064 1.89999874 0 P 0
L 20.00000064 13.90000014 20.00000064 14.89999814 0 P 0
L 20.05000308 5.6000015 20.05000308 6.5999995 0 P 0
L 20.05000308 5.6000015 21.95000182 5.6000015 0 P 0
L 20.05000308 6.5999995 21.95000182 6.5999995 0 P 0
L 20.10000044 14.66661278 20.26661428 14.49999894 1 P 0 ;0,1=0,2=0.000000
L 20.10000044 15.4996769 20.10000044 14.66661278 1 P 0 ;0,1=0,2=0.000000
L 20.26661428 14.49999894 20.59983942 14.49999894 1 P 0 ;0,1=0,2=0.000000
L 20.59983942 14.49999894 20.76645072 14.66661278 1 P 0 ;0,1=0,2=0.000000
L 20.70000178 6.1000005 21.30000312 6.1000005 0 P 0
L 20.76645072 14.66661278 20.76645072 15.4996769 1 P 0 ;0,1=0,2=0.000000
L 21.00000118 5.8000011 21.00000118 6.3999999 0 P 0
L 21.0996784 14.49999894 21.43290354 14.49999894 1 P 0 ;0,1=0,2=0.000000
L 21.26629224 14.49999894 21.26629224 15.4996769 1 P 0 ;0,1=0,2=0.000000
L 21.26629224 15.4996769 21.0996784 15.33306306 1 P 0 ;0,1=0,2=0.000000
L 21.43290354 14.49999894 21.26629224 14.49999894 1 P 0 ;0,1=0,2=0.000000
L 21.95000182 5.6000015 21.95000182 6.5999995 0 P 0
L 25.4 6.5999995 25.4 22.19999878 0 P 0
L 26.65000004 13.2999988 26.65000004 14.09999974 0 P 0
L 26.65000004 13.2999988 28.25000192 13.2999988 0 P 0
L 26.65000004 14.09999974 28.25000192 14.09999974 0 P 0
L 26.65000004 14.39999914 26.65000004 15.20000008 0 P 0
L 26.65000004 14.39999914 28.25000192 14.39999914 0 P 0
L 26.65000004 15.20000008 28.25000192 15.20000008 0 P 0
L 27.15000158 13.70000054 27.75000038 13.70000054 0 P 0
L 27.15000158 14.80000088 27.75000038 14.80000088 0 P 0
L 27.45000098 13.40000114 27.45000098 13.99999994 0 P 0
L 27.45000098 14.50000148 27.45000098 15.10000028 0 P 0
L 28.24999938 13.0499993 28.24999938 15.44999958 0 P 0
L 28.24999938 13.0499993 31.24999846 13.0499993 0 P 0
L 28.24999938 15.44999958 31.24999846 15.44999958 0 P 0
L 28.25000192 13.2999988 28.25000192 14.09999974 0 P 0
L 28.25000192 14.39999914 28.25000192 15.20000008 0 P 0
L 28.3250005 9.22499806 28.3250005 10.67500024 0 P 0
L 28.3250005 9.22499806 29.1249989 9.22499806 0 P 0
L 28.3250005 10.67500024 29.1249989 10.67500024 0 P 0
L 28.44995834 9.9749991 29.04995714 9.9749991 0 P 0
L 28.7249997 9.6749997 28.7249997 10.29999972 0 P 0
L 29.1249989 9.22499806 29.1249989 10.67500024 0 P 0
L 29.24999992 14.24999944 30.24999792 14.24999944 0 P 0
L 29.69999902 8.17500016 29.69999902 10.95000096 0 P 0
L 29.69999902 8.17500016 34.29999998 8.17500016 0 P 0
L 29.69999902 10.95000096 34.29999998 10.95000096 0 P 0
L 29.74999892 13.75000044 29.74999892 14.74999844 0 P 0
L 30.50999994 -6.07000056 30.50999994 5.1949985 0 P 0
L 31.24999846 13.0499993 31.24999846 15.44999958 0 P 0
L 31.24999846 14.40000168 31.24999846 15.20000262 0 P 0
L 31.24999846 14.40000168 32.85000034 14.40000168 0 P 0
L 31.24999846 15.20000262 32.85000034 15.20000262 0 P 0
L 31.5000005 9.55000122 32.4999985 9.55000122 0 P 0
L 31.75 14.80000088 32.3499988 14.80000088 0 P 0
L 31.9999995 9.05000222 31.9999995 10.05000022 0 P 0
L 32.0499994 14.50000148 32.0499994 15.10000028 0 P 0
L 32.85000034 14.40000168 32.85000034 15.20000262 0 P 0
L 34.29999998 8.17500016 34.29999998 10.95000096 0 P 0
