UNITS=MM
#Layer_Color=16711935
#
#Feature symbol names
#
$0 r49.9999
$1 r99.9998

#
#Feature attribute names
#

#
#Layer features
#
A 3.38900008 2.50000008 3.38900008 2.50000008 2.50000008 2.50000008 0 P 0 N
A 38.3890012 2.50000008 38.3890012 2.50000008 37.5000012 2.50000008 0 P 0 N
L 5.99999816 8.30000118 5.99999816 10.80000126 0 P 0
L 5.99999816 8.30000118 7.1499984 8.30000118 0 P 0
L 5.99999816 10.80000126 10.00000032 10.80000126 0 P 0
L 7.1499984 8.30000118 8.84982736 8.30008754 0 P 0
L 8.84982736 8.30008754 8.85000008 8.30000118 0 P 0
L 8.85000008 8.30000118 10.00000032 8.30000118 0 P 0
L 9.84000064 0.12999974 9.84000064 2.66999974 1 P 0
L 9.84000064 0.12999974 30.16000064 0.12999974 1 P 0
L 9.84000064 2.66999974 30.16000064 2.66999974 1 P 0
L 10.00000032 8.30000118 10.00000032 10.80000126 0 P 0
L 10.75001406 9.57507864 10.75001406 10.37507958 0 P 0
L 10.75001406 9.57507864 11.35000524 9.57507864 0 P 0
L 10.75001406 10.37507958 11.35000524 10.37507958 0 P 0
L 11.35000524 9.57507864 11.35000524 10.37507958 0 P 0
L 12.49999786 8.17500016 12.49999786 8.77499896 0 P 0
L 12.49999786 8.17500016 13.5999982 8.17500016 0 P 0
L 12.49999786 8.77499896 13.5999982 8.77499896 0 P 0
L 12.49999786 13.3999986 12.49999786 13.9999974 0 P 0
L 12.49999786 13.3999986 13.5999982 13.3999986 0 P 0
L 12.49999786 13.9999974 13.5999982 13.9999974 0 P 0
L 12.69999746 9.44999634 12.69999746 12.74999736 0 P 0
L 12.69999746 9.44999634 14.2999968 9.44999634 0 P 0
L 12.69999746 12.74999736 14.2999968 12.74999736 0 P 0
L 13.5999982 8.17500016 13.5999982 8.77499896 0 P 0
L 13.5999982 13.3999986 13.5999982 13.9999974 0 P 0
L 14.2999968 9.44999634 14.2999968 12.74999736 0 P 0
L 14.90000068 6.8999989 14.90000068 21.89999938 0 P 0
L 14.90000068 6.8999989 25.1000006 6.8999989 0 P 0
L 14.90000068 21.89999938 25.1000006 21.89999938 0 P 0
L 15.17499886 5.8000011 15.17499886 6.3999999 0 P 0
L 15.17499886 5.8000011 16.2749992 5.8000011 0 P 0
L 15.17499886 6.3999999 16.2749992 6.3999999 0 P 0
L 16.2749992 5.8000011 16.2749992 6.3999999 0 P 0
L 20.45000228 5.8000011 20.45000228 6.3999999 0 P 0
L 20.45000228 5.8000011 21.55000262 5.8000011 0 P 0
L 20.45000228 6.3999999 21.55000262 6.3999999 0 P 0
L 21.55000262 5.8000011 21.55000262 6.3999999 0 P 0
L 25.1000006 6.8999989 25.1000006 21.89999938 0 P 0
L 26.89999954 13.40000114 26.89999954 13.99999994 0 P 0
L 26.89999954 13.40000114 27.99999988 13.40000114 0 P 0
L 26.89999954 13.99999994 27.99999988 13.99999994 0 P 0
L 26.89999954 14.50000148 26.89999954 15.10000028 0 P 0
L 26.89999954 14.50000148 27.99999988 14.50000148 0 P 0
L 26.89999954 15.10000028 27.99999988 15.10000028 0 P 0
L 27.99999988 13.40000114 27.99999988 13.99999994 0 P 0
L 27.99999988 14.50000148 27.99999988 15.10000028 0 P 0
L 28.425013 9.57507864 28.425013 10.37507958 0 P 0
L 28.425013 9.57507864 29.02500418 9.57507864 0 P 0
L 28.425013 10.37507958 29.02500418 10.37507958 0 P 0
L 28.69999848 13.199999 28.69999848 15.29999988 0 P 0
L 28.69999848 13.199999 30.79999936 13.199999 0 P 0
L 28.69999848 15.29999988 30.79999936 15.29999988 0 P 0
L 29.02500418 9.57507864 29.02500418 10.37507958 0 P 0
L 29.99999842 8.30000118 29.99999842 10.80000126 0 P 0
L 29.99999842 8.30000118 34.00000058 8.30000118 0 P 0
L 29.99999842 10.80000126 31.14999866 10.80000126 0 P 0
L 30.16000064 0.12999974 30.16000064 2.66999974 1 P 0
L 30.79999936 13.199999 30.79999936 15.29999988 0 P 0
L 31.14999866 10.80000126 31.15017138 10.7999149 0 P 0
L 31.15017138 10.7999149 32.85000034 10.80000126 0 P 0
L 31.5000005 14.50000148 31.5000005 15.10000028 0 P 0
L 31.5000005 14.50000148 32.60000084 14.50000148 0 P 0
L 31.5000005 15.10000028 32.60000084 15.10000028 0 P 0
L 32.60000084 14.50000148 32.60000084 15.10000028 0 P 0
L 32.85000034 10.80000126 34.00000058 10.80000126 0 P 0
L 34.00000058 8.30000118 34.00000058 10.80000126 0 P 0
